duplication	10:244001-269000	25000	inf	0.00174209	85.5625	0.00696443	342.25	1
duplication	10:873001-888000	15000	inf	0.0219017	318.422	0.209629	2693.65	1
duplication	10:2195001-2216000	21000	inf	0.0311022	0.526007	0.0905374	4.44968	1
duplication	10:4715001-4739000	24000	inf	0.000598567	0.0213789	0.0041174	0.180852	1
duplication	10:4849001-4867000	18000	inf	0.0195205	12.9419	0.105799	109.48	1
duplication	10:5371001-5389000	18000	inf	0.00183244	12.9419	0.0137533	109.48	1
duplication	10:8284001-8296000	12000	inf	0.0381982	7834.46	0.451246	66274.5	1
duplication	10:8724001-8742000	18000	inf	0.041977	12.9419	0.187763	109.48	1
duplication	10:9955001-9972000	17000	inf	0.00310331	37.6414	0.0206315	318.422	1
duplication	10:13177001-13201000	24000	inf	0.00341393	171.125	0.0187718	684.5	1
duplication	10:15876001-15902000	26000	inf	7.9742e-06	0.00252725	8.36472e-05	0.0213789	1
duplication	10:16168001-16183000	15000	inf	0.0198568	318.422	0.296467	2693.65	1
duplication	10:16967001-16983000	16000	inf	0.0160482	109.48	0.26225	926.13	1
duplication	10:17023001-17041000	18000	inf	0.0220212	12.9419	0.284428	109.48	1
duplication	10:19542001-19558000	16000	inf	0.0337138	109.48	0.188454	926.13	1
duplication	10:20939001-20963000	24000	inf	0.00473909	0.0213789	0.0196989	0.180852	1
duplication	10:21496001-21511000	15000	inf	0.0244553	318.422	0.0472263	2693.65	1
duplication	10:23095001-23109000	14000	inf	0.0436854	926.13	0.166576	7834.46	1
duplication	10:23857001-23878000	21000	inf	0.0002256	0.526007	0.000898459	4.44968	1
duplication	10:24522001-24543000	21000	inf	0.00892514	1369	0.0595939	5476	1
duplication	10:24985001-25006000	21000	inf	0.000472588	0.526007	0.00337344	4.44968	1
duplication	10:25568001-25589000	21000	inf	0.0134532	0.526007	0.0235991	4.44968	1
duplication	10:25747001-25767000	20000	inf	0.000738651	1.52989	0.00828239	12.9419	1
duplication	10:26325001-26338000	13000	inf	0.0356813	2693.65	0.743082	22786.5	1
duplication	10:26609001-26633000	24000	inf	0.000259815	0.0213789	0.0022181	0.180852	1
duplication	10:27565001-27585000	20000	inf	0.0010695	1.52989	0.0166497	12.9419	1
duplication	10:28097001-28121000	24000	inf	0.00223303	0.0213789	0.0182881	0.180852	1
duplication	10:28319001-28334000	15000	inf	0.0206315	318.422	0.117335	2693.65	1
duplication	10:29238001-29255000	17000	inf	0.0101167	37.6414	0.0244553	318.422	1
duplication	10:30912001-30936000	24000	inf	0.0275784	171.125	0.11038	684.5	1
duplication	10:32592001-32613000	21000	inf	0.0113994	0.526007	0.0560395	4.44968	1
duplication	10:32717001-32730000	13000	inf	0.0160778	2693.65	0.338297	22786.5	1
duplication	10:33014001-33057000	43000	inf	1.25052e-08	0.000326395	5.54072e-08	0.00130558	1
duplication	10:33466001-33478000	12000	inf	0.0495822	7834.46	0.649842	66274.5	1
duplication	10:35804001-35820000	16000	inf	0.00791293	109.48	0.0957657	926.13	1
duplication	10:36988001-37009000	21000	inf	0.039112	0.526007	0.231986	4.44968	1
duplication	10:42386001-43288000	902000	inf	0.0499464	8.49136e-263	0.0739749	3.39654e-262	1
duplication	10:47089001-47110000	21000	inf	0.0210952	0.526007	0.023425	4.44968	1
duplication	10:49518001-49536000	18000	inf	0.031238	12.9419	0.154135	109.48	1
duplication	10:51532001-51550000	18000	inf	0.0467336	12.9419	0.220781	109.48	1
duplication	10:53272001-53282000	10000	inf	0.00128752	66274.5	179438	11136.8	1
duplication	10:53762001-53781000	19000	inf	0.0310747	4.44968	0.179284	37.6414	1
duplication	10:55434001-55458000	24000	inf	0.033502	0.0213789	0.275077	0.180852	1
duplication	10:56582001-56597000	15000	inf	0.0219017	318.422	0.203198	2693.65	1
duplication	10:56859001-56879000	20000	inf	0.0107438	1.52989	0.0183881	12.9419	1
duplication	10:60057001-60094000	37000	inf	1.33563e-07	2.00582e-08	1.36623e-07	1.6968e-07	1
duplication	10:60372001-60386000	14000	inf	0.0394679	926.13	0.331742	7834.46	1
duplication	10:61027001-61039000	12000	inf	0.0391184	7834.46	0.128905	66274.5	1
duplication	10:61119001-61140000	21000	inf	0.012777	0.526007	0.0637431	4.44968	1
duplication	10:61292001-61311000	19000	inf	0.0282151	5476	0.215283	21904	1
duplication	10:61666001-61684000	18000	inf	0.0195205	12.9419	0.0613076	109.48	1
duplication	10:63225001-63240000	15000	inf	0.0278271	318.422	0.0847191	2693.65	1
duplication	10:65006001-65028000	22000	inf	0.00395491	0.180852	0.0323615	1.52989	1
duplication	10:66160001-66170000	10000	inf	0.025567	66274.5	1.57966	560640	1
duplication	10:68898001-68925000	27000	inf	5.48437e-06	0.000868919	5.91402e-05	0.0073505	1
duplication	10:69586001-69618000	32000	inf	0.0082528	0.668457	0.0258933	2.67383	1
duplication	10:74479001-74493000	14000	inf	0.0449329	926.13	0.115172	7834.46	1
duplication	10:74733001-74745000	12000	inf	0.0363831	7834.46	0.0269781	66274.5	1
duplication	10:77186001-77210000	24000	inf	0.0104937	0.0213789	0.042313	0.180852	1
duplication	10:78307001-78324000	17000	inf	0.00292047	37.6414	0.0151667	318.422	1
duplication	10:82249001-82265000	16000	inf	0.0234367	109.48	0.171532	926.13	1
duplication	10:84162001-84180000	18000	inf	0.00183824	12.9419	0.0171164	109.48	1
duplication	10:84224001-84243000	19000	inf	0.000531506	4.44968	0.00863965	37.6414	1
duplication	10:84552001-84574000	22000	inf	0.000217031	0.180852	0.000905596	1.52989	1
duplication	10:87543001-87559000	16000	inf	0.019052	109.48	0.253827	926.13	1
duplication	10:89160001-89187000	27000	inf	0.00891913	21.3906	0.0377398	85.5625	1
duplication	10:90390001-90407000	17000	inf	0.00226113	37.6414	0.0228148	318.422	1
duplication	10:90986001-91008000	22000	inf	0.000423001	0.180852	0.00361929	1.52989	1
duplication	10:92827001-92846000	19000	inf	0.000835011	4.44968	0.0121091	37.6414	1
duplication	10:93142001-93167000	25000	inf	0.00325748	85.5625	0.0179711	342.25	1
duplication	10:93584001-93606000	22000	inf	0.00137107	0.180852	0.0127255	1.52989	1
duplication	10:94870001-94890000	20000	inf	0.000967043	2738	0.0033588	10952	1
duplication	10:95630001-95651000	21000	inf	0.000873746	0.526007	0.0081243	4.44968	1
duplication	10:97005001-97035000	30000	inf	5.12893e-07	3.53162e-05	4.55511e-06	0.000298752	1
duplication	10:97783001-97799000	16000	inf	0.0329036	109.48	0.179225	926.13	1
duplication	10:101911001-101942000	31000	inf	1.40968e-05	1.33691	0.000140795	5.34765	1
duplication	10:106597001-106620000	23000	inf	0.0477677	342.25	0.0791182	1369	1
duplication	10:107498001-107513000	15000	inf	0.0139162	318.422	0.16987	2693.65	1
duplication	10:110772001-110786000	14000	inf	0.0449329	926.13	0.627387	7834.46	1
duplication	10:110820001-110848000	28000	inf	0.0418489	10.6953	0.145862	42.7812	1
duplication	10:112343001-112363000	20000	inf	0.000967043	2738	0.0033588	10952	1
duplication	10:112640001-112662000	22000	inf	0.0434986	0.180852	0.237064	1.52989	1
duplication	10:113651001-113677000	26000	inf	0.000535441	42.7812	0.000965004	171.125	1
duplication	10:114087001-114105000	18000	inf	0.0014155	12.9419	0.0251257	109.48	1
duplication	10:116616001-116630000	14000	inf	0.00283086	926.13	0.00519437	21.9342	1
duplication	10:117383001-117392000	9000	inf	0.0146475	192759	1.66925	1.63062e+06	1
duplication	10:118591001-118609000	18000	inf	0.0408306	12.9419	0.220781	109.48	1
duplication	10:119521001-119537000	16000	inf	0.00935353	109.48	0.0590563	926.13	1
duplication	10:120120001-120144000	24000	inf	0.013025	0.0213789	0.113888	0.180852	1
duplication	10:122361001-122383000	22000	inf	0.03998	0.180852	0.120213	1.52989	1
duplication	10:123803001-123820000	17000	inf	0.0113187	37.6414	0.0419598	318.422	1
duplication	10:124322001-124346000	24000	inf	0.00625781	171.125	0.0272904	684.5	1
duplication	10:124867001-124881000	14000	inf	0.0258787	926.13	0.165244	7834.46	1
duplication	10:124981001-124994000	13000	inf	0.0290291	2693.65	0.197262	22786.5	1
duplication	10:127574001-127597000	23000	inf	0.0209254	0.0621805	0.0429165	1.79242e-05	1
duplication	10:128576001-128775000	199000	inf	0.0433729	3.57326e-51	0.106931	1.4293e-50	1
duplication	10:129466001-129482000	16000	inf	0.0381055	109.48	0.402167	926.13	1
duplication	10:129499001-129515000	16000	inf	0.00128935	109.48	0.022661	926.13	1
duplication	10:130126001-130264000	138000	inf	0.0437724	8.23937e-33	0.0800889	3.29575e-32	1
duplication	10:135298001-135503000	205000	inf	0.0448818	5.58321e-53	0.0596301	2.23328e-52	1
