duplication	16:55001-100000	45000	inf	0.048947	8.15987e-05	0.101058	0.000326395	1
duplication	16:2118001-2268000	150000	inf	0.0398372	2.01156e-36	0.068058	8.04626e-36	1
duplication	16:7523001-7539000	16000	inf	0.00038783	31.4464	0.00790163	310.906	1
duplication	16:9369001-9387000	18000	inf	0.000601124	3.18063	0.00982235	31.4464	1
duplication	16:10030001-10049000	19000	inf	0.0054966	1.01154	0.0225517	10.001	1
duplication	16:10215001-10230000	15000	inf	0.0206315	98.8781	0.334794	977.593	1
duplication	16:10543001-10564000	21000	inf	0.00273194	0.102312	0.015712	1.01154	1
duplication	16:15034001-15066000	32000	inf	3.42089e-06	3.44437e-07	2.10469e-05	3.40539e-06	1
duplication	16:16632001-16653000	21000	inf	0.00109538	0.102312	0.0064538	1.01154	1
duplication	16:16942001-16960000	18000	inf	0.020015	3.18063	0.115406	31.4464	1
duplication	16:18364001-18380000	16000	inf	0.0343545	31.4464	0.125236	310.906	1
duplication	16:20239001-20259000	20000	inf	0.020885	2738	0.18689	10952	1
duplication	16:22074001-22091000	17000	inf	0.0139967	10.001	0.0748267	98.8781	1
duplication	16:23827001-23847000	20000	inf	0.0107902	0.321704	0.0872419	3.18063	1
duplication	16:23975001-23994000	19000	inf	0.0433467	5476	0.493485	21904	1
duplication	16:27122001-27141000	19000	inf	0.00686442	1.01154	0.0154104	10.001	1
duplication	16:27918001-27931000	13000	inf	0.0225135	977.593	0.0650392	9665.31	1
duplication	16:29767001-29793000	26000	inf	0.00111336	42.7812	0.00982784	171.125	1
duplication	16:30290001-30307000	17000	inf	0.00553585	10.001	0.0640247	98.8781	1
duplication	16:32097001-32123000	26000	inf	4.8426e-06	0.000332876	7.16746e-06	1.28462e-09	1
duplication	16:32265001-32286000	21000	inf	0.00186224	0.102312	0.000883028	1.01154	1
duplication	16:32395001-32413000	18000	inf	0.0231127	3.18063	0.0841898	31.4464	1
duplication	16:32487001-32560000	73000	inf	0	3.03979e-13	0	1.21592e-12	1
duplication	16:32823001-32853000	30000	inf	0.000228884	3.40539e-06	0.000243175	3.36686e-05	1
duplication	16:33040001-33065000	25000	inf	0.000970349	0.00104667	0.00604609	0.0103483	1
duplication	16:33357001-33423000	66000	inf	0	3.89093e-11	0	1.55637e-10	1
duplication	16:33518001-33555000	37000	inf	1.72295e-11	1.47773e-19	1.8214e-11	4.99689e-18	1
duplication	16:33579001-33598000	19000	inf	0.00776574	1.01154	0.0198246	10.001	1
duplication	16:33939001-33961000	22000	inf	0.0246457	4.34391e-08	0.0821665	1.46888e-06	1
duplication	16:46385001-46436000	51000	inf	3.36539e-05	0	4.14086e-05	0	1
duplication	16:49073001-49091000	18000	inf	0.038423	3.18063	0.341164	31.4464	1
duplication	16:55293001-55313000	20000	inf	0.00361929	0.321704	0.015177	3.18063	1
duplication	16:56821001-56836000	15000	inf	0.00153058	98.8781	0.0298972	977.593	1
duplication	16:59966001-59982000	16000	inf	0.00937762	31.4464	0.0847505	310.906	1
duplication	16:62176001-62205000	29000	inf	0.032057	5.34765	0.130356	21.3906	1
duplication	16:70898001-70921000	23000	inf	0.000732175	0.0103483	0.00758267	0.102312	1
duplication	16:71020001-71205000	185000	inf	0	5.85442e-47	0	2.34177e-46	1
duplication	16:77124001-77142000	18000	inf	0.041977	3.18063	0.131814	31.4464	1
duplication	16:78809001-78824000	15000	inf	0.00652292	98.8781	0.122804	977.593	1
duplication	16:83314001-83329000	15000	inf	0.010455	98.8781	0.036519	977.593	1
duplication	16:88514001-88647000	133000	inf	0.038408	2.6366e-31	0.0981921	1.05464e-30	1
