Chromosome	Start	Ratio	MedianRatio	CopyNumber
15	1	-1	-1	0
15	50001	-1	-1	0
15	100001	-1	-1	0
15	150001	-1	-1	0
15	200001	-1	-1	0
15	250001	-1	-1	0
15	300001	-1	-1	0
15	350001	-1	-1	0
15	400001	-1	-1	0
15	450001	-1	-1	0
15	500001	-1	-1	0
15	550001	-1	-1	0
15	600001	-1	-1	0
15	650001	-1	-1	0
15	700001	-1	-1	0
15	750001	-1	-1	0
15	800001	-1	-1	0
15	850001	-1	-1	0
15	900001	-1	-1	0
15	950001	-1	-1	0
15	1000001	-1	-1	0
15	1050001	-1	-1	0
15	1100001	-1	-1	0
15	1150001	-1	-1	0
15	1200001	-1	-1	0
15	1250001	-1	-1	0
15	1300001	-1	-1	0
15	1350001	-1	-1	0
15	1400001	-1	-1	0
15	1450001	-1	-1	0
15	1500001	-1	-1	0
15	1550001	-1	-1	0
15	1600001	-1	-1	0
15	1650001	-1	-1	0
15	1700001	-1	-1	0
15	1750001	-1	-1	0
15	1800001	-1	-1	0
15	1850001	-1	-1	0
15	1900001	-1	-1	0
15	1950001	-1	-1	0
15	2000001	-1	-1	0
15	2050001	-1	-1	0
15	2100001	-1	-1	0
15	2150001	-1	-1	0
15	2200001	-1	-1	0
15	2250001	-1	-1	0
15	2300001	-1	-1	0
15	2350001	-1	-1	0
15	2400001	-1	-1	0
15	2450001	-1	-1	0
15	2500001	-1	-1	0
15	2550001	-1	-1	0
15	2600001	-1	-1	0
15	2650001	-1	-1	0
15	2700001	-1	-1	0
15	2750001	-1	-1	0
15	2800001	-1	-1	0
15	2850001	-1	-1	0
15	2900001	-1	-1	0
15	2950001	-1	-1	0
15	3000001	-1	-1	0
15	3050001	-1	-1	0
15	3100001	-1	-1	0
15	3150001	-1	-1	0
15	3200001	-1	-1	0
15	3250001	-1	-1	0
15	3300001	-1	-1	0
15	3350001	-1	-1	0
15	3400001	-1	-1	0
15	3450001	-1	-1	0
15	3500001	-1	-1	0
15	3550001	-1	-1	0
15	3600001	-1	-1	0
15	3650001	-1	-1	0
15	3700001	-1	-1	0
15	3750001	-1	-1	0
15	3800001	-1	-1	0
15	3850001	-1	-1	0
15	3900001	-1	-1	0
15	3950001	-1	-1	0
15	4000001	-1	-1	0
15	4050001	-1	-1	0
15	4100001	-1	-1	0
15	4150001	-1	-1	0
15	4200001	-1	-1	0
15	4250001	-1	-1	0
15	4300001	-1	-1	0
15	4350001	-1	-1	0
15	4400001	-1	-1	0
15	4450001	-1	-1	0
15	4500001	-1	-1	0
15	4550001	-1	-1	0
15	4600001	-1	-1	0
15	4650001	-1	-1	0
15	4700001	-1	-1	0
15	4750001	-1	-1	0
15	4800001	-1	-1	0
15	4850001	-1	-1	0
15	4900001	-1	-1	0
15	4950001	-1	-1	0
15	5000001	-1	-1	0
15	5050001	-1	-1	0
15	5100001	-1	-1	0
15	5150001	-1	-1	0
15	5200001	-1	-1	0
15	5250001	-1	-1	0
15	5300001	-1	-1	0
15	5350001	-1	-1	0
15	5400001	-1	-1	0
15	5450001	-1	-1	0
15	5500001	-1	-1	0
15	5550001	-1	-1	0
15	5600001	-1	-1	0
15	5650001	-1	-1	0
15	5700001	-1	-1	0
15	5750001	-1	-1	0
15	5800001	-1	-1	0
15	5850001	-1	-1	0
15	5900001	-1	-1	0
15	5950001	-1	-1	0
15	6000001	-1	-1	0
15	6050001	-1	-1	0
15	6100001	-1	-1	0
15	6150001	-1	-1	0
15	6200001	-1	-1	0
15	6250001	-1	-1	0
15	6300001	-1	-1	0
15	6350001	-1	-1	0
15	6400001	-1	-1	0
15	6450001	-1	-1	0
15	6500001	-1	-1	0
15	6550001	-1	-1	0
15	6600001	-1	-1	0
15	6650001	-1	-1	0
15	6700001	-1	-1	0
15	6750001	-1	-1	0
15	6800001	-1	-1	0
15	6850001	-1	-1	0
15	6900001	-1	-1	0
15	6950001	-1	-1	0
15	7000001	-1	-1	0
15	7050001	-1	-1	0
15	7100001	-1	-1	0
15	7150001	-1	-1	0
15	7200001	-1	-1	0
15	7250001	-1	-1	0
15	7300001	-1	-1	0
15	7350001	-1	-1	0
15	7400001	-1	-1	0
15	7450001	-1	-1	0
15	7500001	-1	-1	0
15	7550001	-1	-1	0
15	7600001	-1	-1	0
15	7650001	-1	-1	0
15	7700001	-1	-1	0
15	7750001	-1	-1	0
15	7800001	-1	-1	0
15	7850001	-1	-1	0
15	7900001	-1	-1	0
15	7950001	-1	-1	0
15	8000001	-1	-1	0
15	8050001	-1	-1	0
15	8100001	-1	-1	0
15	8150001	-1	-1	0
15	8200001	-1	-1	0
15	8250001	-1	-1	0
15	8300001	-1	-1	0
15	8350001	-1	-1	0
15	8400001	-1	-1	0
15	8450001	-1	-1	0
15	8500001	-1	-1	0
15	8550001	-1	-1	0
15	8600001	-1	-1	0
15	8650001	-1	-1	0
15	8700001	-1	-1	0
15	8750001	-1	-1	0
15	8800001	-1	-1	0
15	8850001	-1	-1	0
15	8900001	-1	-1	0
15	8950001	-1	-1	0
15	9000001	-1	-1	0
15	9050001	-1	-1	0
15	9100001	-1	-1	0
15	9150001	-1	-1	0
15	9200001	-1	-1	0
15	9250001	-1	-1	0
15	9300001	-1	-1	0
15	9350001	-1	-1	0
15	9400001	-1	-1	0
15	9450001	-1	-1	0
15	9500001	-1	-1	0
15	9550001	-1	-1	0
15	9600001	-1	-1	0
15	9650001	-1	-1	0
15	9700001	-1	-1	0
15	9750001	-1	-1	0
15	9800001	-1	-1	0
15	9850001	-1	-1	0
15	9900001	-1	-1	0
15	9950001	-1	-1	0
15	10000001	-1	-1	0
15	10050001	-1	-1	0
15	10100001	-1	-1	0
15	10150001	-1	-1	0
15	10200001	-1	-1	0
15	10250001	-1	-1	0
15	10300001	-1	-1	0
15	10350001	-1	-1	0
15	10400001	-1	-1	0
15	10450001	-1	-1	0
15	10500001	-1	-1	0
15	10550001	-1	-1	0
15	10600001	-1	-1	0
15	10650001	-1	-1	0
15	10700001	-1	-1	0
15	10750001	-1	-1	0
15	10800001	-1	-1	0
15	10850001	-1	-1	0
15	10900001	-1	-1	0
15	10950001	-1	-1	0
15	11000001	-1	-1	0
15	11050001	-1	-1	0
15	11100001	-1	-1	0
15	11150001	-1	-1	0
15	11200001	-1	-1	0
15	11250001	-1	-1	0
15	11300001	-1	-1	0
15	11350001	-1	-1	0
15	11400001	-1	-1	0
15	11450001	-1	-1	0
15	11500001	-1	-1	0
15	11550001	-1	-1	0
15	11600001	-1	-1	0
15	11650001	-1	-1	0
15	11700001	-1	-1	0
15	11750001	-1	-1	0
15	11800001	-1	-1	0
15	11850001	-1	-1	0
15	11900001	-1	-1	0
15	11950001	-1	-1	0
15	12000001	-1	-1	0
15	12050001	-1	-1	0
15	12100001	-1	-1	0
15	12150001	-1	-1	0
15	12200001	-1	-1	0
15	12250001	-1	-1	0
15	12300001	-1	-1	0
15	12350001	-1	-1	0
15	12400001	-1	-1	0
15	12450001	-1	-1	0
15	12500001	-1	-1	0
15	12550001	-1	-1	0
15	12600001	-1	-1	0
15	12650001	-1	-1	0
15	12700001	-1	-1	0
15	12750001	-1	-1	0
15	12800001	-1	-1	0
15	12850001	-1	-1	0
15	12900001	-1	-1	0
15	12950001	-1	-1	0
15	13000001	-1	-1	0
15	13050001	-1	-1	0
15	13100001	-1	-1	0
15	13150001	-1	-1	0
15	13200001	-1	-1	0
15	13250001	-1	-1	0
15	13300001	-1	-1	0
15	13350001	-1	-1	0
15	13400001	-1	-1	0
15	13450001	-1	-1	0
15	13500001	-1	-1	0
15	13550001	-1	-1	0
15	13600001	-1	-1	0
15	13650001	-1	-1	0
15	13700001	-1	-1	0
15	13750001	-1	-1	0
15	13800001	-1	-1	0
15	13850001	-1	-1	0
15	13900001	-1	-1	0
15	13950001	-1	-1	0
15	14000001	-1	-1	0
15	14050001	-1	-1	0
15	14100001	-1	-1	0
15	14150001	-1	-1	0
15	14200001	-1	-1	0
15	14250001	-1	-1	0
15	14300001	-1	-1	0
15	14350001	-1	-1	0
15	14400001	-1	-1	0
15	14450001	-1	-1	0
15	14500001	-1	-1	0
15	14550001	-1	-1	0
15	14600001	-1	-1	0
15	14650001	-1	-1	0
15	14700001	-1	-1	0
15	14750001	-1	-1	0
15	14800001	-1	-1	0
15	14850001	-1	-1	0
15	14900001	-1	-1	0
15	14950001	-1	-1	0
15	15000001	-1	-1	0
15	15050001	-1	-1	0
15	15100001	-1	-1	0
15	15150001	-1	-1	0
15	15200001	-1	-1	0
15	15250001	-1	-1	0
15	15300001	-1	-1	0
15	15350001	-1	-1	0
15	15400001	-1	-1	0
15	15450001	-1	-1	0
15	15500001	-1	-1	0
15	15550001	-1	-1	0
15	15600001	-1	-1	0
15	15650001	-1	-1	0
15	15700001	-1	-1	0
15	15750001	-1	-1	0
15	15800001	-1	-1	0
15	15850001	-1	-1	0
15	15900001	-1	-1	0
15	15950001	-1	-1	0
15	16000001	-1	-1	0
15	16050001	-1	-1	0
15	16100001	-1	-1	0
15	16150001	-1	-1	0
15	16200001	-1	-1	0
15	16250001	-1	-1	0
15	16300001	-1	-1	0
15	16350001	-1	-1	0
15	16400001	-1	-1	0
15	16450001	-1	-1	0
15	16500001	-1	-1	0
15	16550001	-1	-1	0
15	16600001	-1	-1	0
15	16650001	-1	-1	0
15	16700001	-1	-1	0
15	16750001	-1	-1	0
15	16800001	-1	-1	0
15	16850001	-1	-1	0
15	16900001	-1	-1	0
15	16950001	-1	-1	0
15	17000001	-1	-1	0
15	17050001	-1	-1	0
15	17100001	-1	-1	0
15	17150001	-1	-1	0
15	17200001	-1	-1	0
15	17250001	-1	-1	0
15	17300001	-1	-1	0
15	17350001	-1	-1	0
15	17400001	-1	-1	0
15	17450001	-1	-1	0
15	17500001	-1	-1	0
15	17550001	-1	-1	0
15	17600001	-1	-1	0
15	17650001	-1	-1	0
15	17700001	-1	-1	0
15	17750001	-1	-1	0
15	17800001	-1	-1	0
15	17850001	-1	-1	0
15	17900001	-1	-1	0
15	17950001	-1	-1	0
15	18000001	-1	-1	0
15	18050001	-1	-1	0
15	18100001	-1	-1	0
15	18150001	-1	-1	0
15	18200001	-1	-1	0
15	18250001	-1	-1	0
15	18300001	0	0	0
15	18350001	0	0	0
15	18400001	0	0	0
15	18450001	0	0	0
15	18500001	0	0	0
15	18550001	0	0	0
15	18600001	0	0	0
15	18650001	0	0	0
15	18700001	0	0	0
15	18750001	0	0	0
15	18800001	0	0	0
15	18850001	0	0	0
15	18900001	0	0	0
15	18950001	0	0	0
15	19000001	0	0	0
15	19050001	0	0	0
15	19100001	0	0	0
15	19150001	0	0	0
15	19200001	0	0	0
15	19250001	0	0	0
15	19300001	0	0	0
15	19350001	0	0	0
15	19400001	0	0	0
15	19450001	0	0	0
15	19500001	0	0	0
15	19550001	0	0	0
15	19600001	0	0	0
15	19650001	-1	0	0
15	19700001	-1	0	0
15	19750001	-1	0	0
15	19800001	0	0	0
15	19850001	0	0	0
15	19900001	0	0	0
15	19950001	0	0	0
15	20000001	1.72487	1.72487	3
15	20050001	1.07747	0.7372	1
15	20100001	-1	0.7372	1
15	20150001	-1	0.7372	1
15	20200001	0.494279	0.7372	1
15	20250001	0.774213	0.7372	1
15	20300001	0.462665	0.7372	1
15	20350001	0.867612	0.7372	1
15	20400001	1.30701	0.7372	1
15	20450001	1.112	0.7372	1
15	20500001	1.11288	0.7372	1
15	20550001	1.14676	0.7372	1
15	20600001	1.33879	0.7372	1
15	20650001	0.730288	0.7372	1
15	20700001	0.534861	0.7372	1
15	20750001	0.514167	0.7372	1
15	20800001	0.513481	0.7372	1
15	20850001	1.41666	0.7372	1
15	20900001	0.212965	0.7372	1
15	20950001	0.644199	0.7372	1
15	21000001	0.788696	0.7372	1
15	21050001	-1	0.7372	1
15	21100001	-1	0.7372	1
15	21150001	1.21958	0.7372	1
15	21200001	0.579228	0.7372	1
15	21250001	0.7372	0.7372	1
15	21300001	0.433398	0.7372	1
15	21350001	0.465959	0.7372	1
15	21400001	0	0	0
15	21450001	0	0	0
15	21500001	0	0	0
15	21550001	0	0	0
15	21600001	0	0	0
15	21650001	0	0	0
15	21700001	0	0	0
15	21750001	0	0	0
15	21800001	0	0	0
15	21850001	0.408267	0.732432	1
15	21900001	1.14556	0.732432	1
15	21950001	0.845191	0.732432	1
15	22000001	0.470442	0.732432	1
15	22050001	0.804506	0.732432	1
15	22100001	0.90404	0.732432	1
15	22150001	0.394933	0.732432	1
15	22200001	0.0793374	0.732432	1
15	22250001	0.206746	0.732432	1
15	22300001	1.20788	0.732432	1
15	22350001	1.00924	0.732432	1
15	22400001	1.14693	0.732432	1
15	22450001	0.90698	0.732432	1
15	22500001	0.870378	0.732432	1
15	22550001	0.920365	0.732432	1
15	22600001	0.0162178	0.732432	1
15	22650001	1.25548	0.732432	1
15	22700001	0.6431	0.732432	1
15	22750001	0.694296	0.732432	1
15	22800001	0.66651	0.732432	1
15	22850001	0.506085	0.732432	1
15	22900001	0.361611	0.732432	1
15	22950001	0.584875	0.732432	1
15	23000001	0.476174	0.732432	1
15	23050001	0.621958	0.732432	1
15	23100001	0.684027	0.732432	1
15	23150001	0.84323	0.732432	1
15	23200001	0.758175	0.732432	1
15	23250001	0.600906	0.732432	1
15	23300001	0.518461	0.732432	1
15	23350001	0.88948	0.732432	1
15	23400001	0.605675	0.732432	1
15	23450001	0.480095	0.732432	1
15	23500001	0.14863	0.732432	1
15	23550001	0.579398	0.732432	1
15	23600001	0.555804	0.732432	1
15	23650001	0.501371	0.732432	1
15	23700001	0.730734	0.732432	1
15	23750001	0.735724	0.732432	1
15	23800001	0.703047	0.732432	1
15	23850001	0.630266	0.732432	1
15	23900001	0.793025	0.732432	1
15	23950001	0.587232	0.732432	1
15	24000001	0.583769	0.732432	1
15	24050001	0.59349	0.732432	1
15	24100001	0.974682	0.732432	1
15	24150001	0.893029	0.732432	1
15	24200001	0.861848	0.732432	1
15	24250001	1.09924	0.732432	1
15	24300001	0.669851	0.732432	1
15	24350001	0.757368	0.732432	1
15	24400001	0.892901	0.732432	1
15	24450001	0.877213	0.732432	1
15	24500001	0.798734	0.732432	1
15	24550001	1.14685	0.732432	1
15	24600001	0.928541	0.732432	1
15	24650001	-1	0.732432	1
15	24700001	-1	0.732432	1
15	24750001	0.845505	0.732432	1
15	24800001	0.718839	0.732432	1
15	24850001	0.410792	0.732432	1
15	24900001	0.859704	0.732432	1
15	24950001	0.89482	0.732432	1
15	25000001	0.85093	0.732432	1
15	25050001	0.718457	0.732432	1
15	25100001	0.678933	0.732432	1
15	25150001	-1	0.732432	1
15	25200001	-1	0.732432	1
15	25250001	-1	0.732432	1
15	25300001	0.73413	0.732432	1
15	25350001	0.628412	0.732432	1
15	25400001	0.498589	0.732432	1
15	25450001	0.332383	0.732432	1
15	25500001	0.727195	0.732432	1
15	25550001	0.941383	0.732432	1
15	25600001	0.745587	0.732432	1
15	25650001	0.762185	0.732432	1
15	25700001	0.80574	0.732432	1
15	25750001	0.852586	0.732432	1
15	25800001	1.00733	0.732432	1
15	25850001	0.944227	0.732432	1
15	25900001	0.710306	0.732432	1
15	25950001	0.653214	0.732432	1
15	26000001	0.867783	0.732432	1
15	26050001	0.701791	0.732432	1
15	26100001	0.752784	0.732432	1
15	26150001	0.776093	0.732432	1
15	26200001	1.0511	0.923807	2
15	26250001	0.981328	0.923807	2
15	26300001	0.570394	0.923807	2
15	26350001	-1	0.923807	2
15	26400001	-1	0.923807	2
15	26450001	-1	0.923807	2
15	26500001	0.843322	0.923807	2
15	26550001	1.11721	0.923807	2
15	26600001	1.0911	0.923807	2
15	26650001	0.97672	0.923807	2
15	26700001	0.939114	0.923807	2
15	26750001	1.21845	0.923807	2
15	26800001	0.846633	0.923807	2
15	26850001	0.90591	0.923807	2
15	26900001	-1	0.923807	2
15	26950001	-1	0.923807	2
15	27000001	0.944622	0.923807	2
15	27050001	0.854838	0.923807	2
15	27100001	0.726853	0.923807	2
15	27150001	0.957077	0.923807	2
15	27200001	0.788266	0.923807	2
15	27250001	0.834032	0.923807	2
15	27300001	0.870004	0.923807	2
15	27350001	1.04998	0.923807	2
15	27400001	1.02429	0.923807	2
15	27450001	0.814538	0.923807	2
15	27500001	1.21839	0.923807	2
15	27550001	0.762622	0.923807	2
15	27600001	1.01671	0.923807	2
15	27650001	0.825933	0.923807	2
15	27700001	0.753547	0.923807	2
15	27750001	0.888645	0.923807	2
15	27800001	0.843472	0.923807	2
15	27850001	0.882018	0.923807	2
15	27900001	0.802178	0.923807	2
15	27950001	0.833829	0.923807	2
15	28000001	1.04536	0.923807	2
15	28050001	1.06053	0.923807	2
15	28100001	0.976522	0.923807	2
15	28150001	1.04919	0.923807	2
15	28200001	0.972972	0.923807	2
15	28250001	1.22296	0.923807	2
15	28300001	0.750252	0.923807	2
15	28350001	0.530144	0.923807	2
15	28400001	0.851032	0.923807	2
15	28450001	0.889071	0.923807	2
15	28500001	0.758028	0.923807	2
15	28550001	1.18722	0.923807	2
15	28600001	0.800237	0.923807	2
15	28650001	1.20865	0.923807	2
15	28700001	1.23819	0.923807	2
15	28750001	0.928468	0.923807	2
15	28800001	0.734767	0.923807	2
15	28850001	0.703131	0.923807	2
15	28900001	0.957942	0.923807	2
15	28950001	0.837095	0.923807	2
15	29000001	1.06958	0.923807	2
15	29050001	0.920587	0.923807	2
15	29100001	0.998417	0.923807	2
15	29150001	0.189125	0.923807	2
15	29200001	0.559854	0.923807	2
15	29250001	0.759568	0.923807	2
15	29300001	0.80641	0.923807	2
15	29350001	0.755289	0.923807	2
15	29400001	0.515358	0.923807	2
15	29450001	1.04208	0.923807	2
15	29500001	1.03963	0.923807	2
15	29550001	0.941893	0.923807	2
15	29600001	1.01688	0.923807	2
15	29650001	0.5287	0.923807	2
15	29700001	0.958417	0.923807	2
15	29750001	0.796246	0.923807	2
15	29800001	0.862749	0.923807	2
15	29850001	1.06979	0.923807	2
15	29900001	0.868806	0.923807	2
15	29950001	0.762786	0.923807	2
15	30000001	0.847335	0.923807	2
15	30050001	0.935299	0.923807	2
15	30100001	1.12847	0.923807	2
15	30150001	0.845334	0.923807	2
15	30200001	1.11047	0.923807	2
15	30250001	1.23532	0.923807	2
15	30300001	0.974921	0.923807	2
15	30350001	1.0109	0.923807	2
15	30400001	1.14166	0.923807	2
15	30450001	0.921746	0.923807	2
15	30500001	1.10158	0.923807	2
15	30550001	0.963311	0.923807	2
15	30600001	0.909489	0.923807	2
15	30650001	0.7206	0.923807	2
15	30700001	0.88402	0.923807	2
15	30750001	1.03582	0.923807	2
15	30800001	1.19549	0.923807	2
15	30850001	1.03467	0.923807	2
15	30900001	0.821891	0.923807	2
15	30950001	1.16432	0.923807	2
15	31000001	0.887878	0.923807	2
15	31050001	1.06626	0.923807	2
15	31100001	0.943824	0.923807	2
15	31150001	1.09601	0.923807	2
15	31200001	1.03356	0.923807	2
15	31250001	0.917282	0.923807	2
15	31300001	1.1934	0.923807	2
15	31350001	0.814051	0.923807	2
15	31400001	0.962301	0.923807	2
15	31450001	0.853754	0.923807	2
15	31500001	0.714156	0.923807	2
15	31550001	0.698928	0.923807	2
15	31600001	0.546665	0.923807	2
15	31650001	0.696954	0.923807	2
15	31700001	0.874291	0.923807	2
15	31750001	0.715507	0.923807	2
15	31800001	1.19309	0.923807	2
15	31850001	0.750524	0.923807	2
15	31900001	1.01962	0.923807	2
15	31950001	1.05594	0.923807	2
15	32000001	0.868014	0.923807	2
15	32050001	0.773307	0.923807	2
15	32100001	0.994551	0.923807	2
15	32150001	1.02751	0.923807	2
15	32200001	0.836481	0.923807	2
15	32250001	0.946685	0.923807	2
15	32300001	0.997827	0.923807	2
15	32350001	0.923807	0.923807	2
15	32400001	0.807754	0.923807	2
15	32450001	0.740358	0.923807	2
15	32500001	0.752689	0.923807	2
15	32550001	0.838085	0.923807	2
15	32600001	0.974857	0.923807	2
15	32650001	0.821009	0.923807	2
15	32700001	0.796289	0.923807	2
15	32750001	0.941511	0.923807	2
15	32800001	1.0095	0.923807	2
15	32850001	0.636792	0.923807	2
15	32900001	0.807177	0.923807	2
15	32950001	1.04535	0.923807	2
15	33000001	0.799038	0.923807	2
15	33050001	0.974053	0.923807	2
15	33100001	1.02578	0.923807	2
15	33150001	1.08067	0.923807	2
15	33200001	0.871448	0.923807	2
15	33250001	1.09586	0.923807	2
15	33300001	0.767326	0.923807	2
15	33350001	0.852755	0.923807	2
15	33400001	0.92096	0.923807	2
15	33450001	1.06532	0.923807	2
15	33500001	0.723914	0.923807	2
15	33550001	1.04809	0.923807	2
15	33600001	0.984378	0.923807	2
15	33650001	1.01771	0.923807	2
15	33700001	0.761182	0.923807	2
15	33750001	0.970284	0.923807	2
15	33800001	1.06097	0.923807	2
15	33850001	1.10767	0.923807	2
15	33900001	0.907134	0.923807	2
15	33950001	0.961731	0.923807	2
15	34000001	0.974504	0.923807	2
15	34050001	0.853164	0.923807	2
15	34100001	1.00279	0.923807	2
15	34150001	0.842122	0.923807	2
15	34200001	0.667979	0.923807	2
15	34250001	0.955391	0.923807	2
15	34300001	1.3159	0.923807	2
15	34350001	1.09666	0.923807	2
15	34400001	0.909083	0.923807	2
15	34450001	1.01828	0.923807	2
15	34500001	0.912054	0.923807	2
15	34550001	0.769995	0.923807	2
15	34600001	1.04757	0.923807	2
15	34650001	1.04381	0.923807	2
15	34700001	0.614093	0.923807	2
15	34750001	1.03181	0.923807	2
15	34800001	0.697141	0.923807	2
15	34850001	0.915655	0.923807	2
15	34900001	1.03246	0.923807	2
15	34950001	0.948584	0.923807	2
15	35000001	0.819188	0.923807	2
15	35050001	1.28383	0.923807	2
15	35100001	0.935372	0.923807	2
15	35150001	0.88573	0.923807	2
15	35200001	1.28328	0.923807	2
15	35250001	0.963409	0.923807	2
15	35300001	0.674347	0.923807	2
15	35350001	0.733455	0.923807	2
15	35400001	1.08607	0.923807	2
15	35450001	0.985711	0.923807	2
15	35500001	0.790452	0.923807	2
15	35550001	0.867991	0.923807	2
15	35600001	1.18455	1.04762	2
15	35650001	1.40951	1.04762	2
15	35700001	1.12129	1.04762	2
15	35750001	1.19929	1.04762	2
15	35800001	0.984846	1.04762	2
15	35850001	1.15894	1.04762	2
15	35900001	0.65641	1.04762	2
15	35950001	0.94255	1.04762	2
15	36000001	1.07486	1.04762	2
15	36050001	0.980148	1.04762	2
15	36100001	1.01295	1.04762	2
15	36150001	1.42692	1.04762	2
15	36200001	0.974684	1.04762	2
15	36250001	1.17869	1.04762	2
15	36300001	0.860958	1.04762	2
15	36350001	1.05144	1.04762	2
15	36400001	0.842382	1.04762	2
15	36450001	1.01664	1.04762	2
15	36500001	1.26904	1.04762	2
15	36550001	1.24364	1.04762	2
15	36600001	1.00807	1.04762	2
15	36650001	1.07593	1.04762	2
15	36700001	1.22671	1.04762	2
15	36750001	1.13196	1.04762	2
15	36800001	1.18684	1.04762	2
15	36850001	1.02365	1.04762	2
15	36900001	0.904637	1.04762	2
15	36950001	0.684616	1.04762	2
15	37000001	1.20185	1.04762	2
15	37050001	1.10271	1.04762	2
15	37100001	1.09076	1.04762	2
15	37150001	1.12222	1.04762	2
15	37200001	0.804948	1.04762	2
15	37250001	0.735379	1.04762	2
15	37300001	1.02777	1.04762	2
15	37350001	0.98371	1.04762	2
15	37400001	0.948907	1.04762	2
15	37450001	0.986014	1.04762	2
15	37500001	1.42441	1.04762	2
15	37550001	0.885838	1.04762	2
15	37600001	1.27359	1.04762	2
15	37650001	1.08307	1.04762	2
15	37700001	0.744028	1.04762	2
15	37750001	1.07346	1.04762	2
15	37800001	0.844893	1.04762	2
15	37850001	0.798122	1.04762	2
15	37900001	1.15773	1.04762	2
15	37950001	0.884518	1.04762	2
15	38000001	1.01265	1.04762	2
15	38050001	1.1732	1.04762	2
15	38100001	0.973494	1.04762	2
15	38150001	0.882557	1.04762	2
15	38200001	0.911361	1.04762	2
15	38250001	0.996438	1.04762	2
15	38300001	0.951627	1.04762	2
15	38350001	0.884925	1.04762	2
15	38400001	1.49443	1.04762	2
15	38450001	1.3141	1.04762	2
15	38500001	1.08698	1.04762	2
15	38550001	1.34636	1.04762	2
15	38600001	0.930566	1.04762	2
15	38650001	0.995199	1.04762	2
15	38700001	0.969508	1.04762	2
15	38750001	1.17627	1.04762	2
15	38800001	1.12818	1.04762	2
15	38850001	0.997251	1.04762	2
15	38900001	1.14606	1.04762	2
15	38950001	1.12593	1.04762	2
15	39000001	1.09539	1.04762	2
15	39050001	0.881319	1.04762	2
15	39100001	1.01999	1.04762	2
15	39150001	1.1432	1.04762	2
15	39200001	1.36462	1.04762	2
15	39250001	0.966301	1.04762	2
15	39300001	1.17874	1.04762	2
15	39350001	0.882526	1.04762	2
15	39400001	1.01843	1.04762	2
15	39450001	1.05966	1.04762	2
15	39500001	1.11759	1.04762	2
15	39550001	1.17142	1.04762	2
15	39600001	1.19438	1.04762	2
15	39650001	1.15691	1.04762	2
15	39700001	1.10558	1.04762	2
15	39750001	1.12661	1.04762	2
15	39800001	1.02162	1.04762	2
15	39850001	1.02535	1.04762	2
15	39900001	1.16021	1.04762	2
15	39950001	1.38221	1.04762	2
15	40000001	1.16983	1.04762	2
15	40050001	1.06749	1.04762	2
15	40100001	1.22379	1.04762	2
15	40150001	1.25635	1.04762	2
15	40200001	1.14001	1.04762	2
15	40250001	0.842594	1.04762	2
15	40300001	1.05282	1.04762	2
15	40350001	0.891058	1.04762	2
15	40400001	1.08742	1.04762	2
15	40450001	1.20487	1.04762	2
15	40500001	1.00856	1.04762	2
15	40550001	0.489106	1.04762	2
15	40600001	0.680363	1.04762	2
15	40650001	0.637865	1.04762	2
15	40700001	0.865315	1.04762	2
15	40750001	0.947639	1.04762	2
15	40800001	1.00298	1.04762	2
15	40850001	0.864565	1.04762	2
15	40900001	1.02116	1.04762	2
15	40950001	0.949951	1.04762	2
15	41000001	0.907535	1.04762	2
15	41050001	0.858166	1.04762	2
15	41100001	1.15871	1.04762	2
15	41150001	0.718399	1.04762	2
15	41200001	0.791107	1.04762	2
15	41250001	1.02643	1.04762	2
15	41300001	1.07296	1.04762	2
15	41350001	1.13847	1.04762	2
15	41400001	0.875192	1.04762	2
15	41450001	1.17254	1.04762	2
15	41500001	1.07099	1.04762	2
15	41550001	0.983408	1.04762	2
15	41600001	0.866454	1.04762	2
15	41650001	0.845419	1.04762	2
15	41700001	1.11326	1.04762	2
15	41750001	0.83701	1.04762	2
15	41800001	0.923264	1.04762	2
15	41850001	0.975741	1.04762	2
15	41900001	1.04034	1.04762	2
15	41950001	1.06648	1.04762	2
15	42000001	1.00296	1.04762	2
15	42050001	1.08542	1.04762	2
15	42100001	0.459611	1.04762	2
15	42150001	0.457586	1.04762	2
15	42200001	0.900925	1.04762	2
15	42250001	0.822176	1.04762	2
15	42300001	1.06909	1.04762	2
15	42350001	0.692937	1.04762	2
15	42400001	0.923575	1.04762	2
15	42450001	1.13426	1.04762	2
15	42500001	0.882163	1.04762	2
15	42550001	1.10538	1.04762	2
15	42600001	1.19688	1.04762	2
15	42650001	1.2482	1.04762	2
15	42700001	0.9837	1.04762	2
15	42750001	1.00205	1.04762	2
15	42800001	0.957512	1.04762	2
15	42850001	1.05947	1.04762	2
15	42900001	0.765943	1.04762	2
15	42950001	0.975106	1.04762	2
15	43000001	0.636379	1.04762	2
15	43050001	1.08715	1.04762	2
15	43100001	1.07783	1.04762	2
15	43150001	1.03481	1.04762	2
15	43200001	1.1082	1.04762	2
15	43250001	0.88553	1.04762	2
15	43300001	1.1077	1.04762	2
15	43350001	0.99416	1.04762	2
15	43400001	1.0943	1.04762	2
15	43450001	0.880876	1.04762	2
15	43500001	0.741004	1.04762	2
15	43550001	0.737304	1.04762	2
15	43600001	0.998417	1.04762	2
15	43650001	0.782774	1.04762	2
15	43700001	0.879192	1.04762	2
15	43750001	0.934533	1.04762	2
15	43800001	0.607214	1.04762	2
15	43850001	1.10037	1.04762	2
15	43900001	1.08868	1.04762	2
15	43950001	0.97759	1.04762	2
15	44000001	1.07772	1.04762	2
15	44050001	1.09675	1.04762	2
15	44100001	1.07045	1.04762	2
15	44150001	1.01038	1.04762	2
15	44200001	1.01394	1.04762	2
15	44250001	1.00313	1.04762	2
15	44300001	1.01968	1.04762	2
15	44350001	1.22126	1.04762	2
15	44400001	1.0034	1.04762	2
15	44450001	0.978386	1.04762	2
15	44500001	0.914901	1.04762	2
15	44550001	0.939128	1.04762	2
15	44600001	0.82922	1.04762	2
15	44650001	1.0225	1.04762	2
15	44700001	1.0606	1.04762	2
15	44750001	1.0441	1.04762	2
15	44800001	1.14046	1.04762	2
15	44850001	0.833332	1.04762	2
15	44900001	0.981991	1.04762	2
15	44950001	0.943175	1.04762	2
15	45000001	1.1598	1.04762	2
15	45050001	1.19596	1.04762	2
15	45100001	1.05402	1.04762	2
15	45150001	1.11162	1.04762	2
15	45200001	1.21031	1.04762	2
15	45250001	0.891832	1.04762	2
15	45300001	0.908545	1.04762	2
15	45350001	0.94353	1.04762	2
15	45400001	0.589046	1.04762	2
15	45450001	0.896628	1.04762	2
15	45500001	0.897851	1.04762	2
15	45550001	0.994466	1.04762	2
15	45600001	0.918145	1.04762	2
15	45650001	1.15003	1.04762	2
15	45700001	0.936685	1.04762	2
15	45750001	0.925564	1.04762	2
15	45800001	0.886377	1.04762	2
15	45850001	1.096	1.04762	2
15	45900001	1.04738	1.04762	2
15	45950001	1.09544	1.04762	2
15	46000001	0.922177	1.04762	2
15	46050001	0.984138	1.04762	2
15	46100001	1.13074	1.04762	2
15	46150001	1.12342	1.04762	2
15	46200001	0.775982	1.04762	2
15	46250001	1.06363	1.04762	2
15	46300001	1.08411	1.04762	2
15	46350001	1.17046	1.04762	2
15	46400001	0.986477	1.04762	2
15	46450001	1.04905	1.04762	2
15	46500001	1.13809	1.04762	2
15	46550001	1.06938	1.04762	2
15	46600001	1.01361	1.04762	2
15	46650001	1.04762	1.04762	2
15	46700001	0.849852	1.04762	2
15	46750001	1.00319	1.04762	2
15	46800001	0.786163	1.04762	2
15	46850001	1.09361	1.04762	2
15	46900001	0.91571	1.04762	2
15	46950001	1.12279	1.04762	2
15	47000001	1.12735	1.04762	2
15	47050001	0.920861	1.04762	2
15	47100001	0.97605	1.04762	2
15	47150001	1.27437	1.04762	2
15	47200001	1.04544	1.04762	2
15	47250001	1.22093	1.04762	2
15	47300001	1.08683	1.04762	2
15	47350001	1.02784	1.04762	2
15	47400001	0.934119	1.04762	2
15	47450001	1.11731	1.04762	2
15	47500001	0.825533	1.04762	2
15	47550001	1.03989	1.04762	2
15	47600001	1.24194	1.04762	2
15	47650001	0.824576	1.04762	2
15	47700001	0.995759	1.04762	2
15	47750001	1.32535	1.04762	2
15	47800001	1.09827	1.04762	2
15	47850001	1.10728	1.04762	2
15	47900001	1.17317	1.04762	2
15	47950001	1.1991	1.04762	2
15	48000001	1.1344	1.04762	2
15	48050001	1.12639	1.04762	2
15	48100001	1.22957	1.04762	2
15	48150001	0.973862	1.04762	2
15	48200001	1.31765	1.04762	2
15	48250001	1.13724	1.04762	2
15	48300001	1.29571	1.04762	2
15	48350001	1.0518	1.04762	2
15	48400001	1.07745	1.04762	2
15	48450001	1.0878	1.04762	2
15	48500001	1.04866	1.04762	2
15	48550001	1.00469	1.04762	2
15	48600001	1.24447	1.04762	2
15	48650001	1.0051	1.04762	2
15	48700001	1.16893	1.04762	2
15	48750001	1.00599	1.04762	2
15	48800001	1.06935	1.04762	2
15	48850001	0.996	1.04762	2
15	48900001	0.912164	1.04762	2
15	48950001	0.909779	1.04762	2
15	49000001	1.30046	1.04762	2
15	49050001	1.08166	1.04762	2
15	49100001	1.2213	1.04762	2
15	49150001	0.928555	1.04762	2
15	49200001	1.15112	1.04762	2
15	49250001	0.979005	1.04762	2
15	49300001	1.03637	1.04762	2
15	49350001	0.87328	1.04762	2
15	49400001	1.26117	1.04762	2
15	49450001	1.13331	1.04762	2
15	49500001	1.23135	1.04762	2
15	49550001	0.758575	1.04762	2
15	49600001	1.10885	1.04762	2
15	49650001	1.10184	1.04762	2
15	49700001	1.07494	1.04762	2
15	49750001	1.07765	1.04762	2
15	49800001	0.85334	1.04762	2
15	49850001	0.749048	1.04762	2
15	49900001	0.867496	1.04762	2
15	49950001	1.0769	1.04762	2
15	50000001	0.890206	1.04762	2
15	50050001	1.08444	1.04762	2
15	50100001	1.31155	1.04762	2
15	50150001	1.26724	1.04762	2
15	50200001	1.07636	1.04762	2
15	50250001	0.982959	1.04762	2
15	50300001	1.15395	1.04762	2
15	50350001	0.966764	1.04762	2
15	50400001	0.871359	1.04762	2
15	50450001	1.19811	1.04762	2
15	50500001	1.17137	1.04762	2
15	50550001	0.836171	1.04762	2
15	50600001	1.085	1.04762	2
15	50650001	1.42558	1.04762	2
15	50700001	0.865291	1.04762	2
15	50750001	0.944736	1.04762	2
15	50800001	0.99353	1.04762	2
15	50850001	1.00747	1.04762	2
15	50900001	1.0476	1.04762	2
15	50950001	0.861383	1.04762	2
15	51000001	1.12442	1.04762	2
15	51050001	0.934073	1.04762	2
15	51100001	1.02548	1.04762	2
15	51150001	1.07824	1.04762	2
15	51200001	0.811628	1.04762	2
15	51250001	1.09742	1.04762	2
15	51300001	0.845101	1.04762	2
15	51350001	0.863056	1.04762	2
15	51400001	1.27201	1.04762	2
15	51450001	1.08699	1.04762	2
15	51500001	1.07791	1.04762	2
15	51550001	0.72119	1.04762	2
15	51600001	1.13593	1.04762	2
15	51650001	0.848103	1.04762	2
15	51700001	1.24549	1.04762	2
15	51750001	1.02147	1.04762	2
15	51800001	1.09622	1.04762	2
15	51850001	1.19711	1.04762	2
15	51900001	1.29879	1.04762	2
15	51950001	1.04567	1.04762	2
15	52000001	1.24255	1.04762	2
15	52050001	1.38172	1.04762	2
15	52100001	0.88017	1.04762	2
15	52150001	1.0353	1.04762	2
15	52200001	0.798342	1.04762	2
15	52250001	1.07694	1.04762	2
15	52300001	0.866471	1.04762	2
15	52350001	1.03955	1.04762	2
15	52400001	0.887861	1.04762	2
15	52450001	1.10186	1.04762	2
15	52500001	0.910558	1.04762	2
15	52550001	0.709884	1.04762	2
15	52600001	1.12688	1.04762	2
15	52650001	0.961119	1.04762	2
15	52700001	1.26344	1.04762	2
15	52750001	1.1875	1.04762	2
15	52800001	1.1524	1.04762	2
15	52850001	1.1726	1.04762	2
15	52900001	1.24468	1.04762	2
15	52950001	1.05665	1.04762	2
15	53000001	0.896829	1.04762	2
15	53050001	0.616797	1.04762	2
15	53100001	0.867158	1.04762	2
15	53150001	0.914484	1.04762	2
15	53200001	0.966684	1.04762	2
15	53250001	1.32268	1.04762	2
15	53300001	0.896445	1.04762	2
15	53350001	0.918844	1.04762	2
15	53400001	0.844724	1.04762	2
15	53450001	1.26489	1.04762	2
15	53500001	1.25884	1.04762	2
15	53550001	1.05392	1.04762	2
15	53600001	1.16395	1.04762	2
15	53650001	1.19582	1.04762	2
15	53700001	1.13061	1.04762	2
15	53750001	1.1445	1.04762	2
15	53800001	1.10847	1.04762	2
15	53850001	0.762039	1.04762	2
15	53900001	1.53904	1.04762	2
15	53950001	1.16186	1.04762	2
15	54000001	0.86147	1.04762	2
15	54050001	0.967176	1.04762	2
15	54100001	1.3644	1.04762	2
15	54150001	1.03736	1.04762	2
15	54200001	0.68851	1.04762	2
15	54250001	1.21732	1.04762	2
15	54300001	1.27776	1.04762	2
15	54350001	0.982142	1.04762	2
15	54400001	0.99427	1.04762	2
15	54450001	0.966413	1.04762	2
15	54500001	0.999176	1.04762	2
15	54550001	1.22113	1.04762	2
15	54600001	0.84648	1.04762	2
15	54650001	0.911285	1.04762	2
15	54700001	1.20555	1.04762	2
15	54750001	1.16985	1.04762	2
15	54800001	1.23167	1.04762	2
15	54850001	1.06026	1.04762	2
15	54900001	0.981822	1.04762	2
15	54950001	1.21911	1.04762	2
15	55000001	1.0928	1.04762	2
15	55050001	1.04961	1.04762	2
15	55100001	0.971858	1.04762	2
15	55150001	0.881714	1.04762	2
15	55200001	0.921414	1.04762	2
15	55250001	1.07562	1.04762	2
15	55300001	0.875544	1.04762	2
15	55350001	0.986274	1.04762	2
15	55400001	0.942602	1.04762	2
15	55450001	1.21669	1.04762	2
15	55500001	1.19141	1.04762	2
15	55550001	0.939247	1.04762	2
15	55600001	1.1706	1.04762	2
15	55650001	1.01958	1.04762	2
15	55700001	0.629252	1.04762	2
15	55750001	1.06693	1.04762	2
15	55800001	0.981175	1.04762	2
15	55850001	1.09515	1.04762	2
15	55900001	0.892922	1.04762	2
15	55950001	1.02294	1.04762	2
15	56000001	0.976739	1.04762	2
15	56050001	1.14447	1.04762	2
15	56100001	0.919291	1.04762	2
15	56150001	1.14584	1.04762	2
15	56200001	1.26312	1.04762	2
15	56250001	1.26497	1.04762	2
15	56300001	1.08956	1.04762	2
15	56350001	0.918744	1.04762	2
15	56400001	1.14047	1.04762	2
15	56450001	1.14048	1.04762	2
15	56500001	1.03029	1.04762	2
15	56550001	0.962759	1.04762	2
15	56600001	1.31923	1.04762	2
15	56650001	0.982128	1.04762	2
15	56700001	1.02624	1.04762	2
15	56750001	1.09926	1.04762	2
15	56800001	0.95918	1.04762	2
15	56850001	0.873884	1.04762	2
15	56900001	1.05147	1.04762	2
15	56950001	1.09277	1.04762	2
15	57000001	1.27472	1.04762	2
15	57050001	1.1743	1.04762	2
15	57100001	1.08253	1.04762	2
15	57150001	0.991129	1.04762	2
15	57200001	1.21751	1.04762	2
15	57250001	1.21805	1.04762	2
15	57300001	1.30466	1.04762	2
15	57350001	1.16207	1.04762	2
15	57400001	1.23623	1.04762	2
15	57450001	1.07684	1.04762	2
15	57500001	1.12804	1.04762	2
15	57550001	0.936245	1.04762	2
15	57600001	0.680481	1.04762	2
15	57650001	0.972516	1.04762	2
15	57700001	1.04926	1.04762	2
15	57750001	1.05839	1.04762	2
15	57800001	0.966501	1.04762	2
15	57850001	1.01745	1.04762	2
15	57900001	1.46641	1.04762	2
15	57950001	1.07179	1.04762	2
15	58000001	1.26444	1.04762	2
15	58050001	0.972193	1.04762	2
15	58100001	1.04523	1.04762	2
15	58150001	0.940371	1.04762	2
15	58200001	1.08736	1.04762	2
15	58250001	1.05505	1.04762	2
15	58300001	1.20255	1.04762	2
15	58350001	1.13966	1.04762	2
15	58400001	0.941131	1.04762	2
15	58450001	1.11164	1.04762	2
15	58500001	0.963558	1.04762	2
15	58550001	1.1487	1.04762	2
15	58600001	0.931701	1.04762	2
15	58650001	1.15804	1.04762	2
15	58700001	1.07784	1.04762	2
15	58750001	1.08196	1.04762	2
15	58800001	1.17463	1.04762	2
15	58850001	0.713071	1.04762	2
15	58900001	1.16326	1.04762	2
15	58950001	1.04308	1.04762	2
15	59000001	1.0616	1.04762	2
15	59050001	0.755866	1.04762	2
15	59100001	0.778848	1.04762	2
15	59150001	0.995208	1.04762	2
15	59200001	0.892018	1.04762	2
15	59250001	1.17942	1.04762	2
15	59300001	0.798998	1.04762	2
15	59350001	1.13958	1.04762	2
15	59400001	0.916145	1.04762	2
15	59450001	0.822964	1.04762	2
15	59500001	1.13789	1.04762	2
15	59550001	1.05737	1.04762	2
15	59600001	0.901258	1.04762	2
15	59650001	1.06049	1.04762	2
15	59700001	1.0083	1.04762	2
15	59750001	0.908446	1.04762	2
15	59800001	0.889587	1.04762	2
15	59850001	1.01158	1.04762	2
15	59900001	0.791777	1.04762	2
15	59950001	0.924248	1.04762	2
15	60000001	1.0477	1.04762	2
15	60050001	0.733495	1.04762	2
15	60100001	0.93476	1.04762	2
15	60150001	1.06845	1.04762	2
15	60200001	1.12285	1.04762	2
15	60250001	1.14728	1.04762	2
15	60300001	1.2836	1.04762	2
15	60350001	1.08968	1.04762	2
15	60400001	0.911489	1.04762	2
15	60450001	1.21985	1.04762	2
15	60500001	1.14522	1.04762	2
15	60550001	1.17903	1.04762	2
15	60600001	0.946838	1.04762	2
15	60650001	0.811379	1.04762	2
15	60700001	1.03828	1.04762	2
15	60750001	1.49527	1.04762	2
15	60800001	1.11751	1.04762	2
15	60850001	1.23512	1.04762	2
15	60900001	1.20661	1.04762	2
15	60950001	1.05724	1.04762	2
15	61000001	1.3406	1.04762	2
15	61050001	1.01806	1.04762	2
15	61100001	1.12588	1.04762	2
15	61150001	1.05251	1.04762	2
15	61200001	1.05431	1.04762	2
15	61250001	1.13679	1.04762	2
15	61300001	1.23155	1.04762	2
15	61350001	0.831901	1.04762	2
15	61400001	0.961016	1.04762	2
15	61450001	0.81603	1.04762	2
15	61500001	0.674193	1.04762	2
15	61550001	1.33553	1.04762	2
15	61600001	1.10352	1.04762	2
15	61650001	0.916001	1.04762	2
15	61700001	0.810346	1.04762	2
15	61750001	1.21564	1.04762	2
15	61800001	0.897304	1.04762	2
15	61850001	0.854973	1.04762	2
15	61900001	1.27457	1.04762	2
15	61950001	1.10399	1.04762	2
15	62000001	1.00561	1.04762	2
15	62050001	1.05725	1.04762	2
15	62100001	0.975167	1.04762	2
15	62150001	1.34581	1.04762	2
15	62200001	1.29338	1.04762	2
15	62250001	1.1618	1.04762	2
15	62300001	1.05064	1.04762	2
15	62350001	1.00239	1.04762	2
15	62400001	1.03451	1.04762	2
15	62450001	1.06789	1.04762	2
15	62500001	0.913162	1.04762	2
15	62550001	0.975789	1.04762	2
15	62600001	1.13407	1.04762	2
15	62650001	0.798307	1.04762	2
15	62700001	1.09651	1.04762	2
15	62750001	0.993432	1.04762	2
15	62800001	0.844721	1.04762	2
15	62850001	0.968828	1.04762	2
15	62900001	1.40906	1.04762	2
15	62950001	1.03192	1.04762	2
15	63000001	0.920236	1.04762	2
15	63050001	0.876629	1.04762	2
15	63100001	1.00943	1.04762	2
15	63150001	1.38114	1.04762	2
15	63200001	0.993114	1.04762	2
15	63250001	1.12336	1.04762	2
15	63300001	0.942178	1.04762	2
15	63350001	1.15801	1.04762	2
15	63400001	1.15426	1.04762	2
15	63450001	1.10402	1.04762	2
15	63500001	1.05739	1.04762	2
15	63550001	1.15931	1.04762	2
15	63600001	0.907637	1.04762	2
15	63650001	1.18501	1.04762	2
15	63700001	1.21095	1.04762	2
15	63750001	1.12039	1.04762	2
15	63800001	1.02328	1.04762	2
15	63850001	0.594559	1.04762	2
15	63900001	0.792029	1.04762	2
15	63950001	1.12456	1.04762	2
15	64000001	1.25285	1.04762	2
15	64050001	1.25436	1.04762	2
15	64100001	0.896924	1.04762	2
15	64150001	0.805427	1.04762	2
15	64200001	0.992607	1.04762	2
15	64250001	1.28185	1.04762	2
15	64300001	0.853356	1.04762	2
15	64350001	0.826954	1.04762	2
15	64400001	0.980712	1.04762	2
15	64450001	1.11458	1.04762	2
15	64500001	0.941961	1.04762	2
15	64550001	1.31448	1.04762	2
15	64600001	1.13273	1.04762	2
15	64650001	1.09662	1.04762	2
15	64700001	0.983993	1.04762	2
15	64750001	1.08196	1.04762	2
15	64800001	1.04874	1.04762	2
15	64850001	1.12756	1.04762	2
15	64900001	1.08143	1.04762	2
15	64950001	0.906485	0.969282	2
15	65000001	0.597034	0.969282	2
15	65050001	0.671463	0.969282	2
15	65100001	0.728534	0.969282	2
15	65150001	0.859374	0.969282	2
15	65200001	0.678328	0.969282	2
15	65250001	0.95419	0.969282	2
15	65300001	1.22928	0.969282	2
15	65350001	0.840386	0.969282	2
15	65400001	0.829777	0.969282	2
15	65450001	0.922684	0.969282	2
15	65500001	0.738016	0.969282	2
15	65550001	0.944461	0.969282	2
15	65600001	1.04503	0.969282	2
15	65650001	0.736948	0.969282	2
15	65700001	0.720494	0.969282	2
15	65750001	0.973285	0.969282	2
15	65800001	0.814239	0.969282	2
15	65850001	1.23639	0.969282	2
15	65900001	0.883982	0.969282	2
15	65950001	1.27533	0.969282	2
15	66000001	1.03815	0.969282	2
15	66050001	0.875373	0.969282	2
15	66100001	1.11204	0.969282	2
15	66150001	1.01628	0.969282	2
15	66200001	0.612843	0.969282	2
15	66250001	1.18741	0.969282	2
15	66300001	0.717905	0.969282	2
15	66350001	0.716729	0.969282	2
15	66400001	0.826299	0.969282	2
15	66450001	1.05472	0.969282	2
15	66500001	0.918808	0.969282	2
15	66550001	1.06286	0.969282	2
15	66600001	0.803751	0.969282	2
15	66650001	0.984247	0.969282	2
15	66700001	0.969282	0.969282	2
15	66750001	0.782524	0.969282	2
15	66800001	0.778966	0.969282	2
15	66850001	0.946252	0.969282	2
15	66900001	0.679032	0.969282	2
15	66950001	0.832176	0.969282	2
15	67000001	0.794312	0.969282	2
15	67050001	0.916586	0.969282	2
15	67100001	0.76755	0.969282	2
15	67150001	0.758984	0.969282	2
15	67200001	1.02269	0.969282	2
15	67250001	0.994085	0.969282	2
15	67300001	0.86335	0.969282	2
15	67350001	1.0296	0.969282	2
15	67400001	0.802813	0.969282	2
15	67450001	0.949841	0.969282	2
15	67500001	1.22022	0.969282	2
15	67550001	1.21684	0.969282	2
15	67600001	1.06659	0.969282	2
15	67650001	1.14063	0.969282	2
15	67700001	1.05682	0.969282	2
15	67750001	1.15307	0.969282	2
15	67800001	0.937164	0.969282	2
15	67850001	1.13766	0.969282	2
15	67900001	0.829602	0.969282	2
15	67950001	1.2388	0.969282	2
15	68000001	1.12644	0.969282	2
15	68050001	1.19535	0.969282	2
15	68100001	0.43378	0.969282	2
15	68150001	0.948014	0.969282	2
15	68200001	1.1377	0.969282	2
15	68250001	1.09579	0.969282	2
15	68300001	1.02315	0.969282	2
15	68350001	1.23624	0.969282	2
15	68400001	1.10301	0.969282	2
15	68450001	0.908268	0.969282	2
15	68500001	0.977926	0.969282	2
15	68550001	1.51781	0.969282	2
15	68600001	0.461125	0.969282	2
15	68650001	0.79807	0.969282	2
15	68700001	0.928833	0.969282	2
15	68750001	0.988654	0.969282	2
15	68800001	0.845517	0.969282	2
15	68850001	0.985425	0.969282	2
15	68900001	0.886187	0.969282	2
15	68950001	0.776317	0.969282	2
15	69000001	0.744333	0.969282	2
15	69050001	1.16249	0.969282	2
15	69100001	0.896599	0.969282	2
15	69150001	1.0791	0.969282	2
15	69200001	1.032	0.969282	2
15	69250001	1.01672	0.969282	2
15	69300001	0.965813	0.969282	2
15	69350001	0.829734	0.969282	2
15	69400001	1.23565	0.969282	2
15	69450001	1.00965	0.969282	2
15	69500001	0.989947	0.969282	2
15	69550001	0.826402	0.969282	2
15	69600001	0.872053	0.969282	2
15	69650001	0.947769	0.969282	2
15	69700001	0.906635	0.969282	2
15	69750001	0.777198	0.969282	2
15	69800001	0.918851	0.969282	2
15	69850001	0.910371	0.969282	2
15	69900001	0.930648	0.969282	2
15	69950001	0.971483	0.969282	2
15	70000001	0.969478	0.969282	2
15	70050001	1.17907	0.969282	2
15	70100001	0.965475	0.969282	2
15	70150001	1.22682	0.969282	2
15	70200001	0.908581	0.969282	2
15	70250001	1.00234	0.969282	2
15	70300001	0.805666	0.969282	2
15	70350001	0.853621	0.969282	2
15	70400001	0.925799	0.969282	2
15	70450001	0.904043	0.969282	2
15	70500001	1.02838	0.969282	2
15	70550001	0.626296	0.969282	2
15	70600001	0.886106	0.969282	2
15	70650001	0.831457	0.969282	2
15	70700001	1.0138	0.969282	2
15	70750001	0.913882	0.969282	2
15	70800001	1.07918	0.969282	2
15	70850001	0.977587	0.969282	2
15	70900001	1.26815	0.969282	2
15	70950001	1.34656	0.969282	2
15	71000001	1.08693	0.969282	2
15	71050001	1.03738	0.969282	2
15	71100001	0.875439	0.969282	2
15	71150001	1.02509	0.969282	2
15	71200001	1.01135	0.969282	2
15	71250001	1.13215	0.969282	2
15	71300001	0.97391	0.969282	2
15	71350001	1.13002	0.969282	2
15	71400001	0.938835	0.969282	2
15	71450001	1.04736	0.969282	2
15	71500001	0.963505	0.969282	2
15	71550001	0.60073	0.969282	2
15	71600001	1.01516	0.969282	2
15	71650001	0.955771	0.969282	2
15	71700001	1.03396	0.969282	2
15	71750001	1.31772	0.969282	2
15	71800001	1.02245	0.969282	2
15	71850001	0.988257	0.969282	2
15	71900001	1.06692	0.969282	2
15	71950001	1.07807	0.969282	2
15	72000001	0.95877	0.969282	2
15	72050001	0.975036	0.969282	2
15	72100001	0.731879	0.969282	2
15	72150001	1.10719	0.969282	2
15	72200001	0.951002	0.969282	2
15	72250001	1.07426	0.969282	2
15	72300001	1.09672	0.969282	2
15	72350001	0.979508	0.969282	2
15	72400001	0.924336	0.969282	2
15	72450001	0.769881	0.969282	2
15	72500001	1.09973	0.969282	2
15	72550001	0.938019	0.969282	2
15	72600001	1.13171	0.969282	2
15	72650001	1.22333	0.969282	2
15	72700001	1.11519	0.969282	2
15	72750001	0.956369	0.969282	2
15	72800001	1.05095	0.969282	2
15	72850001	1.00529	0.969282	2
15	72900001	1.08235	0.969282	2
15	72950001	1.03904	0.969282	2
15	73000001	0.954581	0.969282	2
15	73050001	0.951363	0.969282	2
15	73100001	0.800162	0.969282	2
15	73150001	0.97902	0.969282	2
15	73200001	1.05641	0.969282	2
15	73250001	1.12402	0.969282	2
15	73300001	1.262	0.969282	2
15	73350001	0.983061	0.969282	2
15	73400001	1.27835	0.969282	2
15	73450001	1.03514	0.969282	2
15	73500001	1.1882	0.969282	2
15	73550001	1.15365	0.969282	2
15	73600001	0.777591	0.969282	2
15	73650001	0.817558	0.969282	2
15	73700001	1.00794	0.969282	2
15	73750001	0.983041	0.969282	2
15	73800001	0.923708	0.969282	2
15	73850001	1.20024	0.969282	2
15	73900001	1.14875	0.969282	2
15	73950001	0.977943	0.969282	2
15	74000001	0.591475	0.969282	2
15	74050001	0.829701	0.969282	2
15	74100001	0.910195	0.969282	2
15	74150001	0.715264	0.969282	2
15	74200001	0.73076	0.969282	2
15	74250001	1.03879	0.969282	2
15	74300001	0.948502	0.969282	2
15	74350001	1.14726	0.969282	2
15	74400001	0.67614	0.969282	2
15	74450001	0.753019	0.969282	2
15	74500001	0.528341	0.969282	2
15	74550001	0.923272	0.969282	2
15	74600001	0.666169	0.969282	2
15	74650001	0.815043	0.969282	2
15	74700001	0.6319	0.969282	2
15	74750001	0.767181	0.969282	2
15	74800001	0.706914	0.969282	2
15	74850001	0.975058	0.969282	2
15	74900001	0.673398	0.969282	2
15	74950001	0.955115	0.969282	2
15	75000001	0.849372	0.969282	2
15	75050001	0.727145	0.969282	2
15	75100001	0.786393	0.969282	2
15	75150001	0.871605	0.969282	2
15	75200001	0.961033	0.969282	2
15	75250001	1.08057	0.969282	2
15	75300001	0.922997	0.969282	2
15	75350001	1.00055	0.969282	2
15	75400001	0.646558	0.969282	2
15	75450001	1.00305	0.969282	2
15	75500001	0.669212	0.969282	2
15	75550001	1.57397	0.969282	2
15	75600001	0.823131	0.969282	2
15	75650001	0.859398	0.969282	2
15	75700001	0.950896	0.969282	2
15	75750001	0.970593	0.969282	2
15	75800001	0.895612	0.969282	2
15	75850001	0.890944	0.969282	2
15	75900001	0.736405	0.969282	2
15	75950001	0.60451	0.969282	2
15	76000001	0.671507	0.969282	2
15	76050001	0.909053	0.969282	2
15	76100001	1.15624	0.969282	2
15	76150001	0.937686	0.969282	2
15	76200001	1.29671	0.969282	2
15	76250001	1.17939	0.969282	2
15	76300001	1.14252	0.969282	2
15	76350001	1.13879	0.969282	2
15	76400001	1.34515	0.969282	2
15	76450001	0.676969	0.969282	2
15	76500001	1.00196	0.969282	2
15	76550001	1.18639	0.969282	2
15	76600001	0.880358	0.969282	2
15	76650001	1.12759	0.969282	2
15	76700001	1.04516	0.969282	2
15	76750001	1.04487	0.969282	2
15	76800001	1.04727	0.969282	2
15	76850001	1.19584	0.969282	2
15	76900001	0.97555	0.969282	2
15	76950001	1.20326	0.969282	2
15	77000001	0.922686	0.969282	2
15	77050001	1.23568	0.969282	2
15	77100001	1.08028	0.969282	2
15	77150001	1.19024	0.969282	2
15	77200001	0.932006	0.969282	2
15	77250001	0.874111	0.969282	2
15	77300001	0.569136	0.969282	2
15	77350001	1.28934	0.969282	2
15	77400001	0.78678	0.969282	2
15	77450001	0.974064	0.969282	2
15	77500001	1.2142	0.969282	2
15	77550001	1.36272	0.969282	2
15	77600001	1.0554	0.969282	2
15	77650001	1.45263	0.969282	2
15	77700001	1.03084	0.969282	2
15	77750001	1.01871	0.969282	2
15	77800001	0.669951	0.652549	1
15	77850001	0.702294	0.652549	1
15	77900001	0.460016	0.652549	1
15	77950001	0.676237	0.652549	1
15	78000001	0.538906	0.652549	1
15	78050001	0.581419	0.652549	1
15	78100001	0.663819	0.652549	1
15	78150001	0.40842	0.652549	1
15	78200001	0.904648	0.652549	1
15	78250001	0.641279	0.652549	1
15	78300001	1.11528	1.00506	2
15	78350001	0.881847	1.00506	2
15	78400001	0.896683	1.00506	2
15	78450001	1.04571	1.00506	2
15	78500001	1.09605	1.00506	2
15	78550001	1.11775	1.00506	2
15	78600001	0.969562	1.00506	2
15	78650001	1.00099	1.00506	2
15	78700001	1.00309	1.00506	2
15	78750001	1.46635	1.00506	2
15	78800001	0.762737	1.00506	2
15	78850001	0.869713	1.00506	2
15	78900001	1.06011	1.00506	2
15	78950001	0.726945	1.00506	2
15	79000001	0.794385	1.00506	2
15	79050001	0.492833	1.00506	2
15	79100001	0.819608	1.00506	2
15	79150001	0.928686	1.00506	2
15	79200001	0.53566	1.00506	2
15	79250001	0.637385	1.00506	2
15	79300001	0.755812	1.00506	2
15	79350001	0.810504	1.00506	2
15	79400001	0.931227	1.00506	2
15	79450001	0.779567	1.00506	2
15	79500001	0.894988	1.00506	2
15	79550001	1.00703	1.00506	2
15	79600001	0.983952	1.00506	2
15	79650001	0.93979	1.00506	2
15	79700001	1.05566	1.00506	2
15	79750001	1.14175	1.00506	2
15	79800001	1.14028	1.00506	2
15	79850001	1.03971	1.00506	2
15	79900001	0.937773	1.00506	2
15	79950001	1.03844	1.00506	2
15	80000001	1.12795	1.00506	2
15	80050001	0.948094	1.00506	2
15	80100001	0.840294	1.00506	2
15	80150001	1.12449	1.00506	2
15	80200001	0.86493	1.00506	2
15	80250001	1.01382	1.00506	2
15	80300001	0.893754	1.00506	2
15	80350001	1.09649	1.00506	2
15	80400001	1.22378	1.00506	2
15	80450001	0.857479	1.00506	2
15	80500001	1.09454	1.00506	2
15	80550001	1.04582	1.00506	2
15	80600001	-1	1.00506	2
15	80650001	-1	1.00506	2
15	80700001	1.3595	1.00506	2
15	80750001	0.780589	1.00506	2
15	80800001	0.901058	1.00506	2
15	80850001	0.98092	1.00506	2
15	80900001	0.933124	1.00506	2
15	80950001	1.04825	1.00506	2
15	81000001	1.09472	1.00506	2
15	81050001	0.921545	1.00506	2
15	81100001	1.05241	1.00506	2
15	81150001	1.04873	1.00506	2
15	81200001	0.884534	1.00506	2
15	81250001	0.797054	1.00506	2
15	81300001	1.14413	1.00506	2
15	81350001	1.15335	1.00506	2
15	81400001	1.10147	1.00506	2
15	81450001	0.820613	1.00506	2
15	81500001	1.24935	1.00506	2
15	81550001	1.25388	1.00506	2
15	81600001	1.1523	1.00506	2
15	81650001	1.03691	1.00506	2
15	81700001	1.0501	1.00506	2
15	81750001	1.07182	1.00506	2
15	81800001	1.12922	1.00506	2
15	81850001	0.982469	1.00506	2
15	81900001	1.18874	1.00506	2
15	81950001	0.99264	1.00506	2
15	82000001	1.21426	1.00506	2
15	82050001	1.24203	1.00506	2
15	82100001	1.08411	1.00506	2
15	82150001	1.18494	1.00506	2
15	82200001	0.84556	1.00506	2
15	82250001	0.929272	1.00506	2
15	82300001	1.03367	1.00506	2
15	82350001	0.900339	1.00506	2
15	82400001	0.868158	1.00506	2
15	82450001	1.20017	1.00506	2
15	82500001	1.41414	1.00506	2
15	82550001	0.791653	1.00506	2
15	82600001	0.478596	0.478596	1
15	82650001	0.439517	0.478596	1
15	82700001	0.47797	0.478596	1
15	82750001	-1	0.478596	1
15	82800001	-1	0.478596	1
15	82850001	0.128395	0.478596	1
15	82900001	0.475247	0.478596	1
15	82950001	0.853093	0.478596	1
15	83000001	0.930281	0.478596	1
15	83050001	0.510098	0.478596	1
15	83100001	0.321273	0.478596	1
15	83150001	0.825302	0.478596	1
15	83200001	0.665619	0.478596	1
15	83250001	1.09377	0.969895	2
15	83300001	0.887977	0.969895	2
15	83350001	0.672713	0.969895	2
15	83400001	0.967	0.969895	2
15	83450001	0.863507	0.969895	2
15	83500001	0.859696	0.969895	2
15	83550001	0.83365	0.969895	2
15	83600001	0.847151	0.969895	2
15	83650001	1.08783	0.969895	2
15	83700001	0.861112	0.969895	2
15	83750001	0.629417	0.969895	2
15	83800001	1.06976	0.969895	2
15	83850001	1.11126	0.969895	2
15	83900001	1.01019	0.969895	2
15	83950001	1.10871	0.969895	2
15	84000001	0.891764	0.969895	2
15	84050001	0.942205	0.969895	2
15	84100001	0.789267	0.969895	2
15	84150001	0.953473	0.969895	2
15	84200001	1.19962	0.969895	2
15	84250001	0.885904	0.969895	2
15	84300001	0.994988	0.969895	2
15	84350001	1.07129	0.969895	2
15	84400001	1.11097	0.969895	2
15	84450001	0.928007	0.969895	2
15	84500001	1.18081	0.969895	2
15	84550001	0.860688	0.969895	2
15	84600001	0.941994	0.969895	2
15	84650001	1.06738	0.969895	2
15	84700001	1.15041	0.969895	2
15	84750001	1.09383	0.969895	2
15	84800001	0.693353	0.969895	2
15	84850001	1.15351	0.969895	2
15	84900001	1.1079	0.969895	2
15	84950001	0.318359	0.969895	2
15	85000001	0.187154	0.969895	2
15	85050001	1.08391	0.969895	2
15	85100001	0.955335	0.969895	2
15	85150001	0.868676	0.969895	2
15	85200001	0.94715	0.969895	2
15	85250001	0.875247	0.969895	2
15	85300001	0.99663	0.969895	2
15	85350001	0.911841	0.969895	2
15	85400001	0.540856	0.969895	2
15	85450001	0.744787	0.969895	2
15	85500001	0.9051	0.969895	2
15	85550001	1.22959	0.969895	2
15	85600001	0.957573	0.969895	2
15	85650001	1.20374	0.969895	2
15	85700001	0.837275	0.969895	2
15	85750001	1.14091	0.969895	2
15	85800001	0.595459	0.969895	2
15	85850001	1.01976	0.969895	2
15	85900001	0.987881	0.969895	2
15	85950001	1.0346	0.969895	2
15	86000001	1.035	0.969895	2
15	86050001	1.06218	0.969895	2
15	86100001	1.02225	0.969895	2
15	86150001	1.14935	0.969895	2
15	86200001	1.23796	0.969895	2
15	86250001	1.03561	0.969895	2
15	86300001	0.490634	0.969895	2
15	86350001	0.934507	0.969895	2
15	86400001	0.922401	0.969895	2
15	86450001	1.21868	0.969895	2
15	86500001	1.05034	0.969895	2
15	86550001	1.1063	0.969895	2
15	86600001	0.973041	0.969895	2
15	86650001	1.31938	0.969895	2
15	86700001	1.10679	0.969895	2
15	86750001	1.01748	0.969895	2
15	86800001	1.27652	0.969895	2
15	86850001	1.06655	0.969895	2
15	86900001	1.40979	0.969895	2
15	86950001	0.997823	0.969895	2
15	87000001	1.26865	0.969895	2
15	87050001	0.864302	0.969895	2
15	87100001	1.15997	0.969895	2
15	87150001	1.13055	0.969895	2
15	87200001	1.06734	0.969895	2
15	87250001	0.966801	0.969895	2
15	87300001	0.862556	0.969895	2
15	87350001	1.0668	0.969895	2
15	87400001	0.960728	0.969895	2
15	87450001	0.701222	0.969895	2
15	87500001	0.969895	0.969895	2
15	87550001	0.830985	0.969895	2
15	87600001	0.991097	0.969895	2
15	87650001	0.97941	0.969895	2
15	87700001	1.09864	0.969895	2
15	87750001	1.13616	0.969895	2
15	87800001	0.917455	0.969895	2
15	87850001	0.985793	0.969895	2
15	87900001	0.992329	0.969895	2
15	87950001	1.01985	0.969895	2
15	88000001	1.02047	0.969895	2
15	88050001	1.03137	0.969895	2
15	88100001	0.896237	0.969895	2
15	88150001	0.766072	0.969895	2
15	88200001	0.966701	0.969895	2
15	88250001	0.88843	0.969895	2
15	88300001	0.842791	0.969895	2
15	88350001	0.895594	0.969895	2
15	88400001	0.85946	0.969895	2
15	88450001	1.03999	0.969895	2
15	88500001	1.14714	0.969895	2
15	88550001	1.00388	0.969895	2
15	88600001	0.823519	0.969895	2
15	88650001	0.877999	0.969895	2
15	88700001	1.1128	0.969895	2
15	88750001	0.790619	0.969895	2
15	88800001	0.99	0.969895	2
15	88850001	0.96757	0.969895	2
15	88900001	1.12541	0.969895	2
15	88950001	1.09999	0.969895	2
15	89000001	0.906777	0.969895	2
15	89050001	1.07988	0.969895	2
15	89100001	0.982408	0.969895	2
15	89150001	0.700668	0.969895	2
15	89200001	0.842488	0.969895	2
15	89250001	1.35513	0.969895	2
15	89300001	0.751107	0.969895	2
15	89350001	0.874754	0.969895	2
15	89400001	0.864218	0.969895	2
15	89450001	0.818645	0.969895	2
15	89500001	0.982422	0.969895	2
15	89550001	0.895327	0.969895	2
15	89600001	1.22062	0.969895	2
15	89650001	1.01275	0.969895	2
15	89700001	0.819655	0.969895	2
15	89750001	0.997314	0.969895	2
15	89800001	1.21823	0.969895	2
15	89850001	0.660603	0.969895	2
15	89900001	0.799427	0.969895	2
15	89950001	0.904272	0.969895	2
15	90000001	0.837165	0.969895	2
15	90050001	0.876992	0.969895	2
15	90100001	1.29886	0.969895	2
15	90150001	0.665251	0.969895	2
15	90200001	1.01292	0.969895	2
15	90250001	1.14581	0.969895	2
15	90300001	0.760914	0.969895	2
15	90350001	0.99319	0.969895	2
15	90400001	1.09097	0.969895	2
15	90450001	0.904956	0.969895	2
15	90500001	0.941266	0.969895	2
15	90550001	0.974586	0.969895	2
15	90600001	0.913893	0.969895	2
15	90650001	0.83744	0.969895	2
15	90700001	1.10202	0.969895	2
15	90750001	0.785111	0.969895	2
15	90800001	0.970082	0.969895	2
15	90850001	1.11926	0.969895	2
15	90900001	0.897679	0.969895	2
15	90950001	1.21586	0.969895	2
15	91000001	1.03799	0.969895	2
15	91050001	0.924868	0.969895	2
15	91100001	0.928764	0.969895	2
15	91150001	0.829748	0.969895	2
15	91200001	0.751434	0.969895	2
15	91250001	0.95861	0.969895	2
15	91300001	1.12359	0.969895	2
15	91350001	0.73248	0.969895	2
15	91400001	0.415605	0.969895	2
15	91450001	0.544469	0.969895	2
15	91500001	0.887211	0.969895	2
15	91550001	1.10579	0.969895	2
15	91600001	0.978067	0.969895	2
15	91650001	0.871978	0.969895	2
15	91700001	1.07928	1.03178	2
15	91750001	1.29677	1.03178	2
15	91800001	1.03886	1.03178	2
15	91850001	1.1199	1.03178	2
15	91900001	1.13069	1.03178	2
15	91950001	1.03996	1.03178	2
15	92000001	1.09769	1.03178	2
15	92050001	1.06363	1.03178	2
15	92100001	0.984163	1.03178	2
15	92150001	1.14596	1.03178	2
15	92200001	1.25508	1.03178	2
15	92250001	0.900861	1.03178	2
15	92300001	1.22797	1.03178	2
15	92350001	1.01214	1.03178	2
15	92400001	1.22961	1.03178	2
15	92450001	0.852775	1.03178	2
15	92500001	1.01354	1.03178	2
15	92550001	1.04085	1.03178	2
15	92600001	1.02853	1.03178	2
15	92650001	0.97233	1.03178	2
15	92700001	0.760094	1.03178	2
15	92750001	1.07259	1.03178	2
15	92800001	0.94447	1.03178	2
15	92850001	1.04116	1.03178	2
15	92900001	1.06572	1.03178	2
15	92950001	1.00893	1.03178	2
15	93000001	1.23535	1.03178	2
15	93050001	1.20689	1.03178	2
15	93100001	0.877341	1.03178	2
15	93150001	0.674915	1.03178	2
15	93200001	0.876205	1.03178	2
15	93250001	0.9604	1.03178	2
15	93300001	0.985686	1.03178	2
15	93350001	1.04579	1.03178	2
15	93400001	1.31428	1.03178	2
15	93450001	1.2962	1.03178	2
15	93500001	1.33188	1.03178	2
15	93550001	0.672708	1.03178	2
15	93600001	0.783603	1.03178	2
15	93650001	0.818898	1.03178	2
15	93700001	0.834136	1.03178	2
15	93750001	0.838211	1.03178	2
15	93800001	0.784502	1.03178	2
15	93850001	0.978345	1.03178	2
15	93900001	1.08437	1.03178	2
15	93950001	0.88581	1.03178	2
15	94000001	0.9552	1.03178	2
15	94050001	1.11631	1.03178	2
15	94100001	1.0693	1.03178	2
15	94150001	0.99017	1.03178	2
15	94200001	1.1732	1.03178	2
15	94250001	1.18404	1.03178	2
15	94300001	1.15239	1.03178	2
15	94350001	1.11788	1.03178	2
15	94400001	1.31793	1.03178	2
15	94450001	1.19066	1.03178	2
15	94500001	1.22606	1.03178	2
15	94550001	1.371	1.03178	2
15	94600001	1.10324	1.03178	2
15	94650001	1.1471	1.03178	2
15	94700001	1.04342	1.03178	2
15	94750001	0.931267	1.03178	2
15	94800001	1.06043	1.03178	2
15	94850001	0.979435	1.03178	2
15	94900001	0.974208	1.03178	2
15	94950001	1.1697	1.03178	2
15	95000001	1.32051	1.03178	2
15	95050001	1.34886	1.03178	2
15	95100001	1.17275	1.03178	2
15	95150001	1.19494	1.03178	2
15	95200001	1.06033	1.03178	2
15	95250001	0.997781	1.03178	2
15	95300001	1.18462	1.03178	2
15	95350001	0.730927	1.03178	2
15	95400001	1.13825	1.03178	2
15	95450001	1.12456	1.03178	2
15	95500001	1.01207	1.03178	2
15	95550001	0.969154	1.03178	2
15	95600001	1.03162	1.03178	2
15	95650001	1.22004	1.03178	2
15	95700001	0.936004	1.03178	2
15	95750001	0.820465	1.03178	2
15	95800001	1.03725	1.03178	2
15	95850001	0.996885	1.03178	2
15	95900001	0.941435	1.03178	2
15	95950001	0.941751	1.03178	2
15	96000001	1.04595	1.03178	2
15	96050001	0.740287	1.03178	2
15	96100001	0.962835	1.03178	2
15	96150001	1.02616	1.03178	2
15	96200001	1.02356	1.03178	2
15	96250001	0.85494	1.03178	2
15	96300001	1.11954	1.03178	2
15	96350001	-1	1.03178	2
15	96400001	0.877726	1.03178	2
15	96450001	1.15678	1.03178	2
15	96500001	1.15993	1.03178	2
15	96550001	0.868428	1.03178	2
15	96600001	1.02128	1.03178	2
15	96650001	1.02241	1.03178	2
15	96700001	1.27046	1.03178	2
15	96750001	1.11907	1.03178	2
15	96800001	1.23146	1.03178	2
15	96850001	0.567542	1.03178	2
15	96900001	1.12202	1.03178	2
15	96950001	0.897879	1.03178	2
15	97000001	1.03439	1.03178	2
15	97050001	1.17035	1.03178	2
15	97100001	0.884661	1.03178	2
15	97150001	0.841545	1.03178	2
15	97200001	1.14517	1.03178	2
15	97250001	0.756121	1.03178	2
15	97300001	0.992014	1.03178	2
15	97350001	0.95466	1.03178	2
15	97400001	0.804971	1.03178	2
15	97450001	0.979843	1.03178	2
15	97500001	1.03193	1.03178	2
15	97550001	1.26678	1.03178	2
15	97600001	1.14058	1.03178	2
15	97650001	1.08169	1.03178	2
15	97700001	1.33032	1.03178	2
15	97750001	1.23021	1.03178	2
15	97800001	1.083	1.03178	2
15	97850001	0.877909	1.03178	2
15	97900001	1.06084	1.03178	2
15	97950001	1.0132	1.03178	2
15	98000001	0.786146	1.03178	2
15	98050001	1.1122	1.03178	2
15	98100001	0.978398	1.03178	2
15	98150001	0.951158	1.03178	2
15	98200001	0.958461	1.03178	2
15	98250001	1.05662	1.03178	2
15	98300001	0.97801	1.03178	2
15	98350001	0.857873	1.03178	2
15	98400001	1.02315	1.03178	2
15	98450001	1.26012	1.03178	2
15	98500001	0.970324	1.03178	2
15	98550001	1.11776	1.03178	2
15	98600001	1.16912	1.03178	2
15	98650001	1.00871	1.03178	2
15	98700001	1.02365	1.03178	2
15	98750001	1.2765	1.03178	2
15	98800001	0.878013	1.03178	2
15	98850001	1.04945	1.03178	2
15	98900001	1.25615	1.03178	2
15	98950001	0.666629	1.03178	2
15	99000001	0.774069	1.03178	2
15	99050001	0.859864	1.03178	2
15	99100001	1.00684	1.03178	2
15	99150001	1.10588	1.03178	2
15	99200001	1.01255	1.03178	2
15	99250001	1.03466	1.03178	2
15	99300001	1.00049	1.03178	2
15	99350001	1.34343	1.03178	2
15	99400001	1.32973	1.03178	2
15	99450001	0.843429	1.03178	2
15	99500001	0.728863	1.03178	2
15	99550001	0.87856	1.03178	2
15	99600001	0.956584	1.03178	2
15	99650001	0.848968	1.03178	2
15	99700001	0.993842	1.03178	2
15	99750001	0.95886	1.03178	2
15	99800001	1.16252	1.03178	2
15	99850001	1.45748	1.03178	2
15	99900001	1.19127	1.03178	2
15	99950001	0.442922	1.03178	2
15	100000001	1.14189	1.03178	2
15	100050001	1.30343	1.03178	2
15	100100001	1.05496	1.03178	2
15	100150001	0.990575	1.03178	2
15	100200001	1.32205	1.03178	2
15	100250001	0.942368	1.03178	2
15	100300001	0.862724	1.03178	2
15	100350001	-1	-1	2
15	100400001	-1	-1	2
15	100450001	-1	-1	2
15	100500001	-1	-1	2
15	100550001	-1	-1	2
15	100600001	-1	-1	2
15	100650001	-1	-1	2
15	100700001	-1	-1	2
15	100750001	-1	-1	2
15	100800001	-1	-1	2
15	100850001	-1	-1	2
15	100900001	-1	-1	2
15	100950001	-1	-1	2
15	101000001	-1	-1	2
15	101050001	-1	-1	2
15	101100001	-1	-1	2
15	101150001	-1	-1	2
15	101200001	-1	-1	2
15	101250001	-1	-1	2
15	101300001	-1	-1	2
15	101350001	-1	-1	2
15	101400001	-1	-1	2
15	101450001	-1	-1	2
15	101500001	-1	-1	2
15	101550001	-1	-1	2
15	101600001	-1	-1	2
15	101650001	-1	-1	2
15	101700001	-1	-1	2
15	101750001	-1	-1	2
15	101800001	-1	-1	2
15	101850001	-1	-1	2
15	101900001	-1	-1	2
15	101950001	-1	-1	2
15	102000001	-1	-1	2
15	102050001	-1	-1	2
15	102100001	-1	-1	2
15	102150001	-1	-1	2
15	102200001	-1	-1	2
15	102250001	-1	-1	2
15	102300001	-1	-1	2
15	102350001	-1	-1	2
15	102400001	-1	-1	2
15	102450001	-1	-1	2
15	102500001	-1	-1	2
