Chromosome	Start	Ratio	MedianRatio	CopyNumber
16	1	0	0.435269	1
16	50001	1.09562	0.435269	1
16	100001	0.28124	0.435269	1
16	150001	1.30376	0.435269	1
16	200001	0.612405	0.435269	1
16	250001	1.217	0.435269	1
16	300001	0.358306	0.435269	1
16	350001	0.721367	0.435269	1
16	400001	0.375291	0.435269	1
16	450001	0.941022	0.435269	1
16	500001	1.09835	0.435269	1
16	550001	0.642585	0.435269	1
16	600001	0.252295	0.435269	1
16	650001	0.452465	0.435269	1
16	700001	0.150434	0.435269	1
16	750001	0.321649	0.435269	1
16	800001	0.349724	0.435269	1
16	850001	0.456253	0.435269	1
16	900001	0.403006	0.435269	1
16	950001	0.581281	0.435269	1
16	1000001	0.503645	0.435269	1
16	1050001	0.450298	0.435269	1
16	1100001	0.285447	0.435269	1
16	1150001	0.225679	0.435269	1
16	1200001	0.123741	0.435269	1
16	1250001	0.40489	0.435269	1
16	1300001	0.73646	0.435269	1
16	1350001	0.405545	0.435269	1
16	1400001	0.412381	0.435269	1
16	1450001	0.273437	0.435269	1
16	1500001	0.366259	0.435269	1
16	1550001	0.293609	0.435269	1
16	1600001	0.435269	0.435269	1
16	1650001	1.12599	0.435269	1
16	1700001	1.03412	0.435269	1
16	1750001	0.426332	0.435269	1
16	1800001	0.265704	0.435269	1
16	1850001	0.648979	0.435269	1
16	1900001	1.40149	0.435269	1
16	1950001	0.848315	0.435269	1
16	2000001	0.70345	0.435269	1
16	2050001	0.499808	0.435269	1
16	2100001	0.243038	0.435269	1
16	2150001	0.539287	0.435269	1
16	2200001	0.541301	0.435269	1
16	2250001	0.410691	0.435269	1
16	2300001	0.341326	0.435269	1
16	2350001	0.841238	0.862673	2
16	2400001	1.19406	0.862673	2
16	2450001	1.16685	0.862673	2
16	2500001	0.44216	0.862673	2
16	2550001	0.67688	0.862673	2
16	2600001	0.587087	0.862673	2
16	2650001	0.485959	0.862673	2
16	2700001	0.778566	0.862673	2
16	2750001	0.573699	0.862673	2
16	2800001	1.10054	0.862673	2
16	2850001	0.771959	0.862673	2
16	2900001	1.00385	0.862673	2
16	2950001	0.855467	0.862673	2
16	3000001	0.379054	0.862673	2
16	3050001	0.650538	0.862673	2
16	3100001	1.08148	0.862673	2
16	3150001	0.710029	0.862673	2
16	3200001	0.763726	0.862673	2
16	3250001	0.934771	0.862673	2
16	3300001	0.912041	0.862673	2
16	3350001	1.19069	0.862673	2
16	3400001	1.24139	0.862673	2
16	3450001	1.06091	0.862673	2
16	3500001	0.80636	0.862673	2
16	3550001	1.32023	0.862673	2
16	3600001	0.5698	0.862673	2
16	3650001	0.944192	0.862673	2
16	3700001	0.838137	0.862673	2
16	3750001	0.899889	0.862673	2
16	3800001	0.909261	0.862673	2
16	3850001	1.02192	0.862673	2
16	3900001	1.02494	0.862673	2
16	3950001	0.794971	0.862673	2
16	4000001	0.635666	0.862673	2
16	4050001	0.788208	0.862673	2
16	4100001	1.27894	0.862673	2
16	4150001	0.794911	0.862673	2
16	4200001	1.04015	0.862673	2
16	4250001	0.634814	0.862673	2
16	4300001	1.19401	0.862673	2
16	4350001	0.25243	0.862673	2
16	4400001	0.383789	0.862673	2
16	4450001	0.823478	0.862673	2
16	4500001	0.975408	0.862673	2
16	4550001	1.23079	0.862673	2
16	4600001	0.956031	0.862673	2
16	4650001	0.876667	0.862673	2
16	4700001	0.409608	0.862673	2
16	4750001	1.04803	0.862673	2
16	4800001	0.802824	0.862673	2
16	4850001	0.91385	0.862673	2
16	4900001	0.862673	0.862673	2
16	4950001	0.778308	0.862673	2
16	5000001	0.869711	0.862673	2
16	5050001	1.10784	0.862673	2
16	5100001	0.769915	0.862673	2
16	5150001	0.872455	0.862673	2
16	5200001	1.46344	1.13416	2
16	5250001	1.06652	1.13416	2
16	5300001	0.993677	1.13416	2
16	5350001	1.37272	1.13416	2
16	5400001	1.14162	1.13416	2
16	5450001	0.87333	1.13416	2
16	5500001	1.09575	1.13416	2
16	5550001	1.09253	1.13416	2
16	5600001	1.09507	1.13416	2
16	5650001	1.1803	1.13416	2
16	5700001	1.23156	1.13416	2
16	5750001	1.47835	1.13416	2
16	5800001	1.04727	1.13416	2
16	5850001	1.01466	1.13416	2
16	5900001	0.942114	1.13416	2
16	5950001	1.27782	1.13416	2
16	6000001	1.20591	1.13416	2
16	6050001	0.952366	1.13416	2
16	6100001	1.65475	1.13416	2
16	6150001	1.06561	1.13416	2
16	6200001	1.14484	1.13416	2
16	6250001	1.11089	1.13416	2
16	6300001	1.29276	1.13416	2
16	6350001	1.28071	1.13416	2
16	6400001	1.02471	1.13416	2
16	6450001	1.61421	1.13416	2
16	6500001	1.17922	1.13416	2
16	6550001	1.57591	1.13416	2
16	6600001	1.15605	1.13416	2
16	6650001	1.28082	1.13416	2
16	6700001	1.01295	1.13416	2
16	6750001	1.36773	1.13416	2
16	6800001	1.29321	1.13416	2
16	6850001	0.90671	1.13416	2
16	6900001	1.07262	1.13416	2
16	6950001	0.976827	1.13416	2
16	7000001	1.043	1.13416	2
16	7050001	0.86241	1.13416	2
16	7100001	0.986614	1.13416	2
16	7150001	0.929463	1.13416	2
16	7200001	1.02004	1.13416	2
16	7250001	1.46251	1.13416	2
16	7300001	1.20613	1.13416	2
16	7350001	1.24701	1.13416	2
16	7400001	0.925787	1.13416	2
16	7450001	1.06566	1.13416	2
16	7500001	1.16149	1.13416	2
16	7550001	0.748012	1.13416	2
16	7600001	1.17952	1.13416	2
16	7650001	0.974904	1.13416	2
16	7700001	0.872751	1.13416	2
16	7750001	1.1107	1.13416	2
16	7800001	0.738257	1.13416	2
16	7850001	0.876913	1.13416	2
16	7900001	1.23681	1.13416	2
16	7950001	1.17931	1.13416	2
16	8000001	1.1969	1.13416	2
16	8050001	1.15614	1.13416	2
16	8100001	1.13534	1.13416	2
16	8150001	0.896173	1.13416	2
16	8200001	0.974895	1.13416	2
16	8250001	1.06723	1.13416	2
16	8300001	0.953151	1.13416	2
16	8350001	1.04462	1.13416	2
16	8400001	1.0654	1.13416	2
16	8450001	1.11662	1.13416	2
16	8500001	1.50927	1.13416	2
16	8550001	-1	1.13416	2
16	8600001	0.940663	1.13416	2
16	8650001	0.308798	1.13416	2
16	8700001	1.19056	1.13416	2
16	8750001	1.2281	1.13416	2
16	8800001	0.858925	1.13416	2
16	8850001	1.02749	1.13416	2
16	8900001	1.39223	1.13416	2
16	8950001	0.644985	1.13416	2
16	9000001	1.59027	1.13416	2
16	9050001	0.81296	1.13416	2
16	9100001	1.08707	1.13416	2
16	9150001	0.857689	1.13416	2
16	9200001	0.856068	1.13416	2
16	9250001	1.1016	1.13416	2
16	9300001	1.2638	1.13416	2
16	9350001	1.58583	1.13416	2
16	9400001	0.761774	1.13416	2
16	9450001	1.22402	1.13416	2
16	9500001	1.0686	1.13416	2
16	9550001	0.797233	1.13416	2
16	9600001	1.54151	1.13416	2
16	9650001	1.15915	1.13416	2
16	9700001	0.93076	1.13416	2
16	9750001	0.952313	1.13416	2
16	9800001	1.11075	1.13416	2
16	9850001	1.03163	1.13416	2
16	9900001	1.16737	1.13416	2
16	9950001	1.13368	1.13416	2
16	10000001	1.30171	1.13416	2
16	10050001	0.93265	1.13416	2
16	10100001	1.23315	1.13416	2
16	10150001	1.06061	1.13416	2
16	10200001	1.30605	1.13416	2
16	10250001	0.85121	1.13416	2
16	10300001	0.95555	1.13416	2
16	10350001	0.88757	1.13416	2
16	10400001	0.976404	1.13416	2
16	10450001	1.16937	1.13416	2
16	10500001	1.15559	1.13416	2
16	10550001	1.33125	1.13416	2
16	10600001	1.37359	1.13416	2
16	10650001	1.22841	1.13416	2
16	10700001	1.1584	1.13416	2
16	10750001	1.30524	1.13416	2
16	10800001	0.866609	1.13416	2
16	10850001	0.944594	1.13416	2
16	10900001	0.975791	1.13416	2
16	10950001	0.988306	1.13416	2
16	11000001	0.964049	1.13416	2
16	11050001	1.43564	1.13416	2
16	11100001	1.14487	1.13416	2
16	11150001	1.11693	1.13416	2
16	11200001	1.19351	1.13416	2
16	11250001	0.988347	1.13416	2
16	11300001	0.820786	1.13416	2
16	11350001	1.09025	1.13416	2
16	11400001	0.989414	1.13416	2
16	11450001	1.1764	1.13416	2
16	11500001	0.872899	1.13416	2
16	11550001	0.849377	1.13416	2
16	11600001	1.111	1.13416	2
16	11650001	1.01055	1.13416	2
16	11700001	0.865609	1.13416	2
16	11750001	0.981608	1.13416	2
16	11800001	1.07548	1.13416	2
16	11850001	1.06704	1.13416	2
16	11900001	1.30849	1.13416	2
16	11950001	1.06237	1.13416	2
16	12000001	1.12303	1.13416	2
16	12050001	1.47536	1.13416	2
16	12100001	0.999898	1.13416	2
16	12150001	1.32695	1.13416	2
16	12200001	1.09778	1.13416	2
16	12250001	0.954534	1.13416	2
16	12300001	1.21373	1.13416	2
16	12350001	1.23735	1.13416	2
16	12400001	1.24737	1.13416	2
16	12450001	1.40484	1.13416	2
16	12500001	1.04569	1.13416	2
16	12550001	1.05853	1.13416	2
16	12600001	0.978258	1.13416	2
16	12650001	0.940785	1.13416	2
16	12700001	1.01562	1.13416	2
16	12750001	1.09941	1.13416	2
16	12800001	1.16848	1.13416	2
16	12850001	0.887961	1.13416	2
16	12900001	1.34523	1.13416	2
16	12950001	1.16864	1.13416	2
16	13000001	1.07655	1.13416	2
16	13050001	1.31617	1.13416	2
16	13100001	1.07093	1.13416	2
16	13150001	1.46594	1.13416	2
16	13200001	1.42364	1.13416	2
16	13250001	1.02131	1.13416	2
16	13300001	1.15742	1.13416	2
16	13350001	1.39656	1.13416	2
16	13400001	1.22624	1.13416	2
16	13450001	1.33798	1.13416	2
16	13500001	0.884049	1.13416	2
16	13550001	1.31657	1.13416	2
16	13600001	1.04422	1.13416	2
16	13650001	1.19095	1.13416	2
16	13700001	0.929546	1.13416	2
16	13750001	1.27127	1.13416	2
16	13800001	0.999505	1.13416	2
16	13850001	0.999296	1.13416	2
16	13900001	1.17874	1.13416	2
16	13950001	1.02027	1.13416	2
16	14000001	1.29242	1.13416	2
16	14050001	0.929383	1.13416	2
16	14100001	0.917216	1.13416	2
16	14150001	1.06337	1.13416	2
16	14200001	1.22717	1.13416	2
16	14250001	1.16423	1.13416	2
16	14300001	1.20453	1.13416	2
16	14350001	1.51594	1.13416	2
16	14400001	0.916648	1.13416	2
16	14450001	0.895557	1.13416	2
16	14500001	1.07677	1.13416	2
16	14550001	1.46474	1.13416	2
16	14600001	1.33711	1.13416	2
16	14650001	0.990157	1.13416	2
16	14700001	1.05153	1.13416	2
16	14750001	0.946775	1.13416	2
16	14800001	1.21439	1.13416	2
16	14850001	1.03435	1.13416	2
16	14900001	1.34871	1.13416	2
16	14950001	1.1414	1.13416	2
16	15000001	1.40769	1.13416	2
16	15050001	1.71672	1.13416	2
16	15100001	2.15092	1.13416	2
16	15150001	1.34642	1.13416	2
16	15200001	0.466809	1.13416	2
16	15250001	1.6738	1.13416	2
16	15300001	1.40267	1.13416	2
16	15350001	1.14588	1.13416	2
16	15400001	1.15891	1.13416	2
16	15450001	1.28081	1.13416	2
16	15500001	1.18237	1.13416	2
16	15550001	1.19225	1.13416	2
16	15600001	0.904565	1.13416	2
16	15650001	1.34973	1.13416	2
16	15700001	1.18012	1.13416	2
16	15750001	1.06565	1.13416	2
16	15800001	0.991623	1.13416	2
16	15850001	1.107	1.13416	2
16	15900001	1.05291	1.13416	2
16	15950001	1.29968	1.13416	2
16	16000001	1.39353	1.13416	2
16	16050001	1.27336	1.13416	2
16	16100001	1.34506	1.13416	2
16	16150001	1.11906	1.13416	2
16	16200001	1.07563	1.13416	2
16	16250001	1.22392	1.13416	2
16	16300001	1.23435	1.13416	2
16	16350001	1.52562	1.13416	2
16	16400001	0.531952	1.13416	2
16	16450001	0.718898	1.13416	2
16	16500001	1.06609	1.13416	2
16	16550001	0.967612	1.13416	2
16	16600001	1.5959	1.13416	2
16	16650001	1.25803	1.13416	2
16	16700001	1.24125	1.13416	2
16	16750001	1.16894	1.13416	2
16	16800001	0.919916	1.13416	2
16	16850001	1.15664	1.13416	2
16	16900001	1.30348	1.13416	2
16	16950001	1.37977	1.13416	2
16	17000001	1.19565	1.13416	2
16	17050001	1.21609	1.13416	2
16	17100001	1.21656	1.13416	2
16	17150001	1.24134	1.13416	2
16	17200001	1.05305	1.13416	2
16	17250001	1.02631	1.13416	2
16	17300001	1.29104	1.13416	2
16	17350001	1.16006	1.13416	2
16	17400001	0.908789	1.13416	2
16	17450001	1.243	1.13416	2
16	17500001	0.78616	1.13416	2
16	17550001	1.00102	1.13416	2
16	17600001	0.998375	1.13416	2
16	17650001	1.26993	1.13416	2
16	17700001	1.1384	1.13416	2
16	17750001	1.25876	1.13416	2
16	17800001	1.0894	1.13416	2
16	17850001	1.28084	1.13416	2
16	17900001	1.5658	1.13416	2
16	17950001	0.960389	1.13416	2
16	18000001	1.20135	1.13416	2
16	18050001	1.43401	1.13416	2
16	18100001	1.11478	1.13416	2
16	18150001	0.872678	1.13416	2
16	18200001	1.00838	1.13416	2
16	18250001	1.37631	1.13416	2
16	18300001	1.66035	1.13416	2
16	18350001	2.02552	1.13416	2
16	18400001	0.743412	1.13416	2
16	18450001	0.715714	1.13416	2
16	18500001	1.40035	1.13416	2
16	18550001	1.37389	1.13416	2
16	18600001	1.92533	1.13416	2
16	18650001	2.05002	1.13416	2
16	18700001	1.64365	1.13416	2
16	18750001	1.12727	1.13416	2
16	18800001	1.27163	1.13416	2
16	18850001	1.27479	1.13416	2
16	18900001	1.27958	1.13416	2
16	18950001	1.11116	1.13416	2
16	19000001	1.01884	1.13416	2
16	19050001	1.12475	1.13416	2
16	19100001	1.24724	1.13416	2
16	19150001	1.11763	1.13416	2
16	19200001	1.30924	1.13416	2
16	19250001	1.36625	1.13416	2
16	19300001	1.1483	1.13416	2
16	19350001	1.10401	1.13416	2
16	19400001	1.20599	1.13416	2
16	19450001	0.953838	1.13416	2
16	19500001	1.16966	1.13416	2
16	19550001	1.07397	1.13416	2
16	19600001	1.21096	1.13416	2
16	19650001	1.24939	1.13416	2
16	19700001	1.05915	1.13416	2
16	19750001	1.21988	1.13416	2
16	19800001	1.40124	1.13416	2
16	19850001	0.789807	1.13416	2
16	19900001	0.952704	1.13416	2
16	19950001	1.26993	1.13416	2
16	20000001	1.15853	1.13416	2
16	20050001	1.27735	1.13416	2
16	20100001	1.18059	1.13416	2
16	20150001	1.34357	1.13416	2
16	20200001	1.44344	1.13416	2
16	20250001	1.0084	1.13416	2
16	20300001	1.51379	1.13416	2
16	20350001	1.05428	1.13416	2
16	20400001	0.972627	1.13416	2
16	20450001	1.13463	1.13416	2
16	20500001	1.03941	1.13416	2
16	20550001	1.11169	1.13416	2
16	20600001	0.702945	1.13416	2
16	20650001	1.05415	1.13416	2
16	20700001	1.29565	1.13416	2
16	20750001	1.19003	1.13416	2
16	20800001	1.16728	1.13416	2
16	20850001	1.09525	1.13416	2
16	20900001	1.29405	1.13416	2
16	20950001	1.21427	1.13416	2
16	21000001	0.978001	1.13416	2
16	21050001	1.2119	1.13416	2
16	21100001	0.962672	1.13416	2
16	21150001	1.13282	1.13416	2
16	21200001	1.31483	1.13416	2
16	21250001	1.28436	1.13416	2
16	21300001	1.34773	1.13416	2
16	21350001	1.27003	1.13416	2
16	21400001	1.34358	1.13416	2
16	21450001	1.28256	1.13416	2
16	21500001	0.981596	1.13416	2
16	21550001	1.27722	1.13416	2
16	21600001	1.13592	1.13416	2
16	21650001	1.51794	1.13416	2
16	21700001	1.25182	1.13416	2
16	21750001	1.32596	1.13416	2
16	21800001	1.08908	1.13416	2
16	21850001	1.2127	1.13416	2
16	21900001	1.16081	1.13416	2
16	21950001	1.09368	1.13416	2
16	22000001	1.34045	1.13416	2
16	22050001	1.63535	1.13416	2
16	22100001	1.01478	1.13416	2
16	22150001	0.958633	1.13416	2
16	22200001	1.24866	1.13416	2
16	22250001	0.941628	1.13416	2
16	22300001	0.675925	1.13416	2
16	22350001	1.33741	1.13416	2
16	22400001	1.31271	1.13416	2
16	22450001	1.72732	1.13416	2
16	22500001	1.56441	1.13416	2
16	22550001	1.35467	1.13416	2
16	22600001	1.11416	1.13416	2
16	22650001	1.53138	1.13416	2
16	22700001	1.36617	1.13416	2
16	22750001	1.04478	1.13416	2
16	22800001	1.04824	1.13416	2
16	22850001	1.05365	1.13416	2
16	22900001	1.21015	1.13416	2
16	22950001	0.94333	1.13416	2
16	23000001	1.08915	1.13416	2
16	23050001	1.03673	1.13416	2
16	23100001	0.972581	1.13416	2
16	23150001	1.14156	1.13416	2
16	23200001	1.02959	1.13416	2
16	23250001	1.09193	1.13416	2
16	23300001	1.0515	1.13416	2
16	23350001	0.967252	1.13416	2
16	23400001	0.934586	1.13416	2
16	23450001	0.94796	1.13416	2
16	23500001	1.04491	1.13416	2
16	23550001	1.04142	1.13416	2
16	23600001	1.36445	1.13416	2
16	23650001	1.06905	1.13416	2
16	23700001	0.912936	1.13416	2
16	23750001	1.05427	1.13416	2
16	23800001	1.45731	1.13416	2
16	23850001	1.39469	1.13416	2
16	23900001	0.939121	1.13416	2
16	23950001	1.65843	1.13416	2
16	24000001	1.06948	1.13416	2
16	24050001	0.777616	1.13416	2
16	24100001	1.04082	1.13416	2
16	24150001	1.17974	1.13416	2
16	24200001	1.17421	1.13416	2
16	24250001	1.14991	1.13416	2
16	24300001	1.22471	1.13416	2
16	24350001	1.12427	1.13416	2
16	24400001	1.00689	1.13416	2
16	24450001	1.41943	1.13416	2
16	24500001	1.31922	1.13416	2
16	24550001	1.13262	1.13416	2
16	24600001	1.30339	1.13416	2
16	24650001	0.849688	1.13416	2
16	24700001	1.1865	1.13416	2
16	24750001	1.28193	1.13416	2
16	24800001	1.09691	1.13416	2
16	24850001	1.40151	1.13416	2
16	24900001	0.986882	1.13416	2
16	24950001	1.00159	1.13416	2
16	25000001	0.998914	1.13416	2
16	25050001	1.2273	1.13416	2
16	25100001	1.02914	1.13416	2
16	25150001	0.688298	1.13416	2
16	25200001	1.0205	1.13416	2
16	25250001	1.41977	1.13416	2
16	25300001	1.21271	1.13416	2
16	25350001	0.975649	1.13416	2
16	25400001	0.98694	1.13416	2
16	25450001	1.23003	1.13416	2
16	25500001	0.929618	1.13416	2
16	25550001	0.933086	1.13416	2
16	25600001	1.12776	1.13416	2
16	25650001	1.14086	1.13416	2
16	25700001	1.22697	1.13416	2
16	25750001	1.26027	1.13416	2
16	25800001	1.21465	1.13416	2
16	25850001	1.01318	1.13416	2
16	25900001	1.06546	1.13416	2
16	25950001	1.06008	1.13416	2
16	26000001	0.918842	1.13416	2
16	26050001	0.997534	1.13416	2
16	26100001	1.09072	1.13416	2
16	26150001	1.06157	1.13416	2
16	26200001	1.2193	1.13416	2
16	26250001	1.26104	1.13416	2
16	26300001	1.19418	1.13416	2
16	26350001	1.09723	1.13416	2
16	26400001	1.11123	1.13416	2
16	26450001	1.05448	1.13416	2
16	26500001	0.97767	1.13416	2
16	26550001	1.33058	1.13416	2
16	26600001	1.17577	1.13416	2
16	26650001	0.935211	1.13416	2
16	26700001	1.28565	1.13416	2
16	26750001	0.97989	1.13416	2
16	26800001	1.11174	1.13416	2
16	26850001	1.16036	1.13416	2
16	26900001	0.924351	1.13416	2
16	26950001	1.13507	1.13416	2
16	27000001	1.31557	1.13416	2
16	27050001	1.28995	1.13416	2
16	27100001	1.23196	1.13416	2
16	27150001	1.14057	1.13416	2
16	27200001	1.00017	1.13416	2
16	27250001	1.13052	1.13416	2
16	27300001	1.19704	1.13416	2
16	27350001	0.858954	0.974005	2
16	27400001	1.02047	0.974005	2
16	27450001	0.772486	0.974005	2
16	27500001	1.20537	0.974005	2
16	27550001	1.17973	0.974005	2
16	27600001	1.16055	0.974005	2
16	27650001	1.27879	0.974005	2
16	27700001	1.15039	0.974005	2
16	27750001	0.916323	0.974005	2
16	27800001	1.14102	0.974005	2
16	27850001	0.929842	0.974005	2
16	27900001	1.03137	0.974005	2
16	27950001	1.36318	0.974005	2
16	28000001	0.791786	0.974005	2
16	28050001	0.737522	0.974005	2
16	28100001	0.952222	0.974005	2
16	28150001	1.49833	0.974005	2
16	28200001	1.37392	0.974005	2
16	28250001	0.837849	0.974005	2
16	28300001	0.969173	0.974005	2
16	28350001	0.836161	0.974005	2
16	28400001	1.33228	0.974005	2
16	28450001	0.906868	0.974005	2
16	28500001	0.970187	0.974005	2
16	28550001	1.20518	0.974005	2
16	28600001	0.812614	0.974005	2
16	28650001	0.589287	0.974005	2
16	28700001	0.772093	0.974005	2
16	28750001	0.807209	0.974005	2
16	28800001	1.06302	0.974005	2
16	28850001	0.59086	0.974005	2
16	28900001	0.677708	0.974005	2
16	28950001	0.780284	0.974005	2
16	29000001	0.672504	0.974005	2
16	29050001	1.84294	0.974005	2
16	29100001	1.23943	0.974005	2
16	29150001	0.530146	0.974005	2
16	29200001	0.913936	0.974005	2
16	29250001	0.742387	0.974005	2
16	29300001	0.542061	0.974005	2
16	29350001	1.34295	0.974005	2
16	29400001	1.11097	0.974005	2
16	29450001	1.3394	0.974005	2
16	29500001	1.70452	0.974005	2
16	29550001	1.3251	0.974005	2
16	29600001	0.771686	0.974005	2
16	29650001	1.04424	0.974005	2
16	29700001	1.22064	0.974005	2
16	29750001	1.2167	0.974005	2
16	29800001	0.895559	0.974005	2
16	29850001	0.879525	0.974005	2
16	29900001	1.24504	0.974005	2
16	29950001	0.798221	0.974005	2
16	30000001	0.610995	0.974005	2
16	30050001	0.994524	0.974005	2
16	30100001	0.908125	0.974005	2
16	30150001	0.728346	0.974005	2
16	30200001	1.22413	0.974005	2
16	30250001	1.54928	0.974005	2
16	30300001	1.47857	0.974005	2
16	30350001	0.891147	0.974005	2
16	30400001	0.977823	0.974005	2
16	30450001	1.37773	0.974005	2
16	30500001	0.836703	0.974005	2
16	30550001	0.94687	0.974005	2
16	30600001	1.22142	0.974005	2
16	30650001	1.12926	0.974005	2
16	30700001	0.980645	0.974005	2
16	30750001	0.640041	0.974005	2
16	30800001	0.889056	0.974005	2
16	30850001	1.19292	0.974005	2
16	30900001	1.15931	0.974005	2
16	30950001	0.702165	0.974005	2
16	31000001	1.10824	0.974005	2
16	31050001	0.824772	0.974005	2
16	31100001	0.847827	0.974005	2
16	31150001	1.16007	0.974005	2
16	31200001	0.714126	0.974005	2
16	31250001	0.95765	0.974005	2
16	31300001	1.37582	0.974005	2
16	31350001	0.863274	0.974005	2
16	31400001	0.673428	0.974005	2
16	31450001	0.751221	0.974005	2
16	31500001	0.647693	0.974005	2
16	31550001	1.22726	0.974005	2
16	31600001	1.04397	0.974005	2
16	31650001	1.18209	0.974005	2
16	31700001	1.16887	0.974005	2
16	31750001	1.45671	0.974005	2
16	31800001	0.80825	0.974005	2
16	31850001	1.33822	0.974005	2
16	31900001	1.50295	0.974005	2
16	31950001	0.854438	0.974005	2
16	32000001	1.26111	0.974005	2
16	32050001	1.92821	1.94565	4
16	32100001	3.57053	1.94565	4
16	32150001	1.80846	1.94565	4
16	32200001	1.3292	1.94565	4
16	32250001	1.99147	1.94565	4
16	32300001	1.94565	1.94565	4
16	32350001	1.63222	1.94565	4
16	32400001	2.74912	1.94565	4
16	32450001	1.88354	1.94565	4
16	32500001	2.86205	1.94565	4
16	32550001	2.14208	1.94565	4
16	32600001	1.62069	1.37808	3
16	32650001	1.15941	1.37808	3
16	32700001	0.946758	1.37808	3
16	32750001	1.59674	1.37808	3
16	32800001	4.29442	4.29442	9
16	32850001	0.849748	0.998854	2
16	32900001	0.998854	0.998854	2
16	32950001	1.08328	0.998854	2
16	33000001	2.23557	2.46101	5
16	33050001	2.68646	2.46101	5
16	33100001	1.49319	1.06269	2
16	33150001	0.862782	1.06269	2
16	33200001	1.03056	1.06269	2
16	33250001	1.09483	1.06269	2
16	33300001	1.81013	2.03498	4
16	33350001	2.46209	2.03498	4
16	33400001	2.02912	2.03498	4
16	33450001	1.22178	2.03498	4
16	33500001	2.92408	2.03498	4
16	33550001	2.04083	2.03498	4
16	33600001	1.19312	1.15295	2
16	33650001	1.38626	1.15295	2
16	33700001	0.61126	1.15295	2
16	33750001	0.999118	1.15295	2
16	33800001	1.11278	1.15295	2
16	33850001	1.57983	1.15295	2
16	33900001	-1	-1	2
16	33950001	-1	-1	2
16	34000001	-1	-1	2
16	34050001	0	0	0
16	34100001	0	0	0
16	34150001	1.11132	1.03241	2
16	34200001	0.874837	1.03241	2
16	34250001	0.74278	1.03241	2
16	34300001	1.02165	1.03241	2
16	34350001	1.14482	1.03241	2
16	34400001	0.704925	1.03241	2
16	34450001	0.997452	1.03241	2
16	34500001	1.04316	1.03241	2
16	34550001	1.2136	1.03241	2
16	34600001	1.0104	1.03241	2
16	34650001	0.961311	1.03241	2
16	34700001	1.34873	1.03241	2
16	34750001	0.717497	1.03241	2
16	34800001	1.20916	1.03241	2
16	34850001	1.04809	1.03241	2
16	34900001	1.36538	1.03241	2
16	34950001	0.76185	1.03241	2
16	35000001	1.0011	1.03241	2
16	35050001	1.08843	1.03241	2
16	35100001	1.31683	1.03241	2
16	35150001	-1	-1	2
16	35200001	-1	-1	2
16	35250001	-1	-1	2
16	35300001	-1	-1	2
16	35350001	-1	-1	2
16	35400001	-1	-1	2
16	35450001	-1	-1	2
16	35500001	-1	-1	2
16	35550001	-1	-1	2
16	35600001	-1	-1	2
16	35650001	-1	-1	2
16	35700001	-1	-1	2
16	35750001	-1	-1	2
16	35800001	-1	-1	2
16	35850001	-1	-1	2
16	35900001	-1	-1	2
16	35950001	-1	-1	2
16	36000001	-1	-1	2
16	36050001	-1	-1	2
16	36100001	-1	-1	2
16	36150001	-1	-1	2
16	36200001	-1	-1	2
16	36250001	-1	-1	2
16	36300001	-1	-1	2
16	36350001	-1	-1	2
16	36400001	-1	-1	2
16	36450001	-1	-1	2
16	36500001	-1	-1	2
16	36550001	-1	-1	2
16	36600001	-1	-1	2
16	36650001	-1	-1	2
16	36700001	-1	-1	2
16	36750001	-1	-1	2
16	36800001	-1	-1	2
16	36850001	-1	-1	2
16	36900001	-1	-1	2
16	36950001	-1	-1	2
16	37000001	-1	-1	2
16	37050001	-1	-1	2
16	37100001	-1	-1	2
16	37150001	-1	-1	2
16	37200001	-1	-1	2
16	37250001	-1	-1	2
16	37300001	-1	-1	2
16	37350001	-1	-1	2
16	37400001	-1	-1	2
16	37450001	-1	-1	2
16	37500001	-1	-1	2
16	37550001	-1	-1	2
16	37600001	-1	-1	2
16	37650001	-1	-1	2
16	37700001	-1	-1	2
16	37750001	-1	-1	2
16	37800001	-1	-1	2
16	37850001	-1	-1	2
16	37900001	-1	-1	2
16	37950001	-1	-1	2
16	38000001	-1	-1	2
16	38050001	-1	-1	2
16	38100001	-1	-1	2
16	38150001	-1	-1	2
16	38200001	-1	-1	2
16	38250001	-1	-1	2
16	38300001	-1	-1	2
16	38350001	-1	-1	2
16	38400001	-1	-1	2
16	38450001	-1	-1	2
16	38500001	-1	-1	2
16	38550001	-1	-1	2
16	38600001	-1	-1	2
16	38650001	-1	-1	2
16	38700001	-1	-1	2
16	38750001	-1	-1	2
16	38800001	-1	-1	2
16	38850001	-1	-1	2
16	38900001	-1	-1	2
16	38950001	-1	-1	2
16	39000001	-1	-1	2
16	39050001	-1	-1	2
16	39100001	-1	-1	2
16	39150001	-1	-1	2
16	39200001	-1	-1	2
16	39250001	-1	-1	2
16	39300001	-1	-1	2
16	39350001	-1	-1	2
16	39400001	-1	-1	2
16	39450001	-1	-1	2
16	39500001	-1	-1	2
16	39550001	-1	-1	2
16	39600001	-1	-1	2
16	39650001	-1	-1	2
16	39700001	-1	-1	2
16	39750001	-1	-1	2
16	39800001	-1	-1	2
16	39850001	-1	-1	2
16	39900001	-1	-1	2
16	39950001	-1	-1	2
16	40000001	-1	-1	2
16	40050001	-1	-1	2
16	40100001	-1	-1	2
16	40150001	-1	-1	2
16	40200001	-1	-1	2
16	40250001	-1	-1	2
16	40300001	-1	-1	2
16	40350001	-1	-1	2
16	40400001	-1	-1	2
16	40450001	-1	-1	2
16	40500001	-1	-1	2
16	40550001	-1	-1	2
16	40600001	-1	-1	2
16	40650001	-1	-1	2
16	40700001	-1	-1	2
16	40750001	-1	-1	2
16	40800001	-1	-1	2
16	40850001	-1	-1	2
16	40900001	-1	-1	2
16	40950001	-1	-1	2
16	41000001	-1	-1	2
16	41050001	-1	-1	2
16	41100001	-1	-1	2
16	41150001	-1	-1	2
16	41200001	-1	-1	2
16	41250001	-1	-1	2
16	41300001	-1	-1	2
16	41350001	-1	-1	2
16	41400001	-1	-1	2
16	41450001	-1	-1	2
16	41500001	-1	-1	2
16	41550001	-1	-1	2
16	41600001	-1	-1	2
16	41650001	-1	-1	2
16	41700001	-1	-1	2
16	41750001	-1	-1	2
16	41800001	-1	-1	2
16	41850001	-1	-1	2
16	41900001	-1	-1	2
16	41950001	-1	-1	2
16	42000001	-1	-1	2
16	42050001	-1	-1	2
16	42100001	-1	-1	2
16	42150001	-1	-1	2
16	42200001	-1	-1	2
16	42250001	-1	-1	2
16	42300001	-1	-1	2
16	42350001	-1	-1	2
16	42400001	-1	-1	2
16	42450001	-1	-1	2
16	42500001	-1	-1	2
16	42550001	-1	-1	2
16	42600001	-1	-1	2
16	42650001	-1	-1	2
16	42700001	-1	-1	2
16	42750001	-1	-1	2
16	42800001	-1	-1	2
16	42850001	-1	-1	2
16	42900001	-1	-1	2
16	42950001	-1	-1	2
16	43000001	-1	-1	2
16	43050001	-1	-1	2
16	43100001	-1	-1	2
16	43150001	-1	-1	2
16	43200001	-1	-1	2
16	43250001	-1	-1	2
16	43300001	-1	-1	2
16	43350001	-1	-1	2
16	43400001	-1	-1	2
16	43450001	-1	-1	2
16	43500001	-1	-1	2
16	43550001	-1	-1	2
16	43600001	-1	-1	2
16	43650001	-1	-1	2
16	43700001	-1	-1	2
16	43750001	-1	-1	2
16	43800001	-1	-1	2
16	43850001	-1	-1	2
16	43900001	-1	-1	2
16	43950001	-1	-1	2
16	44000001	-1	-1	2
16	44050001	-1	-1	2
16	44100001	-1	-1	2
16	44150001	-1	-1	2
16	44200001	-1	-1	2
16	44250001	-1	-1	2
16	44300001	-1	-1	2
16	44350001	-1	-1	2
16	44400001	-1	-1	2
16	44450001	-1	-1	2
16	44500001	-1	-1	2
16	44550001	-1	-1	2
16	44600001	-1	-1	2
16	44650001	-1	-1	2
16	44700001	-1	-1	2
16	44750001	-1	-1	2
16	44800001	-1	-1	2
16	44850001	-1	-1	2
16	44900001	-1	-1	2
16	44950001	0	0	0
16	45000001	0	0	0
16	45050001	0	0	0
16	45100001	0	0	0
16	45150001	0	0	0
16	45200001	0	0	0
16	45250001	0	0	0
16	45300001	0	0	0
16	45350001	0	0	0
16	45400001	0	0	0
16	45450001	0	0	0
16	45500001	0	0	0
16	45550001	0	0	0
16	45600001	0	0	0
16	45650001	0	0	0
16	45700001	0	0	0
16	45750001	0	0	0
16	45800001	0	0	0
16	45850001	0	0	0
16	45900001	0	0	0
16	45950001	0	0	0
16	46000001	0	0	0
16	46050001	0	0	0
16	46100001	0	0	0
16	46150001	0	0	0
16	46200001	0	0	0
16	46250001	0	0	0
16	46300001	0	0	0
16	46350001	59.889	67.3876	135
16	46400001	74.8863	67.3876	135
16	46450001	2.90782	2.90782	6
16	46500001	1.18157	0.918909	2
16	46550001	0.725693	0.918909	2
16	46600001	0.800641	0.918909	2
16	46650001	0.858053	0.918909	2
16	46700001	1.06764	0.918909	2
16	46750001	0.790499	0.918909	2
16	46800001	0.842046	0.918909	2
16	46850001	0.726106	0.918909	2
16	46900001	0.759475	0.918909	2
16	46950001	0.688308	0.918909	2
16	47000001	0.7545	0.918909	2
16	47050001	0.799029	0.918909	2
16	47100001	0.906113	0.918909	2
16	47150001	0.976818	0.918909	2
16	47200001	0.778719	0.918909	2
16	47250001	0.79337	0.918909	2
16	47300001	1.15603	0.918909	2
16	47350001	1.11762	0.918909	2
16	47400001	0.849651	0.918909	2
16	47450001	0.852709	0.918909	2
16	47500001	1.08807	0.918909	2
16	47550001	0.726554	0.918909	2
16	47600001	0.907505	0.918909	2
16	47650001	0.771557	0.918909	2
16	47700001	0.817156	0.918909	2
16	47750001	0.929594	0.918909	2
16	47800001	1.30862	0.918909	2
16	47850001	1.06074	0.918909	2
16	47900001	1.21389	0.918909	2
16	47950001	1.09804	0.918909	2
16	48000001	0.916475	0.918909	2
16	48050001	1.07003	0.918909	2
16	48100001	0.976313	0.918909	2
16	48150001	1.16039	0.918909	2
16	48200001	0.849912	0.918909	2
16	48250001	1.21134	0.918909	2
16	48300001	1.27697	0.918909	2
16	48350001	0.977609	0.918909	2
16	48400001	0.918909	0.918909	2
16	48450001	0.864787	0.918909	2
16	48500001	1.04017	0.918909	2
16	48550001	0.50157	0.918909	2
16	48600001	1.04506	0.918909	2
16	48650001	1.20913	0.918909	2
16	48700001	1.21156	0.918909	2
16	48750001	1.11071	0.918909	2
16	48800001	0.938511	0.918909	2
16	48850001	0.954452	0.918909	2
16	48900001	0.838768	0.918909	2
16	48950001	1.04094	0.918909	2
16	49000001	0.922449	0.918909	2
16	49050001	1.44512	0.918909	2
16	49100001	0.874305	0.918909	2
16	49150001	1.0989	0.918909	2
16	49200001	0.839418	0.918909	2
16	49250001	0.873106	0.918909	2
16	49300001	0.922084	0.918909	2
16	49350001	0.971539	0.918909	2
16	49400001	0.844673	0.918909	2
16	49450001	0.573582	0.918909	2
16	49500001	0.492331	0.918909	2
16	49550001	0.632776	0.918909	2
16	49600001	0.857604	0.918909	2
16	49650001	0.47945	0.918909	2
16	49700001	0.631703	0.918909	2
16	49750001	0.595233	0.918909	2
16	49800001	0.69269	0.918909	2
16	49850001	0.821376	0.918909	2
16	49900001	0.726111	0.918909	2
16	49950001	1.28209	0.918909	2
16	50000001	0.929693	0.918909	2
16	50050001	1.07066	0.918909	2
16	50100001	0.783214	0.918909	2
16	50150001	0.578183	0.918909	2
16	50200001	0.895673	0.918909	2
16	50250001	0.796746	0.918909	2
16	50300001	0.446356	0.918909	2
16	50350001	0.975044	0.918909	2
16	50400001	0.601267	0.918909	2
16	50450001	0.842615	0.918909	2
16	50500001	0.782534	0.918909	2
16	50550001	0.884759	0.918909	2
16	50600001	0.729169	0.918909	2
16	50650001	0.73476	0.918909	2
16	50700001	0.777231	0.918909	2
16	50750001	1.19064	0.918909	2
16	50800001	1.05404	0.918909	2
16	50850001	0.959391	0.918909	2
16	50900001	1.21612	0.918909	2
16	50950001	0.681779	0.918909	2
16	51000001	0.721797	0.918909	2
16	51050001	0.552086	0.918909	2
16	51100001	1.04373	0.918909	2
16	51150001	0.793982	0.918909	2
16	51200001	0.81649	0.918909	2
16	51250001	1.02841	0.918909	2
16	51300001	0.749198	0.918909	2
16	51350001	0.589358	0.918909	2
16	51400001	0.499444	0.918909	2
16	51450001	0.956296	0.918909	2
16	51500001	1.1157	0.918909	2
16	51550001	0.906683	0.918909	2
16	51600001	1.03486	0.918909	2
16	51650001	0.855087	0.918909	2
16	51700001	0.884011	0.918909	2
16	51750001	1.08497	0.918909	2
16	51800001	1.11997	0.918909	2
16	51850001	1.30791	0.918909	2
16	51900001	0.897079	0.918909	2
16	51950001	1.27108	0.918909	2
16	52000001	0.816031	0.918909	2
16	52050001	0.838906	0.918909	2
16	52100001	0.664519	0.918909	2
16	52150001	1.06543	0.918909	2
16	52200001	1.05005	0.918909	2
16	52250001	0.65999	0.918909	2
16	52300001	0.720538	0.918909	2
16	52350001	1.12583	0.918909	2
16	52400001	0.819156	0.918909	2
16	52450001	0.958934	0.918909	2
16	52500001	1.08863	0.918909	2
16	52550001	0.964032	0.918909	2
16	52600001	1.28071	0.918909	2
16	52650001	1.15606	0.918909	2
16	52700001	1.28492	0.918909	2
16	52750001	0.962028	0.918909	2
16	52800001	1.22901	0.918909	2
16	52850001	1.00817	0.918909	2
16	52900001	0.86551	0.918909	2
16	52950001	1.01582	0.918909	2
16	53000001	1.08501	0.918909	2
16	53050001	1.00238	0.918909	2
16	53100001	1.13648	0.918909	2
16	53150001	0.991146	0.918909	2
16	53200001	1.02121	0.918909	2
16	53250001	0.85001	0.918909	2
16	53300001	1.12228	0.918909	2
16	53350001	0.906771	0.918909	2
16	53400001	1.02003	0.918909	2
16	53450001	0.998133	0.918909	2
16	53500001	1.18149	0.918909	2
16	53550001	1.03215	0.918909	2
16	53600001	0.643738	0.918909	2
16	53650001	0.937468	0.918909	2
16	53700001	1.07999	0.918909	2
16	53750001	0.846591	0.918909	2
16	53800001	0.929482	0.918909	2
16	53850001	0.874765	0.918909	2
16	53900001	0.79152	0.918909	2
16	53950001	0.986104	0.918909	2
16	54000001	1.39979	0.918909	2
16	54050001	0.941556	0.918909	2
16	54100001	0.902642	0.918909	2
16	54150001	0.799783	0.918909	2
16	54200001	0.868923	0.918909	2
16	54250001	0.784547	0.918909	2
16	54300001	0.702389	0.918909	2
16	54350001	1.0018	0.918909	2
16	54400001	0.699009	0.918909	2
16	54450001	0.738488	0.918909	2
16	54500001	1.08822	0.918909	2
16	54550001	1.20289	0.918909	2
16	54600001	1.11143	0.918909	2
16	54650001	1.14508	0.918909	2
16	54700001	1.24103	0.918909	2
16	54750001	0.816834	0.918909	2
16	54800001	1.10267	0.918909	2
16	54850001	1.00531	0.918909	2
16	54900001	1.09453	0.918909	2
16	54950001	0.83976	0.918909	2
16	55000001	0.906694	0.918909	2
16	55050001	0.545862	0.918909	2
16	55100001	0.71419	0.918909	2
16	55150001	0.987135	0.918909	2
16	55200001	0.761137	0.918909	2
16	55250001	1.07971	0.918909	2
16	55300001	0.822739	0.918909	2
16	55350001	0.680353	0.918909	2
16	55400001	1.11669	0.918909	2
16	55450001	1.26842	0.918909	2
16	55500001	0.850502	0.918909	2
16	55550001	0.840043	0.918909	2
16	55600001	1.22008	0.918909	2
16	55650001	0.817744	0.918909	2
16	55700001	0.840368	0.918909	2
16	55750001	0.839945	0.918909	2
16	55800001	0.557441	0.918909	2
16	55850001	1.04129	0.918909	2
16	55900001	0.845304	0.918909	2
16	55950001	1.00824	0.918909	2
16	56000001	1.2408	0.918909	2
16	56050001	0.957732	0.918909	2
16	56100001	0.981702	0.918909	2
16	56150001	1.13371	0.918909	2
16	56200001	0.721945	0.918909	2
16	56250001	1.10877	0.918909	2
16	56300001	1.1067	0.918909	2
16	56350001	0.573797	0.918909	2
16	56400001	1.00227	0.918909	2
16	56450001	1.0259	0.918909	2
16	56500001	1.13708	0.918909	2
16	56550001	1.08818	0.918909	2
16	56600001	0.920256	0.918909	2
16	56650001	0.753938	0.918909	2
16	56700001	0.898301	0.918909	2
16	56750001	1.15879	0.918909	2
16	56800001	1.28428	0.918909	2
16	56850001	1.29525	0.918909	2
16	56900001	0.975556	0.918909	2
16	56950001	1.09337	0.918909	2
16	57000001	0.962096	0.918909	2
16	57050001	1.2028	0.918909	2
16	57100001	0.704444	0.918909	2
16	57150001	0.680194	0.918909	2
16	57200001	1.25245	0.918909	2
16	57250001	0.909296	0.918909	2
16	57300001	0.898482	0.918909	2
16	57350001	0.714495	0.918909	2
16	57400001	0.816011	0.918909	2
16	57450001	1.13943	0.918909	2
16	57500001	0.616251	0.918909	2
16	57550001	0.793989	0.918909	2
16	57600001	0.969503	0.918909	2
16	57650001	0.391883	0.918909	2
16	57700001	0.896037	0.918909	2
16	57750001	0.456068	0.918909	2
16	57800001	0.759841	0.918909	2
16	57850001	1.1033	0.918909	2
16	57900001	0.992221	0.918909	2
16	57950001	0.569979	0.918909	2
16	58000001	0.68901	0.918909	2
16	58050001	0.464722	0.918909	2
16	58100001	0.561271	0.918909	2
16	58150001	0.955678	0.918909	2
16	58200001	0.949795	0.918909	2
16	58250001	1.11036	0.918909	2
16	58300001	1.19348	0.918909	2
16	58350001	1.14225	0.918909	2
16	58400001	1.12228	0.918909	2
16	58450001	0.86234	0.918909	2
16	58500001	0.503128	0.918909	2
16	58550001	0.853381	0.918909	2
16	58600001	0.938843	0.918909	2
16	58650001	0.790123	0.918909	2
16	58700001	1.08394	0.918909	2
16	58750001	0.580091	0.918909	2
16	58800001	0.858776	0.918909	2
16	58850001	1.23512	1.02298	2
16	58900001	1.12478	1.02298	2
16	58950001	1.34057	1.02298	2
16	59000001	1.11788	1.02298	2
16	59050001	0.858383	1.02298	2
16	59100001	0.719998	1.02298	2
16	59150001	1.09592	1.02298	2
16	59200001	1.1628	1.02298	2
16	59250001	0.937459	1.02298	2
16	59300001	1.11148	1.02298	2
16	59350001	0.805707	1.02298	2
16	59400001	1.1618	1.02298	2
16	59450001	1.40878	1.02298	2
16	59500001	0.687287	1.02298	2
16	59550001	1.12311	1.02298	2
16	59600001	1.10594	1.02298	2
16	59650001	1.01559	1.02298	2
16	59700001	0.965375	1.02298	2
16	59750001	0.967412	1.02298	2
16	59800001	1.03511	1.02298	2
16	59850001	0.951567	1.02298	2
16	59900001	0.983095	1.02298	2
16	59950001	1.29108	1.02298	2
16	60000001	0.791542	1.02298	2
16	60050001	1.2415	1.02298	2
16	60100001	0.901014	1.02298	2
16	60150001	0.929667	1.02298	2
16	60200001	1.07062	1.02298	2
16	60250001	1.04089	1.02298	2
16	60300001	1.07871	1.02298	2
16	60350001	0.922021	1.02298	2
16	60400001	0.843179	1.02298	2
16	60450001	0.763145	1.02298	2
16	60500001	0.855339	1.02298	2
16	60550001	1.31681	1.02298	2
16	60600001	1.35405	1.02298	2
16	60650001	0.669912	1.02298	2
16	60700001	1.14633	1.02298	2
16	60750001	0.929515	1.02298	2
16	60800001	1.07927	1.02298	2
16	60850001	1.08952	1.02298	2
16	60900001	1.09306	1.02298	2
16	60950001	1.34467	1.02298	2
16	61000001	1.30008	1.02298	2
16	61050001	0.801237	1.02298	2
16	61100001	0.845179	1.02298	2
16	61150001	0.8777	1.02298	2
16	61200001	0.879925	1.02298	2
16	61250001	0.747617	1.02298	2
16	61300001	0.821407	1.02298	2
16	61350001	1.00922	1.02298	2
16	61400001	0.793474	1.02298	2
16	61450001	0.910119	1.02298	2
16	61500001	1.05426	1.02298	2
16	61550001	1.11252	1.02298	2
16	61600001	1.01748	1.02298	2
16	61650001	1.21987	1.02298	2
16	61700001	0.910365	1.02298	2
16	61750001	0.996046	1.02298	2
16	61800001	1.07285	1.02298	2
16	61850001	1.12259	1.02298	2
16	61900001	1.39417	1.02298	2
16	61950001	0.864361	1.02298	2
16	62000001	1.02723	1.02298	2
16	62050001	0.986571	1.02298	2
16	62100001	0.832039	1.02298	2
16	62150001	1.28497	1.02298	2
16	62200001	0.847252	1.02298	2
16	62250001	1.46834	1.02298	2
16	62300001	1.23112	1.02298	2
16	62350001	0.828388	1.02298	2
16	62400001	1.22998	1.02298	2
16	62450001	0.84531	1.02298	2
16	62500001	1.18882	1.02298	2
16	62550001	1.26466	1.02298	2
16	62600001	1.0401	1.02298	2
16	62650001	0.79217	1.02298	2
16	62700001	1.16767	1.02298	2
16	62750001	0.809141	1.02298	2
16	62800001	1.1251	1.02298	2
16	62850001	1.20301	1.02298	2
16	62900001	1.09005	1.02298	2
16	62950001	0.837239	1.02298	2
16	63000001	1.03184	1.02298	2
16	63050001	1.13544	1.02298	2
16	63100001	1.01385	1.02298	2
16	63150001	1.02943	1.02298	2
16	63200001	1.33813	1.02298	2
16	63250001	0.625593	1.02298	2
16	63300001	1.05821	1.02298	2
16	63350001	0.956813	1.02298	2
16	63400001	1.44295	1.02298	2
16	63450001	0.924638	1.02298	2
16	63500001	1.0281	1.02298	2
16	63550001	0.937221	1.02298	2
16	63600001	1.22417	1.02298	2
16	63650001	0.840483	1.02298	2
16	63700001	0.79386	1.02298	2
16	63750001	1.13392	1.02298	2
16	63800001	0.850013	1.02298	2
16	63850001	1.11577	1.02298	2
16	63900001	1.00879	1.02298	2
16	63950001	0.9562	1.02298	2
16	64000001	0.999001	1.02298	2
16	64050001	1.16747	1.02298	2
16	64100001	1.13356	1.02298	2
16	64150001	0.954853	1.02298	2
16	64200001	0.978654	1.02298	2
16	64250001	0.957794	1.02298	2
16	64300001	0.683309	1.02298	2
16	64350001	0.831676	1.02298	2
16	64400001	1.16257	1.02298	2
16	64450001	0.785453	1.02298	2
16	64500001	0.866375	1.02298	2
16	64550001	0.89105	1.02298	2
16	64600001	1.34689	1.02298	2
16	64650001	0.964461	1.02298	2
16	64700001	1.18222	1.02298	2
16	64750001	0.596247	1.02298	2
16	64800001	0.859305	1.02298	2
16	64850001	0.95844	1.02298	2
16	64900001	1.17621	1.02298	2
16	64950001	1.0626	1.02298	2
16	65000001	0.955425	1.02298	2
16	65050001	1.15517	1.02298	2
16	65100001	0.774324	1.02298	2
16	65150001	0.587764	1.02298	2
16	65200001	1.32064	1.02298	2
16	65250001	0.940552	1.02298	2
16	65300001	1.08286	1.02298	2
16	65350001	1.32686	1.02298	2
16	65400001	0.984159	1.02298	2
16	65450001	1.0218	1.02298	2
16	65500001	1.09477	1.02298	2
16	65550001	1.1218	1.02298	2
16	65600001	1.02161	1.02298	2
16	65650001	0.691424	1.02298	2
16	65700001	1.2887	1.02298	2
16	65750001	1.29536	1.02298	2
16	65800001	1.04777	1.02298	2
16	65850001	1.41147	1.02298	2
16	65900001	0.885148	1.02298	2
16	65950001	0.9236	1.02298	2
16	66000001	1.27175	1.02298	2
16	66050001	0.913644	1.02298	2
16	66100001	1.05772	1.02298	2
16	66150001	1.02417	1.02298	2
16	66200001	1.04906	1.02298	2
16	66250001	0.843836	0.863863	2
16	66300001	0.796219	0.863863	2
16	66350001	0.985893	0.863863	2
16	66400001	0.900526	0.863863	2
16	66450001	0.92256	0.863863	2
16	66500001	0.82755	0.863863	2
16	66550001	0.916015	0.863863	2
16	66600001	0.702857	0.863863	2
16	66650001	1.18898	0.863863	2
16	66700001	0.703259	0.863863	2
16	66750001	0.84166	0.863863	2
16	66800001	1.16339	0.863863	2
16	66850001	0.940367	0.863863	2
16	66900001	0.797378	0.863863	2
16	66950001	0.917923	0.863863	2
16	67000001	0.821009	0.863863	2
16	67050001	1.12651	0.863863	2
16	67100001	0.929547	0.863863	2
16	67150001	0.618327	0.863863	2
16	67200001	0.530894	0.863863	2
16	67250001	0.782147	0.863863	2
16	67300001	0.92859	0.863863	2
16	67350001	0.942376	0.863863	2
16	67400001	0.873852	0.863863	2
16	67450001	0.660445	0.863863	2
16	67500001	0.681267	0.863863	2
16	67550001	0.499099	0.863863	2
16	67600001	0.77973	0.863863	2
16	67650001	0.506961	0.863863	2
16	67700001	0.872281	0.863863	2
16	67750001	0.780477	0.863863	2
16	67800001	0.646379	0.863863	2
16	67850001	0.522053	0.863863	2
16	67900001	0.787521	0.863863	2
16	67950001	0.596898	0.863863	2
16	68000001	0.770805	0.863863	2
16	68050001	1.04404	0.863863	2
16	68100001	0.775541	0.863863	2
16	68150001	1.20384	0.863863	2
16	68200001	1.0033	0.863863	2
16	68250001	0.569472	0.863863	2
16	68300001	1.00006	0.863863	2
16	68350001	1.10034	0.863863	2
16	68400001	0.601493	0.863863	2
16	68450001	0.987342	0.863863	2
16	68500001	0.590668	0.863863	2
16	68550001	1.17531	0.863863	2
16	68600001	0.930365	0.863863	2
16	68650001	0.817709	0.863863	2
16	68700001	0.689098	0.863863	2
16	68750001	0.935481	0.863863	2
16	68800001	0.661412	0.863863	2
16	68850001	0.804177	0.863863	2
16	68900001	0.877845	0.863863	2
16	68950001	1.34783	0.863863	2
16	69000001	1.26798	0.863863	2
16	69050001	0.977385	0.863863	2
16	69100001	1.15243	0.863863	2
16	69150001	0.825475	0.863863	2
16	69200001	1.10828	0.863863	2
16	69250001	0.988115	0.863863	2
16	69300001	0.866268	0.863863	2
16	69350001	0.888291	0.863863	2
16	69400001	1.08827	0.863863	2
16	69450001	0.990534	0.863863	2
16	69500001	0.805593	0.863863	2
16	69550001	1.1006	0.863863	2
16	69600001	0.861459	0.863863	2
16	69650001	1.02799	0.863863	2
16	69700001	0.867709	0.863863	2
16	69750001	0.7513	0.863863	2
16	69800001	1.16921	0.863863	2
16	69850001	0.773448	0.863863	2
16	69900001	0.777223	0.863863	2
16	69950001	0.552818	0.863863	2
16	70000001	0.904579	0.863863	2
16	70050001	0.942347	0.863863	2
16	70100001	0.952076	0.863863	2
16	70150001	1.0814	0.863863	2
16	70200001	0.765808	0.863863	2
16	70250001	0.997632	0.863863	2
16	70300001	0.918063	0.863863	2
16	70350001	0.770692	0.863863	2
16	70400001	0.584764	0.863863	2
16	70450001	0.475196	0.863863	2
16	70500001	0.776199	0.863863	2
16	70550001	0.913624	0.863863	2
16	70600001	0.819472	0.863863	2
16	70650001	0.657775	0.863863	2
16	70700001	0.552635	0.863863	2
16	70750001	0.614891	0.863863	2
16	70800001	1.03523	0.863863	2
16	70850001	1.56944	1.82121	4
16	70900001	1.82121	1.82121	4
16	70950001	1.84936	1.82121	4
16	71000001	2.79887	2.65229	5
16	71050001	2.74748	2.65229	5
16	71100001	2.5571	2.65229	5
16	71150001	2.26274	2.65229	5
16	71200001	1.17059	0.921259	2
16	71250001	1.07225	0.921259	2
16	71300001	1.21288	0.921259	2
16	71350001	0.907789	0.921259	2
16	71400001	0.819477	0.921259	2
16	71450001	1.13623	0.921259	2
16	71500001	0.890141	0.921259	2
16	71550001	0.775234	0.921259	2
16	71600001	0.744362	0.921259	2
16	71650001	0.785642	0.921259	2
16	71700001	0.965107	0.921259	2
16	71750001	1.27901	0.921259	2
16	71800001	0.884784	0.921259	2
16	71850001	0.92411	0.921259	2
16	71900001	0.813356	0.921259	2
16	71950001	1.08436	0.921259	2
16	72000001	0.97917	0.921259	2
16	72050001	0.797194	0.921259	2
16	72100001	1.04429	0.921259	2
16	72150001	1.20138	0.921259	2
16	72200001	1.06488	0.921259	2
16	72250001	1.01454	0.921259	2
16	72300001	1.06591	0.921259	2
16	72350001	0.817275	0.921259	2
16	72400001	1.15872	0.921259	2
16	72450001	1.18042	0.921259	2
16	72500001	0.945204	0.921259	2
16	72550001	0.807749	0.921259	2
16	72600001	1.01405	0.921259	2
16	72650001	0.861364	0.921259	2
16	72700001	1.11676	0.921259	2
16	72750001	1.0972	0.921259	2
16	72800001	0.861344	0.921259	2
16	72850001	1.02447	0.921259	2
16	72900001	1.01663	0.921259	2
16	72950001	0.745897	0.921259	2
16	73000001	0.993196	0.921259	2
16	73050001	0.773618	0.921259	2
16	73100001	0.63627	0.921259	2
16	73150001	0.708177	0.921259	2
16	73200001	0.871742	0.921259	2
16	73250001	0.808822	0.921259	2
16	73300001	1.25267	0.921259	2
16	73350001	0.960944	0.921259	2
16	73400001	0.799507	0.921259	2
16	73450001	0.964883	0.921259	2
16	73500001	0.93929	0.921259	2
16	73550001	1.0072	0.921259	2
16	73600001	0.875403	0.921259	2
16	73650001	0.815143	0.921259	2
16	73700001	0.856723	0.921259	2
16	73750001	0.692028	0.921259	2
16	73800001	1.18437	0.921259	2
16	73850001	1.26042	0.921259	2
16	73900001	0.862792	0.921259	2
16	73950001	1.1561	0.921259	2
16	74000001	0.661916	0.921259	2
16	74050001	1.15679	0.921259	2
16	74100001	0.878021	0.921259	2
16	74150001	1.2564	0.921259	2
16	74200001	1.01238	0.921259	2
16	74250001	0.86419	0.921259	2
16	74300001	0.930434	0.921259	2
16	74350001	1.05448	0.921259	2
16	74400001	1.27966	0.921259	2
16	74450001	0.669534	0.921259	2
16	74500001	0.821986	0.921259	2
16	74550001	0.994364	0.921259	2
16	74600001	0.967251	0.921259	2
16	74650001	0.847702	0.921259	2
16	74700001	0.849464	0.921259	2
16	74750001	0.889811	0.921259	2
16	74800001	0.716942	0.921259	2
16	74850001	0.873588	0.921259	2
16	74900001	0.610851	0.921259	2
16	74950001	0.806359	0.921259	2
16	75000001	0.907145	0.921259	2
16	75050001	0.801961	0.921259	2
16	75100001	0.591374	0.921259	2
16	75150001	0.770738	0.921259	2
16	75200001	0.947657	0.921259	2
16	75250001	0.405891	0.921259	2
16	75300001	1.09639	0.921259	2
16	75350001	0.925508	0.921259	2
16	75400001	0.872982	0.921259	2
16	75450001	0.747259	0.921259	2
16	75500001	0.588476	0.921259	2
16	75550001	0.71047	0.921259	2
16	75600001	0.778429	0.921259	2
16	75650001	0.820189	0.921259	2
16	75700001	0.976818	0.921259	2
16	75750001	0.861648	0.921259	2
16	75800001	1.27827	0.921259	2
16	75850001	1.09055	0.921259	2
16	75900001	0.869795	0.921259	2
16	75950001	0.79347	0.921259	2
16	76000001	1.30401	0.921259	2
16	76050001	0.941664	0.921259	2
16	76100001	1.04303	0.921259	2
16	76150001	0.875249	0.921259	2
16	76200001	1.11104	0.921259	2
16	76250001	0.66981	0.921259	2
16	76300001	0.918153	0.921259	2
16	76350001	0.988849	0.921259	2
16	76400001	1.0626	0.921259	2
16	76450001	1.02117	0.921259	2
16	76500001	1.12204	0.921259	2
16	76550001	1.24416	0.921259	2
16	76600001	0.683488	0.921259	2
16	76650001	0.667393	0.921259	2
16	76700001	0.952012	0.921259	2
16	76750001	0.589755	0.921259	2
16	76800001	1.04625	0.921259	2
16	76850001	0.839088	0.921259	2
16	76900001	0.77143	0.921259	2
16	76950001	1.11088	0.921259	2
16	77000001	1.33751	0.921259	2
16	77050001	0.794466	0.921259	2
16	77100001	1.05875	0.921259	2
16	77150001	0.920965	0.921259	2
16	77200001	0.59559	0.921259	2
16	77250001	0.957237	0.921259	2
16	77300001	1.03654	0.921259	2
16	77350001	0.718897	0.921259	2
16	77400001	0.692425	0.921259	2
16	77450001	0.918025	0.921259	2
16	77500001	1.04886	0.921259	2
16	77550001	0.851894	0.921259	2
16	77600001	0.720146	0.921259	2
16	77650001	1.13988	0.921259	2
16	77700001	0.96497	0.921259	2
16	77750001	0.969002	0.921259	2
16	77800001	0.976615	0.921259	2
16	77850001	0.951119	0.921259	2
16	77900001	0.832697	0.921259	2
16	77950001	0.846381	0.921259	2
16	78000001	1.05112	0.921259	2
16	78050001	0.824549	0.921259	2
16	78100001	0.603205	0.921259	2
16	78150001	0.863616	0.921259	2
16	78200001	0.86954	0.921259	2
16	78250001	0.658283	0.921259	2
16	78300001	0.974759	0.921259	2
16	78350001	1.20169	0.921259	2
16	78400001	0.657379	0.921259	2
16	78450001	0.738334	0.921259	2
16	78500001	0.866469	0.921259	2
16	78550001	0.715156	0.921259	2
16	78600001	1.11103	0.921259	2
16	78650001	1.30342	0.921259	2
16	78700001	0.884016	0.921259	2
16	78750001	1.13626	0.921259	2
16	78800001	0.895908	0.921259	2
16	78850001	0.759686	0.921259	2
16	78900001	0.818458	0.921259	2
16	78950001	1.19007	0.921259	2
16	79000001	0.929638	0.921259	2
16	79050001	0.896248	0.921259	2
16	79100001	0.863357	0.921259	2
16	79150001	0.85188	0.921259	2
16	79200001	0.811302	0.921259	2
16	79250001	1.22986	0.921259	2
16	79300001	0.907205	0.921259	2
16	79350001	0.89883	0.921259	2
16	79400001	0.991547	0.921259	2
16	79450001	0.895441	0.921259	2
16	79500001	1.11919	0.921259	2
16	79550001	0.737764	0.921259	2
16	79600001	0.71679	0.921259	2
16	79650001	1.08334	0.921259	2
16	79700001	1.01449	0.921259	2
16	79750001	1.22514	0.921259	2
16	79800001	0.997096	0.921259	2
16	79850001	1.02764	0.921259	2
16	79900001	0.851282	0.921259	2
16	79950001	0.894539	0.921259	2
16	80000001	1.20918	0.921259	2
16	80050001	1.10989	0.921259	2
16	80100001	1.10097	0.921259	2
16	80150001	1.35835	0.921259	2
16	80200001	0.89013	0.921259	2
16	80250001	1.16109	0.921259	2
16	80300001	1.07116	0.921259	2
16	80350001	0.997123	0.921259	2
16	80400001	1.16022	0.921259	2
16	80450001	1.16531	0.921259	2
16	80500001	0.8808	0.921259	2
16	80550001	0.680044	0.921259	2
16	80600001	0.843128	0.921259	2
16	80650001	1.22558	0.921259	2
16	80700001	0.909252	0.921259	2
16	80750001	1.11089	0.921259	2
16	80800001	0.827385	0.921259	2
16	80850001	0.751331	0.921259	2
16	80900001	1.04279	0.921259	2
16	80950001	1.1069	0.921259	2
16	81000001	0.88517	0.921259	2
16	81050001	0.879249	0.921259	2
16	81100001	1.1413	0.921259	2
16	81150001	0.555774	0.921259	2
16	81200001	0.736338	0.921259	2
16	81250001	0.796664	0.921259	2
16	81300001	0.453411	0.921259	2
16	81350001	1.32776	0.921259	2
16	81400001	1.06561	0.921259	2
16	81450001	0.907099	0.921259	2
16	81500001	0.884069	0.921259	2
16	81550001	0.81775	0.921259	2
16	81600001	0.975267	0.921259	2
16	81650001	0.680069	0.921259	2
16	81700001	0.75213	0.921259	2
16	81750001	0.929427	0.921259	2
16	81800001	0.912381	0.921259	2
16	81850001	0.862082	0.921259	2
16	81900001	0.680146	0.921259	2
16	81950001	1.00901	0.921259	2
16	82000001	0.850631	0.921259	2
16	82050001	0.526652	0.921259	2
16	82100001	0.922557	0.921259	2
16	82150001	1.12877	0.921259	2
16	82200001	0.844523	0.921259	2
16	82250001	0.966601	0.921259	2
16	82300001	1.0534	0.921259	2
16	82350001	0.867182	0.921259	2
16	82400001	0.956361	0.921259	2
16	82450001	1.00643	0.921259	2
16	82500001	0.824116	0.921259	2
16	82550001	1.00219	0.921259	2
16	82600001	1.12778	0.921259	2
16	82650001	1.19643	0.921259	2
16	82700001	1.16798	0.921259	2
16	82750001	0.991536	0.921259	2
16	82800001	1.19981	0.921259	2
16	82850001	0.919819	0.921259	2
16	82900001	1.23286	0.921259	2
16	82950001	1.2772	0.921259	2
16	83000001	1.05625	0.921259	2
16	83050001	0.842237	0.921259	2
16	83100001	0.712574	0.921259	2
16	83150001	1.24401	0.921259	2
16	83200001	1.27607	0.921259	2
16	83250001	0.778857	0.921259	2
16	83300001	1.00114	0.921259	2
16	83350001	1.32442	0.921259	2
16	83400001	1.03153	0.921259	2
16	83450001	0.581512	0.921259	2
16	83500001	0.946812	0.921259	2
16	83550001	1.22598	0.921259	2
16	83600001	0.921554	0.921259	2
16	83650001	1.26033	0.921259	2
16	83700001	0.973202	0.921259	2
16	83750001	1.14655	0.921259	2
16	83800001	0.836951	0.921259	2
16	83850001	1.13327	0.921259	2
16	83900001	0.936352	0.921259	2
16	83950001	0.25575	0.921259	2
16	84000001	0.91155	0.921259	2
16	84050001	0.755164	0.921259	2
16	84100001	1.00523	0.921259	2
16	84150001	1.1616	0.921259	2
16	84200001	0.617778	0.921259	2
16	84250001	0.858017	0.921259	2
16	84300001	1.08997	0.921259	2
16	84350001	0.834823	0.921259	2
16	84400001	0.926544	0.921259	2
16	84450001	0.840411	0.921259	2
16	84500001	0.781594	0.921259	2
16	84550001	0.674752	0.921259	2
16	84600001	0.685538	0.921259	2
16	84650001	1.00372	0.921259	2
16	84700001	0.518783	0.536983	1
16	84750001	0.929185	0.536983	1
16	84800001	0.715432	0.536983	1
16	84850001	0.541374	0.536983	1
16	84900001	0.464206	0.536983	1
16	84950001	0.580034	0.536983	1
16	85000001	0.77802	0.536983	1
16	85050001	0.618959	0.536983	1
16	85100001	0.687342	0.536983	1
16	85150001	0.389684	0.536983	1
16	85200001	0.572839	0.536983	1
16	85250001	0.502334	0.536983	1
16	85300001	0.589073	0.536983	1
16	85350001	0.515321	0.536983	1
16	85400001	0.67457	0.536983	1
16	85450001	0.378085	0.536983	1
16	85500001	0.531697	0.536983	1
16	85550001	0.311679	0.536983	1
16	85600001	0.450845	0.536983	1
16	85650001	0.508985	0.536983	1
16	85700001	0.778889	0.536983	1
16	85750001	0.532593	0.536983	1
16	85800001	0.842046	0.898968	2
16	85850001	0.844936	0.898968	2
16	85900001	1.17971	0.898968	2
16	85950001	0.745102	0.898968	2
16	86000001	1.26061	0.898968	2
16	86050001	1.06538	0.898968	2
16	86100001	0.44431	0.898968	2
16	86150001	0.893524	0.898968	2
16	86200001	1.03685	0.898968	2
16	86250001	0.953514	0.898968	2
16	86300001	1.07694	0.898968	2
16	86350001	0.533769	0.898968	2
16	86400001	0.793474	0.898968	2
16	86450001	0.975046	0.898968	2
16	86500001	0.843683	0.898968	2
16	86550001	0.574488	0.898968	2
16	86600001	0.636237	0.898968	2
16	86650001	1.20479	0.898968	2
16	86700001	0.899247	0.898968	2
16	86750001	0.734489	0.898968	2
16	86800001	0.932637	0.898968	2
16	86850001	1.07286	0.898968	2
16	86900001	1.20909	0.898968	2
16	86950001	-1	0.898968	2
16	87000001	1.22227	0.898968	2
16	87050001	0.857693	0.898968	2
16	87100001	1.33173	0.898968	2
16	87150001	0.985609	0.898968	2
16	87200001	0.697032	0.898968	2
16	87250001	1.13517	0.898968	2
16	87300001	0.834187	0.898968	2
16	87350001	0.65095	0.898968	2
16	87400001	0.760175	0.898968	2
16	87450001	0.994743	0.898968	2
16	87500001	0.932868	0.898968	2
16	87550001	0.898688	0.898968	2
16	87600001	0.817557	0.898968	2
16	87650001	0.374473	0.50862	1
16	87700001	0.37261	0.50862	1
16	87750001	0.648441	0.50862	1
16	87800001	0.711022	0.50862	1
16	87850001	0.367279	0.50862	1
16	87900001	0.730901	0.50862	1
16	87950001	0.597353	0.50862	1
16	88000001	0.508917	0.50862	1
16	88050001	0.608862	0.50862	1
16	88100001	0.415802	0.50862	1
16	88150001	0.50862	0.50862	1
16	88200001	0.852285	0.50862	1
16	88250001	0.688162	0.50862	1
16	88300001	0.579358	0.50862	1
16	88350001	0.592032	0.50862	1
16	88400001	0	0.50862	1
16	88450001	0.317562	0.50862	1
16	88500001	0.227028	0.50862	1
16	88550001	0.156507	0.50862	1
16	88600001	0.536875	0.50862	1
16	88650001	0.349858	0.50862	1
16	88700001	0.502109	0.50862	1
16	88750001	0.205837	0.50862	1
16	88800001	-1	-1	1
16	88850001	-1	-1	1
16	88900001	-1	-1	1
16	88950001	-1	-1	1
16	89000001	-1	-1	1
16	89050001	-1	-1	1
16	89100001	-1	-1	1
16	89150001	-1	-1	1
16	89200001	-1	-1	1
16	89250001	-1	-1	1
16	89300001	-1	-1	1
16	89350001	-1	-1	1
16	89400001	-1	-1	1
16	89450001	-1	-1	1
16	89500001	-1	-1	1
16	89550001	-1	-1	1
16	89600001	-1	-1	1
16	89650001	-1	-1	1
16	89700001	-1	-1	1
16	89750001	-1	-1	1
16	89800001	-1	-1	1
16	89850001	-1	-1	1
16	89900001	-1	-1	1
16	89950001	-1	-1	1
16	90000001	-1	-1	1
16	90050001	-1	-1	1
16	90100001	-1	-1	1
16	90150001	-1	-1	1
16	90200001	-1	-1	1
16	90250001	-1	-1	1
16	90300001	-1	-1	1
16	90350001	-1	-1	1
