Chromosome	Start	Ratio	MedianRatio	CopyNumber
14	1	-1	-1	0
14	50001	-1	-1	0
14	100001	-1	-1	0
14	150001	-1	-1	0
14	200001	-1	-1	0
14	250001	-1	-1	0
14	300001	-1	-1	0
14	350001	-1	-1	0
14	400001	-1	-1	0
14	450001	-1	-1	0
14	500001	-1	-1	0
14	550001	-1	-1	0
14	600001	-1	-1	0
14	650001	-1	-1	0
14	700001	-1	-1	0
14	750001	-1	-1	0
14	800001	-1	-1	0
14	850001	-1	-1	0
14	900001	-1	-1	0
14	950001	-1	-1	0
14	1000001	-1	-1	0
14	1050001	-1	-1	0
14	1100001	-1	-1	0
14	1150001	-1	-1	0
14	1200001	-1	-1	0
14	1250001	-1	-1	0
14	1300001	-1	-1	0
14	1350001	-1	-1	0
14	1400001	-1	-1	0
14	1450001	-1	-1	0
14	1500001	-1	-1	0
14	1550001	-1	-1	0
14	1600001	-1	-1	0
14	1650001	-1	-1	0
14	1700001	-1	-1	0
14	1750001	-1	-1	0
14	1800001	-1	-1	0
14	1850001	-1	-1	0
14	1900001	-1	-1	0
14	1950001	-1	-1	0
14	2000001	-1	-1	0
14	2050001	-1	-1	0
14	2100001	-1	-1	0
14	2150001	-1	-1	0
14	2200001	-1	-1	0
14	2250001	-1	-1	0
14	2300001	-1	-1	0
14	2350001	-1	-1	0
14	2400001	-1	-1	0
14	2450001	-1	-1	0
14	2500001	-1	-1	0
14	2550001	-1	-1	0
14	2600001	-1	-1	0
14	2650001	-1	-1	0
14	2700001	-1	-1	0
14	2750001	-1	-1	0
14	2800001	-1	-1	0
14	2850001	-1	-1	0
14	2900001	-1	-1	0
14	2950001	-1	-1	0
14	3000001	-1	-1	0
14	3050001	-1	-1	0
14	3100001	-1	-1	0
14	3150001	-1	-1	0
14	3200001	-1	-1	0
14	3250001	-1	-1	0
14	3300001	-1	-1	0
14	3350001	-1	-1	0
14	3400001	-1	-1	0
14	3450001	-1	-1	0
14	3500001	-1	-1	0
14	3550001	-1	-1	0
14	3600001	-1	-1	0
14	3650001	-1	-1	0
14	3700001	-1	-1	0
14	3750001	-1	-1	0
14	3800001	-1	-1	0
14	3850001	-1	-1	0
14	3900001	-1	-1	0
14	3950001	-1	-1	0
14	4000001	-1	-1	0
14	4050001	-1	-1	0
14	4100001	-1	-1	0
14	4150001	-1	-1	0
14	4200001	-1	-1	0
14	4250001	-1	-1	0
14	4300001	-1	-1	0
14	4350001	-1	-1	0
14	4400001	-1	-1	0
14	4450001	-1	-1	0
14	4500001	-1	-1	0
14	4550001	-1	-1	0
14	4600001	-1	-1	0
14	4650001	-1	-1	0
14	4700001	-1	-1	0
14	4750001	-1	-1	0
14	4800001	-1	-1	0
14	4850001	-1	-1	0
14	4900001	-1	-1	0
14	4950001	-1	-1	0
14	5000001	-1	-1	0
14	5050001	-1	-1	0
14	5100001	-1	-1	0
14	5150001	-1	-1	0
14	5200001	-1	-1	0
14	5250001	-1	-1	0
14	5300001	-1	-1	0
14	5350001	-1	-1	0
14	5400001	-1	-1	0
14	5450001	-1	-1	0
14	5500001	-1	-1	0
14	5550001	-1	-1	0
14	5600001	-1	-1	0
14	5650001	-1	-1	0
14	5700001	-1	-1	0
14	5750001	-1	-1	0
14	5800001	-1	-1	0
14	5850001	-1	-1	0
14	5900001	-1	-1	0
14	5950001	-1	-1	0
14	6000001	-1	-1	0
14	6050001	-1	-1	0
14	6100001	-1	-1	0
14	6150001	-1	-1	0
14	6200001	-1	-1	0
14	6250001	-1	-1	0
14	6300001	-1	-1	0
14	6350001	-1	-1	0
14	6400001	-1	-1	0
14	6450001	-1	-1	0
14	6500001	-1	-1	0
14	6550001	-1	-1	0
14	6600001	-1	-1	0
14	6650001	-1	-1	0
14	6700001	-1	-1	0
14	6750001	-1	-1	0
14	6800001	-1	-1	0
14	6850001	-1	-1	0
14	6900001	-1	-1	0
14	6950001	-1	-1	0
14	7000001	-1	-1	0
14	7050001	-1	-1	0
14	7100001	-1	-1	0
14	7150001	-1	-1	0
14	7200001	-1	-1	0
14	7250001	-1	-1	0
14	7300001	-1	-1	0
14	7350001	-1	-1	0
14	7400001	-1	-1	0
14	7450001	-1	-1	0
14	7500001	-1	-1	0
14	7550001	-1	-1	0
14	7600001	-1	-1	0
14	7650001	-1	-1	0
14	7700001	-1	-1	0
14	7750001	-1	-1	0
14	7800001	-1	-1	0
14	7850001	-1	-1	0
14	7900001	-1	-1	0
14	7950001	-1	-1	0
14	8000001	-1	-1	0
14	8050001	-1	-1	0
14	8100001	-1	-1	0
14	8150001	-1	-1	0
14	8200001	-1	-1	0
14	8250001	-1	-1	0
14	8300001	-1	-1	0
14	8350001	-1	-1	0
14	8400001	-1	-1	0
14	8450001	-1	-1	0
14	8500001	-1	-1	0
14	8550001	-1	-1	0
14	8600001	-1	-1	0
14	8650001	-1	-1	0
14	8700001	-1	-1	0
14	8750001	-1	-1	0
14	8800001	-1	-1	0
14	8850001	-1	-1	0
14	8900001	-1	-1	0
14	8950001	-1	-1	0
14	9000001	-1	-1	0
14	9050001	-1	-1	0
14	9100001	-1	-1	0
14	9150001	-1	-1	0
14	9200001	-1	-1	0
14	9250001	-1	-1	0
14	9300001	-1	-1	0
14	9350001	-1	-1	0
14	9400001	-1	-1	0
14	9450001	-1	-1	0
14	9500001	-1	-1	0
14	9550001	-1	-1	0
14	9600001	-1	-1	0
14	9650001	-1	-1	0
14	9700001	-1	-1	0
14	9750001	-1	-1	0
14	9800001	-1	-1	0
14	9850001	-1	-1	0
14	9900001	-1	-1	0
14	9950001	-1	-1	0
14	10000001	-1	-1	0
14	10050001	-1	-1	0
14	10100001	-1	-1	0
14	10150001	-1	-1	0
14	10200001	-1	-1	0
14	10250001	-1	-1	0
14	10300001	-1	-1	0
14	10350001	-1	-1	0
14	10400001	-1	-1	0
14	10450001	-1	-1	0
14	10500001	-1	-1	0
14	10550001	-1	-1	0
14	10600001	-1	-1	0
14	10650001	-1	-1	0
14	10700001	-1	-1	0
14	10750001	-1	-1	0
14	10800001	-1	-1	0
14	10850001	-1	-1	0
14	10900001	-1	-1	0
14	10950001	-1	-1	0
14	11000001	-1	-1	0
14	11050001	-1	-1	0
14	11100001	-1	-1	0
14	11150001	-1	-1	0
14	11200001	-1	-1	0
14	11250001	-1	-1	0
14	11300001	-1	-1	0
14	11350001	-1	-1	0
14	11400001	-1	-1	0
14	11450001	-1	-1	0
14	11500001	-1	-1	0
14	11550001	-1	-1	0
14	11600001	-1	-1	0
14	11650001	-1	-1	0
14	11700001	-1	-1	0
14	11750001	-1	-1	0
14	11800001	-1	-1	0
14	11850001	-1	-1	0
14	11900001	-1	-1	0
14	11950001	-1	-1	0
14	12000001	-1	-1	0
14	12050001	-1	-1	0
14	12100001	-1	-1	0
14	12150001	-1	-1	0
14	12200001	-1	-1	0
14	12250001	-1	-1	0
14	12300001	-1	-1	0
14	12350001	-1	-1	0
14	12400001	-1	-1	0
14	12450001	-1	-1	0
14	12500001	-1	-1	0
14	12550001	-1	-1	0
14	12600001	-1	-1	0
14	12650001	-1	-1	0
14	12700001	-1	-1	0
14	12750001	-1	-1	0
14	12800001	-1	-1	0
14	12850001	-1	-1	0
14	12900001	-1	-1	0
14	12950001	-1	-1	0
14	13000001	-1	-1	0
14	13050001	-1	-1	0
14	13100001	-1	-1	0
14	13150001	-1	-1	0
14	13200001	-1	-1	0
14	13250001	-1	-1	0
14	13300001	-1	-1	0
14	13350001	-1	-1	0
14	13400001	-1	-1	0
14	13450001	-1	-1	0
14	13500001	-1	-1	0
14	13550001	-1	-1	0
14	13600001	-1	-1	0
14	13650001	-1	-1	0
14	13700001	-1	-1	0
14	13750001	-1	-1	0
14	13800001	-1	-1	0
14	13850001	-1	-1	0
14	13900001	-1	-1	0
14	13950001	-1	-1	0
14	14000001	-1	-1	0
14	14050001	-1	-1	0
14	14100001	-1	-1	0
14	14150001	-1	-1	0
14	14200001	-1	-1	0
14	14250001	-1	-1	0
14	14300001	-1	-1	0
14	14350001	-1	-1	0
14	14400001	-1	-1	0
14	14450001	-1	-1	0
14	14500001	-1	-1	0
14	14550001	-1	-1	0
14	14600001	-1	-1	0
14	14650001	-1	-1	0
14	14700001	-1	-1	0
14	14750001	-1	-1	0
14	14800001	-1	-1	0
14	14850001	-1	-1	0
14	14900001	-1	-1	0
14	14950001	-1	-1	0
14	15000001	-1	-1	0
14	15050001	-1	-1	0
14	15100001	-1	-1	0
14	15150001	-1	-1	0
14	15200001	-1	-1	0
14	15250001	-1	-1	0
14	15300001	-1	-1	0
14	15350001	-1	-1	0
14	15400001	-1	-1	0
14	15450001	-1	-1	0
14	15500001	-1	-1	0
14	15550001	-1	-1	0
14	15600001	-1	-1	0
14	15650001	-1	-1	0
14	15700001	-1	-1	0
14	15750001	-1	-1	0
14	15800001	-1	-1	0
14	15850001	-1	-1	0
14	15900001	-1	-1	0
14	15950001	-1	-1	0
14	16000001	-1	-1	0
14	16050001	-1	-1	0
14	16100001	-1	-1	0
14	16150001	-1	-1	0
14	16200001	-1	-1	0
14	16250001	-1	-1	0
14	16300001	-1	-1	0
14	16350001	-1	-1	0
14	16400001	-1	-1	0
14	16450001	-1	-1	0
14	16500001	-1	-1	0
14	16550001	-1	-1	0
14	16600001	-1	-1	0
14	16650001	-1	-1	0
14	16700001	-1	-1	0
14	16750001	-1	-1	0
14	16800001	-1	-1	0
14	16850001	-1	-1	0
14	16900001	-1	-1	0
14	16950001	-1	-1	0
14	17000001	-1	-1	0
14	17050001	-1	-1	0
14	17100001	-1	-1	0
14	17150001	-1	-1	0
14	17200001	-1	-1	0
14	17250001	-1	-1	0
14	17300001	-1	-1	0
14	17350001	-1	-1	0
14	17400001	-1	-1	0
14	17450001	-1	-1	0
14	17500001	-1	-1	0
14	17550001	-1	-1	0
14	17600001	-1	-1	0
14	17650001	-1	-1	0
14	17700001	-1	-1	0
14	17750001	-1	-1	0
14	17800001	-1	-1	0
14	17850001	-1	-1	0
14	17900001	-1	-1	0
14	17950001	-1	-1	0
14	18000001	-1	-1	0
14	18050001	-1	-1	0
14	18100001	0	0	0
14	18150001	0	0	0
14	18200001	0	0	0
14	18250001	0	0	0
14	18300001	0	0	0
14	18350001	0	0	0
14	18400001	0	0	0
14	18450001	0	0	0
14	18500001	0	0	0
14	18550001	0	0	0
14	18600001	0	0	0
14	18650001	0	0	0
14	18700001	0	0	0
14	18750001	0	0	0
14	18800001	0	0	0
14	18850001	0	0	0
14	18900001	0	0	0
14	18950001	0	0	0
14	19000001	3.90373	3.90373	8
14	19050001	2.6574	2.6574	5
14	19100001	1.50912	1.72099	3
14	19150001	1.33628	1.72099	3
14	19200001	1.6876	1.72099	3
14	19250001	1.18297	1.72099	3
14	19300001	1.28345	1.72099	3
14	19350001	2.418	1.72099	3
14	19400001	1.57898	1.72099	3
14	19450001	1.65709	1.72099	3
14	19500001	2.12104	1.72099	3
14	19550001	1.72099	1.72099	3
14	19600001	1.53047	1.72099	3
14	19650001	1.91965	1.72099	3
14	19700001	1.99304	1.72099	3
14	19750001	1.58231	1.72099	3
14	19800001	2.3191	1.72099	3
14	19850001	1.31911	1.72099	3
14	19900001	1.78639	1.72099	3
14	19950001	1.23628	1.72099	3
14	20000001	2.03813	1.72099	3
14	20050001	1.48611	1.72099	3
14	20100001	1.5689	1.72099	3
14	20150001	1.85315	1.72099	3
14	20200001	1.77312	1.72099	3
14	20250001	1.73971	1.72099	3
14	20300001	1.95045	1.72099	3
14	20350001	2.11009	1.72099	3
14	20400001	2.13416	1.72099	3
14	20450001	1.201	1.33868	3
14	20500001	1.55212	1.33868	3
14	20550001	1.19477	1.33868	3
14	20600001	1.11739	1.33868	3
14	20650001	1.33583	1.33868	3
14	20700001	1.05363	1.33868	3
14	20750001	1.24192	1.33868	3
14	20800001	0.879089	1.33868	3
14	20850001	1.26374	1.33868	3
14	20900001	1.44706	1.33868	3
14	20950001	1.37881	1.33868	3
14	21000001	0.993964	1.33868	3
14	21050001	0.849461	1.33868	3
14	21100001	1.23256	1.33868	3
14	21150001	1.64	1.33868	3
14	21200001	1.5021	1.33868	3
14	21250001	1.36582	1.33868	3
14	21300001	1.61227	1.33868	3
14	21350001	1.3779	1.33868	3
14	21400001	1.26902	1.33868	3
14	21450001	1.67715	1.33868	3
14	21500001	1.23071	1.33868	3
14	21550001	1.46447	1.33868	3
14	21600001	1.50512	1.33868	3
14	21650001	1.54233	1.33868	3
14	21700001	1.29461	1.33868	3
14	21750001	1.21587	1.33868	3
14	21800001	1.30937	1.33868	3
14	21850001	1.63997	1.33868	3
14	21900001	1.42506	1.33868	3
14	21950001	1.13093	1.33868	3
14	22000001	0.796022	1.33868	3
14	22050001	1.01835	1.33868	3
14	22100001	1.24659	1.33868	3
14	22150001	1.40137	1.33868	3
14	22200001	0.996512	1.33868	3
14	22250001	1.7451	1.33868	3
14	22300001	1.44295	1.33868	3
14	22350001	1.34224	1.33868	3
14	22400001	1.55165	1.33868	3
14	22450001	1.14072	1.33868	3
14	22500001	1.03429	1.33868	3
14	22550001	1.21315	1.33868	3
14	22600001	1.66624	1.33868	3
14	22650001	1.45437	1.33868	3
14	22700001	1.50674	1.33868	3
14	22750001	1.42038	1.33868	3
14	22800001	1.3706	1.33868	3
14	22850001	1.45735	1.33868	3
14	22900001	1.00313	1.33868	3
14	22950001	1.34152	1.33868	3
14	23000001	1.31779	1.33868	3
14	23050001	0.933093	0.89227	2
14	23100001	0.620419	0.89227	2
14	23150001	0.692244	0.89227	2
14	23200001	0.759687	0.89227	2
14	23250001	0.766324	0.89227	2
14	23300001	0.565299	0.89227	2
14	23350001	1.04922	0.89227	2
14	23400001	0.577103	0.89227	2
14	23450001	0.750778	0.89227	2
14	23500001	0.671829	0.89227	2
14	23550001	0.882788	0.89227	2
14	23600001	0.792958	0.89227	2
14	23650001	0.884185	0.89227	2
14	23700001	0.642281	0.89227	2
14	23750001	1.02622	0.89227	2
14	23800001	0.622869	0.89227	2
14	23850001	0.368381	0.89227	2
14	23900001	0.610397	0.89227	2
14	23950001	0.553911	0.89227	2
14	24000001	0.639307	0.89227	2
14	24050001	0.698762	0.89227	2
14	24100001	0.780756	0.89227	2
14	24150001	0.774909	0.89227	2
14	24200001	0.868338	0.89227	2
14	24250001	0.783741	0.89227	2
14	24300001	1.12813	0.89227	2
14	24350001	0.932064	0.89227	2
14	24400001	1.01797	0.89227	2
14	24450001	0.934	0.89227	2
14	24500001	0.977944	0.89227	2
14	24550001	0.663726	0.89227	2
14	24600001	0.798453	0.89227	2
14	24650001	0.895333	0.89227	2
14	24700001	0.417193	0.89227	2
14	24750001	0.628125	0.89227	2
14	24800001	0.872296	0.89227	2
14	24850001	0.740499	0.89227	2
14	24900001	1.04676	0.89227	2
14	24950001	0.883956	0.89227	2
14	25000001	0.899942	0.89227	2
14	25050001	0.953111	0.89227	2
14	25100001	0.986447	0.89227	2
14	25150001	0.838189	0.89227	2
14	25200001	0.617013	0.89227	2
14	25250001	0.863372	0.89227	2
14	25300001	1.01205	0.89227	2
14	25350001	0.665639	0.89227	2
14	25400001	0.787224	0.89227	2
14	25450001	0.887842	0.89227	2
14	25500001	0.814173	0.89227	2
14	25550001	0.801939	0.89227	2
14	25600001	0.617088	0.89227	2
14	25650001	1.011	0.89227	2
14	25700001	0.764701	0.89227	2
14	25750001	1.04891	0.89227	2
14	25800001	0.765107	0.89227	2
14	25850001	0.863676	0.89227	2
14	25900001	0.737418	0.89227	2
14	25950001	0.950917	0.89227	2
14	26000001	1.31632	0.89227	2
14	26050001	0.906237	0.89227	2
14	26100001	1.28744	0.89227	2
14	26150001	0.61709	0.89227	2
14	26200001	1.01193	0.89227	2
14	26250001	0.906197	0.89227	2
14	26300001	0.863817	0.89227	2
14	26350001	0.848164	0.89227	2
14	26400001	1.13583	0.89227	2
14	26450001	1.59339	0.89227	2
14	26500001	0.812823	0.89227	2
14	26550001	0.906547	0.89227	2
14	26600001	1.04861	0.89227	2
14	26650001	1.07057	0.89227	2
14	26700001	1.01635	0.89227	2
14	26750001	0.639297	0.89227	2
14	26800001	1.1704	0.89227	2
14	26850001	0.818052	0.89227	2
14	26900001	1.10024	0.89227	2
14	26950001	0.980573	0.89227	2
14	27000001	0.878053	0.89227	2
14	27050001	0.839383	0.89227	2
14	27100001	0.850663	0.89227	2
14	27150001	0.675582	0.89227	2
14	27200001	0.415668	0.89227	2
14	27250001	0.977896	0.89227	2
14	27300001	0.712042	0.89227	2
14	27350001	0.689106	0.89227	2
14	27400001	0.858813	0.89227	2
14	27450001	0.611706	0.89227	2
14	27500001	0.980531	0.89227	2
14	27550001	1.02944	0.89227	2
14	27600001	0.819713	0.89227	2
14	27650001	0.752791	0.89227	2
14	27700001	1.09592	0.89227	2
14	27750001	1.05598	0.89227	2
14	27800001	1.18204	0.89227	2
14	27850001	0.786786	0.89227	2
14	27900001	0.594295	0.89227	2
14	27950001	1.0735	0.89227	2
14	28000001	0.641263	0.89227	2
14	28050001	0.912613	0.89227	2
14	28100001	1.1036	0.89227	2
14	28150001	1.2341	0.89227	2
14	28200001	1.13071	0.89227	2
14	28250001	0.98725	0.89227	2
14	28300001	1.19946	0.89227	2
14	28350001	0.789919	0.89227	2
14	28400001	1.14034	0.89227	2
14	28450001	0.724683	0.89227	2
14	28500001	0.861453	0.89227	2
14	28550001	1.19053	0.89227	2
14	28600001	0.899915	0.89227	2
14	28650001	0.809441	0.89227	2
14	28700001	0.863963	0.89227	2
14	28750001	1.12654	0.89227	2
14	28800001	0.863101	0.89227	2
14	28850001	1.10746	0.89227	2
14	28900001	0.9347	0.89227	2
14	28950001	1.08613	0.89227	2
14	29000001	0.799942	0.89227	2
14	29050001	0.887749	0.89227	2
14	29100001	1.06143	0.89227	2
14	29150001	0.91322	0.89227	2
14	29200001	0.592094	0.89227	2
14	29250001	0.96248	0.89227	2
14	29300001	0.961469	0.89227	2
14	29350001	1.0242	0.89227	2
14	29400001	0.752548	0.89227	2
14	29450001	1.18086	0.89227	2
14	29500001	0.987401	0.89227	2
14	29550001	1.38015	0.89227	2
14	29600001	1.00874	0.89227	2
14	29650001	1.14771	0.89227	2
14	29700001	0.689613	0.89227	2
14	29750001	1.10717	0.89227	2
14	29800001	0.811944	0.89227	2
14	29850001	0.73614	0.89227	2
14	29900001	1.25145	0.89227	2
14	29950001	0.908207	0.89227	2
14	30000001	1.13534	0.89227	2
14	30050001	0.811596	0.89227	2
14	30100001	0.924727	0.89227	2
14	30150001	1.2063	0.89227	2
14	30200001	1.13507	0.89227	2
14	30250001	0.769863	0.89227	2
14	30300001	0.825669	0.89227	2
14	30350001	0.903901	0.89227	2
14	30400001	0.784407	0.89227	2
14	30450001	1.13305	0.89227	2
14	30500001	1.24274	0.89227	2
14	30550001	1.07461	0.89227	2
14	30600001	0.713463	0.89227	2
14	30650001	0.640463	0.89227	2
14	30700001	1.31919	0.89227	2
14	30750001	0.725981	0.89227	2
14	30800001	1.06721	0.89227	2
14	30850001	1.08754	0.89227	2
14	30900001	1.06726	0.89227	2
14	30950001	0.815873	0.89227	2
14	31000001	1.41402	0.89227	2
14	31050001	0.905416	0.89227	2
14	31100001	0.789537	0.89227	2
14	31150001	0.980707	0.89227	2
14	31200001	0.770258	0.89227	2
14	31250001	0.886484	0.89227	2
14	31300001	0.899334	0.89227	2
14	31350001	1.30593	0.89227	2
14	31400001	1.08023	0.89227	2
14	31450001	0.638692	0.89227	2
14	31500001	0.925826	0.89227	2
14	31550001	0.609423	0.89227	2
14	31600001	0.579834	0.89227	2
14	31650001	0.938002	0.89227	2
14	31700001	0.933716	0.89227	2
14	31750001	1.32979	0.89227	2
14	31800001	0.670303	0.89227	2
14	31850001	0.91686	0.89227	2
14	31900001	0.842646	0.89227	2
14	31950001	0.922473	0.89227	2
14	32000001	0.737619	0.89227	2
14	32050001	0.662087	0.89227	2
14	32100001	0.540348	0.89227	2
14	32150001	0.72781	0.89227	2
14	32200001	0.826485	0.89227	2
14	32250001	0.938021	0.89227	2
14	32300001	0.678837	0.89227	2
14	32350001	0.822717	0.89227	2
14	32400001	0.83566	0.89227	2
14	32450001	0.953257	0.89227	2
14	32500001	1.18091	0.89227	2
14	32550001	0.715362	0.89227	2
14	32600001	0.887275	0.89227	2
14	32650001	0.617119	0.89227	2
14	32700001	1.18288	0.89227	2
14	32750001	1.03574	0.89227	2
14	32800001	0.838166	0.89227	2
14	32850001	0.811019	0.89227	2
14	32900001	0.962593	0.89227	2
14	32950001	0.985307	0.89227	2
14	33000001	0.883109	0.89227	2
14	33050001	0.869669	0.89227	2
14	33100001	1.05867	0.89227	2
14	33150001	0.991934	0.89227	2
14	33200001	1.04214	0.89227	2
14	33250001	1.00169	0.89227	2
14	33300001	1.03471	0.89227	2
14	33350001	0.898592	0.89227	2
14	33400001	1.12301	0.89227	2
14	33450001	0.771841	0.89227	2
14	33500001	0.853405	0.89227	2
14	33550001	0.98734	0.89227	2
14	33600001	1.07102	0.89227	2
14	33650001	1.12043	0.89227	2
14	33700001	0.879341	0.89227	2
14	33750001	1.08312	0.89227	2
14	33800001	0.873913	0.89227	2
14	33850001	0.602563	0.89227	2
14	33900001	0.896331	0.89227	2
14	33950001	0.681892	0.89227	2
14	34000001	0.728838	0.89227	2
14	34050001	0.914412	0.89227	2
14	34100001	0.806116	0.89227	2
14	34150001	1.06747	0.89227	2
14	34200001	0.85557	0.89227	2
14	34250001	0.691268	0.89227	2
14	34300001	0.812311	0.89227	2
14	34350001	1.24076	0.89227	2
14	34400001	1.05936	0.89227	2
14	34450001	0.843456	0.89227	2
14	34500001	0.650445	0.89227	2
14	34550001	0.955397	0.89227	2
14	34600001	0.94143	0.89227	2
14	34650001	0.864248	0.89227	2
14	34700001	0.995721	0.89227	2
14	34750001	0.582325	0.89227	2
14	34800001	0.852867	0.89227	2
14	34850001	0.861913	0.89227	2
14	34900001	0.666928	0.89227	2
14	34950001	0.869538	0.89227	2
14	35000001	0.737762	0.89227	2
14	35050001	0.529938	0.89227	2
14	35100001	0.838393	0.89227	2
14	35150001	0.887426	0.89227	2
14	35200001	0.861383	0.89227	2
14	35250001	1.13551	0.89227	2
14	35300001	0.920268	0.89227	2
14	35350001	0.734071	0.89227	2
14	35400001	0.886721	0.89227	2
14	35450001	0.858078	0.89227	2
14	35500001	0.962678	0.89227	2
14	35550001	1.26625	0.89227	2
14	35600001	1.20388	0.89227	2
14	35650001	1.04774	0.89227	2
14	35700001	0.761806	0.89227	2
14	35750001	1.05158	0.89227	2
14	35800001	0.665857	0.89227	2
14	35850001	0.615527	0.89227	2
14	35900001	0.91031	0.89227	2
14	35950001	0.803285	0.89227	2
14	36000001	0.961523	0.89227	2
14	36050001	0.852108	0.89227	2
14	36100001	1.08882	0.89227	2
14	36150001	0.928412	0.89227	2
14	36200001	1.18669	0.89227	2
14	36250001	0.879868	0.89227	2
14	36300001	0.468138	0.89227	2
14	36350001	0.868374	0.89227	2
14	36400001	0.908606	0.89227	2
14	36450001	1.1107	0.89227	2
14	36500001	1.1315	0.89227	2
14	36550001	1.08508	0.89227	2
14	36600001	0.873244	0.89227	2
14	36650001	0.911484	0.89227	2
14	36700001	0.904448	0.89227	2
14	36750001	0.765194	0.89227	2
14	36800001	1.16815	0.89227	2
14	36850001	0.888282	0.89227	2
14	36900001	0.674534	0.89227	2
14	36950001	0.60029	0.89227	2
14	37000001	0.789148	0.89227	2
14	37050001	0.540203	0.89227	2
14	37100001	0.7402	0.89227	2
14	37150001	0.747448	0.89227	2
14	37200001	0.938024	0.89227	2
14	37250001	0.962716	0.89227	2
14	37300001	1.10905	0.89227	2
14	37350001	0.987392	0.89227	2
14	37400001	1.15586	0.89227	2
14	37450001	0.984886	0.89227	2
14	37500001	0.775521	0.89227	2
14	37550001	1.17133	0.89227	2
14	37600001	1.22191	0.89227	2
14	37650001	1.11021	0.89227	2
14	37700001	1.23635	0.89227	2
14	37750001	0.762136	0.89227	2
14	37800001	1.17213	0.89227	2
14	37850001	0.728194	0.89227	2
14	37900001	1.18485	0.89227	2
14	37950001	1.16017	0.89227	2
14	38000001	0.987393	0.89227	2
14	38050001	0.689467	0.89227	2
14	38100001	1.12229	0.89227	2
14	38150001	1.13683	0.89227	2
14	38200001	1.13525	0.89227	2
14	38250001	0.702405	0.89227	2
14	38300001	0.911509	0.89227	2
14	38350001	1.04408	0.89227	2
14	38400001	1.10845	0.89227	2
14	38450001	0.573567	0.89227	2
14	38500001	1.13572	0.89227	2
14	38550001	0.589235	0.89227	2
14	38600001	0.974485	0.89227	2
14	38650001	1.01437	0.89227	2
14	38700001	0.663573	0.89227	2
14	38750001	1.18953	0.89227	2
14	38800001	0.808089	0.89227	2
14	38850001	0.530337	0.89227	2
14	38900001	0.837387	0.89227	2
14	38950001	1.19721	0.89227	2
14	39000001	1.06939	0.89227	2
14	39050001	0.972895	0.89227	2
14	39100001	0.814075	0.89227	2
14	39150001	1.20616	0.89227	2
14	39200001	1.05882	0.89227	2
14	39250001	0.728121	0.89227	2
14	39300001	0.875519	0.89227	2
14	39350001	1.23421	0.89227	2
14	39400001	0.899791	0.89227	2
14	39450001	0.851614	0.89227	2
14	39500001	0.777493	0.89227	2
14	39550001	1.0207	0.89227	2
14	39600001	0.627463	0.89227	2
14	39650001	0.8886	0.89227	2
14	39700001	0.811253	0.89227	2
14	39750001	1.09332	0.89227	2
14	39800001	0.860484	0.89227	2
14	39850001	1.33286	0.89227	2
14	39900001	0.884859	0.89227	2
14	39950001	1.15978	0.89227	2
14	40000001	1.19419	0.89227	2
14	40050001	1.04528	0.89227	2
14	40100001	1.10776	0.89227	2
14	40150001	0.733223	0.89227	2
14	40200001	0.882407	0.89227	2
14	40250001	0.925688	0.89227	2
14	40300001	0.87658	0.89227	2
14	40350001	0.884965	0.89227	2
14	40400001	1.06388	0.89227	2
14	40450001	0.984021	0.89227	2
14	40500001	1.02082	0.89227	2
14	40550001	0.887811	0.89227	2
14	40600001	0.778768	0.89227	2
14	40650001	0.737735	0.89227	2
14	40700001	0.634747	0.89227	2
14	40750001	1.11056	0.89227	2
14	40800001	0.829382	0.89227	2
14	40850001	1.24617	0.89227	2
14	40900001	0.868399	0.89227	2
14	40950001	0.904231	0.89227	2
14	41000001	0.945133	0.89227	2
14	41050001	1.06092	0.89227	2
14	41100001	0.96237	0.89227	2
14	41150001	1.0832	0.89227	2
14	41200001	1.08563	0.89227	2
14	41250001	0.95987	0.89227	2
14	41300001	1.12897	0.89227	2
14	41350001	0.778896	0.89227	2
14	41400001	1.15094	0.89227	2
14	41450001	0.963902	0.89227	2
14	41500001	0.802001	0.89227	2
14	41550001	1.08076	0.89227	2
14	41600001	0.587406	0.89227	2
14	41650001	1.04649	0.89227	2
14	41700001	0.875912	0.89227	2
14	41750001	0.874128	0.89227	2
14	41800001	1.17138	0.89227	2
14	41850001	0.665006	0.89227	2
14	41900001	0.636175	0.89227	2
14	41950001	1.20737	0.89227	2
14	42000001	1.18646	0.89227	2
14	42050001	0.532103	0.89227	2
14	42100001	0.960302	0.89227	2
14	42150001	0.880062	0.89227	2
14	42200001	1.27498	0.89227	2
14	42250001	1.01467	0.89227	2
14	42300001	0.735325	0.89227	2
14	42350001	1.16425	0.89227	2
14	42400001	0.797773	0.89227	2
14	42450001	1.04829	0.89227	2
14	42500001	0.937794	0.89227	2
14	42550001	1.05261	0.89227	2
14	42600001	1.06066	0.89227	2
14	42650001	1.03565	0.89227	2
14	42700001	1.02257	0.89227	2
14	42750001	1.08856	0.89227	2
14	42800001	0.464231	0.89227	2
14	42850001	1.01141	0.89227	2
14	42900001	0.983907	0.89227	2
14	42950001	0.713422	0.89227	2
14	43000001	1.01446	0.89227	2
14	43050001	1.0845	0.89227	2
14	43100001	0.863263	0.89227	2
14	43150001	0.765233	0.89227	2
14	43200001	0.93249	0.89227	2
14	43250001	0.906427	0.89227	2
14	43300001	0.806184	0.89227	2
14	43350001	0.83057	0.89227	2
14	43400001	0.95531	0.89227	2
14	43450001	0.677836	0.89227	2
14	43500001	0.89227	0.89227	2
14	43550001	1.00954	0.89227	2
14	43600001	0.956482	0.89227	2
14	43650001	1.14011	0.89227	2
14	43700001	1.08889	0.89227	2
14	43750001	0.833177	0.89227	2
14	43800001	0.687867	0.89227	2
14	43850001	0.765189	0.89227	2
14	43900001	0.629378	0.89227	2
14	43950001	1.2673	0.89227	2
14	44000001	0.802207	0.89227	2
14	44050001	0.727381	0.89227	2
14	44100001	1.16713	0.89227	2
14	44150001	0.913342	0.89227	2
14	44200001	1.07685	0.89227	2
14	44250001	1.22878	0.89227	2
14	44300001	0.690434	0.89227	2
14	44350001	0.687772	0.89227	2
14	44400001	0.777411	0.89227	2
14	44450001	1.14785	0.89227	2
14	44500001	0.641249	0.89227	2
14	44550001	0.759104	0.89227	2
14	44600001	0.862459	0.89227	2
14	44650001	0.95235	0.89227	2
14	44700001	1.0609	0.89227	2
14	44750001	0.896679	0.89227	2
14	44800001	0.806714	0.89227	2
14	44850001	1.1831	0.89227	2
14	44900001	0.808263	0.89227	2
14	44950001	0.93764	0.89227	2
14	45000001	0.846428	0.89227	2
14	45050001	1.2701	0.89227	2
14	45100001	0.7282	0.89227	2
14	45150001	0.752575	0.89227	2
14	45200001	0.981414	0.89227	2
14	45250001	0.826902	0.89227	2
14	45300001	0.728046	0.89227	2
14	45350001	0.87047	0.89227	2
14	45400001	0.788343	0.89227	2
14	45450001	1.23625	0.89227	2
14	45500001	0.777541	0.89227	2
14	45550001	0.831706	0.89227	2
14	45600001	0.751976	0.89227	2
14	45650001	0.740393	0.89227	2
14	45700001	0.69689	0.89227	2
14	45750001	0.879626	0.89227	2
14	45800001	0.727808	0.89227	2
14	45850001	1.04867	0.89227	2
14	45900001	0.821837	0.89227	2
14	45950001	0.984683	0.89227	2
14	46000001	1.13887	0.89227	2
14	46050001	0.789836	0.89227	2
14	46100001	0.859652	0.89227	2
14	46150001	0.639532	0.89227	2
14	46200001	0.776194	0.89227	2
14	46250001	1.17306	0.89227	2
14	46300001	0.903261	0.89227	2
14	46350001	0.846272	0.89227	2
14	46400001	0.766769	0.89227	2
14	46450001	0.946129	0.89227	2
14	46500001	0.678592	0.89227	2
14	46550001	0.851725	0.89227	2
14	46600001	1.00801	0.89227	2
14	46650001	0.971567	0.89227	2
14	46700001	0.849	0.89227	2
14	46750001	0.912913	0.89227	2
14	46800001	1.2779	1.03178	2
14	46850001	1.25787	1.03178	2
14	46900001	0.897295	1.03178	2
14	46950001	0.788288	1.03178	2
14	47000001	1.1689	1.03178	2
14	47050001	1.12258	1.03178	2
14	47100001	1.13486	1.03178	2
14	47150001	1.08593	1.03178	2
14	47200001	1.29097	1.03178	2
14	47250001	1.05748	1.03178	2
14	47300001	1.0341	1.03178	2
14	47350001	1.10872	1.03178	2
14	47400001	1.03507	1.03178	2
14	47450001	0.789228	1.03178	2
14	47500001	0.896197	1.03178	2
14	47550001	0.789137	1.03178	2
14	47600001	1.19378	1.03178	2
14	47650001	1.30206	1.03178	2
14	47700001	0.776721	1.03178	2
14	47750001	1.0717	1.03178	2
14	47800001	1.00844	1.03178	2
14	47850001	1.18122	1.03178	2
14	47900001	1.33299	1.03178	2
14	47950001	1.12168	1.03178	2
14	48000001	0.927129	1.03178	2
14	48050001	1.15217	1.03178	2
14	48100001	0.925089	1.03178	2
14	48150001	1.50759	1.03178	2
14	48200001	0.934089	1.03178	2
14	48250001	0.814208	1.03178	2
14	48300001	1.08242	1.03178	2
14	48350001	1.14265	1.03178	2
14	48400001	1.01051	1.03178	2
14	48450001	0.813378	1.03178	2
14	48500001	0.849237	1.03178	2
14	48550001	0.849938	1.03178	2
14	48600001	1.07168	1.03178	2
14	48650001	1.15307	1.03178	2
14	48700001	1.03334	1.03178	2
14	48750001	1.05485	1.03178	2
14	48800001	1.1424	1.03178	2
14	48850001	1.16694	1.03178	2
14	48900001	1.15041	1.03178	2
14	48950001	1.03508	1.03178	2
14	49000001	0.797794	1.03178	2
14	49050001	1.08096	1.03178	2
14	49100001	1.02539	1.03178	2
14	49150001	0.97402	1.03178	2
14	49200001	0.975066	1.03178	2
14	49250001	1.00217	1.03178	2
14	49300001	1.09066	1.03178	2
14	49350001	1.15673	1.03178	2
14	49400001	1.15755	1.03178	2
14	49450001	0.965789	1.03178	2
14	49500001	0.845485	1.03178	2
14	49550001	0.80604	1.03178	2
14	49600001	0.889299	1.03178	2
14	49650001	0.863064	1.03178	2
14	49700001	0.76116	1.03178	2
14	49750001	0.927524	1.03178	2
14	49800001	0.988222	1.03178	2
14	49850001	1.11531	1.03178	2
14	49900001	1.34674	1.03178	2
14	49950001	1.09743	1.03178	2
14	50000001	0.946012	1.03178	2
14	50050001	0.863796	1.03178	2
14	50100001	1.18158	1.03178	2
14	50150001	0.911422	1.03178	2
14	50200001	1.03345	1.03178	2
14	50250001	1.18232	1.03178	2
14	50300001	0.800162	1.03178	2
14	50350001	0.679143	1.03178	2
14	50400001	0.888652	1.03178	2
14	50450001	1.07415	1.03178	2
14	50500001	0.826985	1.03178	2
14	50550001	1.15226	1.03178	2
14	50600001	0.913751	1.03178	2
14	50650001	0.810539	1.03178	2
14	50700001	0.975657	1.03178	2
14	50750001	0.78755	1.03178	2
14	50800001	0.726491	1.03178	2
14	50850001	1.42416	1.03178	2
14	50900001	1.23688	1.03178	2
14	50950001	1.04842	1.03178	2
14	51000001	1.06549	1.03178	2
14	51050001	1.46974	1.03178	2
14	51100001	1.06569	1.03178	2
14	51150001	0.96932	1.03178	2
14	51200001	1.13543	1.03178	2
14	51250001	0.90304	1.03178	2
14	51300001	0.93845	1.03178	2
14	51350001	0.979153	1.03178	2
14	51400001	1.019	1.03178	2
14	51450001	1.03578	1.03178	2
14	51500001	1.26258	1.03178	2
14	51550001	0.950528	1.03178	2
14	51600001	0.981083	1.03178	2
14	51650001	0.958823	1.03178	2
14	51700001	1.09282	1.03178	2
14	51750001	0.920188	1.03178	2
14	51800001	0.98867	1.03178	2
14	51850001	0.951006	1.03178	2
14	51900001	1.13362	1.03178	2
14	51950001	1.2219	1.03178	2
14	52000001	1.29442	1.03178	2
14	52050001	1.45494	1.03178	2
14	52100001	1.03321	1.03178	2
14	52150001	1.3763	1.03178	2
14	52200001	0.873868	1.03178	2
14	52250001	1.07997	1.03178	2
14	52300001	1.27042	1.03178	2
14	52350001	0.864927	1.03178	2
14	52400001	1.43159	1.03178	2
14	52450001	0.778742	1.03178	2
14	52500001	1.02303	1.03178	2
14	52550001	1.18984	1.03178	2
14	52600001	0.875875	1.03178	2
14	52650001	1.16847	1.03178	2
14	52700001	1.03831	1.03178	2
14	52750001	0.720357	1.03178	2
14	52800001	1.10816	1.03178	2
14	52850001	0.973503	1.03178	2
14	52900001	0.806125	1.03178	2
14	52950001	1.041	1.03178	2
14	53000001	1.25656	1.03178	2
14	53050001	0.972902	1.03178	2
14	53100001	1.16621	1.03178	2
14	53150001	1.07179	1.03178	2
14	53200001	1.20769	1.03178	2
14	53250001	0.875188	1.03178	2
14	53300001	1.01032	1.03178	2
14	53350001	1.20745	1.03178	2
14	53400001	0.950641	1.03178	2
14	53450001	0.901463	1.03178	2
14	53500001	1.27764	1.03178	2
14	53550001	0.800003	1.03178	2
14	53600001	1.12026	1.03178	2
14	53650001	1.05097	1.03178	2
14	53700001	1.07897	1.03178	2
14	53750001	0.924469	1.03178	2
14	53800001	1.08209	1.03178	2
14	53850001	0.852279	1.03178	2
14	53900001	1.13033	1.03178	2
14	53950001	0.773429	1.03178	2
14	54000001	1.01075	1.03178	2
14	54050001	1.17882	1.03178	2
14	54100001	1.12254	1.03178	2
14	54150001	1.12809	1.03178	2
14	54200001	0.817717	1.03178	2
14	54250001	1.03656	1.03178	2
14	54300001	0.80444	1.03178	2
14	54350001	1.05107	1.03178	2
14	54400001	0.93146	1.03178	2
14	54450001	0.91706	1.03178	2
14	54500001	0.87153	1.03178	2
14	54550001	0.961801	1.03178	2
14	54600001	1.18334	1.03178	2
14	54650001	1.27735	1.03178	2
14	54700001	1.16873	1.03178	2
14	54750001	1.23223	1.03178	2
14	54800001	0.94081	1.03178	2
14	54850001	0.914618	1.03178	2
14	54900001	1.37141	1.03178	2
14	54950001	0.960792	1.03178	2
14	55000001	0.768586	1.03178	2
14	55050001	0.968211	1.03178	2
14	55100001	1.22809	1.03178	2
14	55150001	0.912349	1.03178	2
14	55200001	0.664873	1.03178	2
14	55250001	1.08179	1.03178	2
14	55300001	0.901504	1.03178	2
14	55350001	1.05705	1.03178	2
14	55400001	0.934396	1.03178	2
14	55450001	1.16957	1.03178	2
14	55500001	0.687125	1.03178	2
14	55550001	0.852513	1.03178	2
14	55600001	0.821706	1.03178	2
14	55650001	1.09292	1.03178	2
14	55700001	0.982587	1.03178	2
14	55750001	1.49314	1.03178	2
14	55800001	1.22948	1.03178	2
14	55850001	0.889026	1.03178	2
14	55900001	1.07705	1.03178	2
14	55950001	1.2071	1.03178	2
14	56000001	0.728909	1.03178	2
14	56050001	1.31317	1.03178	2
14	56100001	1.01197	1.03178	2
14	56150001	1.02691	1.03178	2
14	56200001	0.747313	1.03178	2
14	56250001	1.33602	1.03178	2
14	56300001	0.974631	1.03178	2
14	56350001	0.873273	1.03178	2
14	56400001	0.881892	1.03178	2
14	56450001	1.14671	1.03178	2
14	56500001	1.0994	1.03178	2
14	56550001	0.877229	1.03178	2
14	56600001	0.951835	1.03178	2
14	56650001	1.03735	1.03178	2
14	56700001	0.875354	1.03178	2
14	56750001	1.12159	1.03178	2
14	56800001	1.16019	1.03178	2
14	56850001	1.20885	1.03178	2
14	56900001	0.846206	1.03178	2
14	56950001	1.09603	1.03178	2
14	57000001	1.05745	1.03178	2
14	57050001	1.4586	1.03178	2
14	57100001	0.706712	1.03178	2
14	57150001	0.75836	1.03178	2
14	57200001	0.955014	1.03178	2
14	57250001	0.846485	1.03178	2
14	57300001	1.19966	1.03178	2
14	57350001	1.2496	1.03178	2
14	57400001	0.905464	1.03178	2
14	57450001	1.04912	1.03178	2
14	57500001	1.0447	1.03178	2
14	57550001	1.34164	1.03178	2
14	57600001	0.826899	1.03178	2
14	57650001	1.42227	1.03178	2
14	57700001	0.857779	1.03178	2
14	57750001	1.28754	1.03178	2
14	57800001	1.17779	1.03178	2
14	57850001	0.925082	1.03178	2
14	57900001	0.765094	1.03178	2
14	57950001	1.03268	1.03178	2
14	58000001	0.962693	1.03178	2
14	58050001	1.09548	1.03178	2
14	58100001	1.41816	1.03178	2
14	58150001	0.806777	1.03178	2
14	58200001	1.07119	1.03178	2
14	58250001	1.26417	1.03178	2
14	58300001	0.758913	1.03178	2
14	58350001	0.706256	1.03178	2
14	58400001	1.11202	1.03178	2
14	58450001	1.0906	1.03178	2
14	58500001	1.12462	1.03178	2
14	58550001	1.20354	1.03178	2
14	58600001	0.807913	1.03178	2
14	58650001	1.08187	1.03178	2
14	58700001	1.22293	1.03178	2
14	58750001	0.947854	1.03178	2
14	58800001	1.12768	1.03178	2
14	58850001	0.754516	1.03178	2
14	58900001	1.1039	1.03178	2
14	58950001	0.82893	1.03178	2
14	59000001	0.921885	1.03178	2
14	59050001	0.882761	1.03178	2
14	59100001	0.993607	1.03178	2
14	59150001	0.882179	1.03178	2
14	59200001	0.920932	1.03178	2
14	59250001	1.40136	1.03178	2
14	59300001	1.17113	1.03178	2
14	59350001	0.758461	1.03178	2
14	59400001	1.10315	1.03178	2
14	59450001	0.962074	1.03178	2
14	59500001	1.01096	1.03178	2
14	59550001	1.2095	1.03178	2
14	59600001	0.801722	1.03178	2
14	59650001	1.06136	1.03178	2
14	59700001	0.974683	1.03178	2
14	59750001	1.03797	1.03178	2
14	59800001	1.07265	1.03178	2
14	59850001	0.947917	1.03178	2
14	59900001	1.06088	1.03178	2
14	59950001	1.03339	1.03178	2
14	60000001	0.982986	1.03178	2
14	60050001	1.45641	1.03178	2
14	60100001	1.00625	1.03178	2
14	60150001	0.901587	1.03178	2
14	60200001	1.12278	1.03178	2
14	60250001	0.969564	1.03178	2
14	60300001	0.962692	1.03178	2
14	60350001	1.16016	1.03178	2
14	60400001	1.695	1.03178	2
14	60450001	1.31973	1.03178	2
14	60500001	0.997331	1.03178	2
14	60550001	1.08449	1.03178	2
14	60600001	1.14391	1.03178	2
14	60650001	0.805436	1.03178	2
14	60700001	0.9948	1.03178	2
14	60750001	1.25194	1.03178	2
14	60800001	1.2099	1.03178	2
14	60850001	0.837355	1.03178	2
14	60900001	1.02397	1.03178	2
14	60950001	0.95046	1.03178	2
14	61000001	1.00881	1.03178	2
14	61050001	0.834078	1.03178	2
14	61100001	0.818906	1.03178	2
14	61150001	0.814899	1.03178	2
14	61200001	1.27195	1.03178	2
14	61250001	1.06786	1.03178	2
14	61300001	1.17477	1.03178	2
14	61350001	1.29776	1.03178	2
14	61400001	0.81144	1.03178	2
14	61450001	1.19031	1.03178	2
14	61500001	0.874644	1.03178	2
14	61550001	1.26185	1.03178	2
14	61600001	0.957517	1.03178	2
14	61650001	1.05867	1.03178	2
14	61700001	1.32128	1.03178	2
14	61750001	1.23622	1.03178	2
14	61800001	1.0206	1.03178	2
14	61850001	1.19574	1.03178	2
14	61900001	1.36766	1.03178	2
14	61950001	1.23302	1.03178	2
14	62000001	1.45519	1.03178	2
14	62050001	1.08432	1.03178	2
14	62100001	1.17379	1.03178	2
14	62150001	1.35238	1.03178	2
14	62200001	1.03503	1.03178	2
14	62250001	1.01102	1.03178	2
14	62300001	1.08588	1.03178	2
14	62350001	1.22892	1.03178	2
14	62400001	0.839209	1.03178	2
14	62450001	1.18388	1.03178	2
14	62500001	1.01184	1.03178	2
14	62550001	0.837997	1.03178	2
14	62600001	1.14698	1.03178	2
14	62650001	1.43999	1.03178	2
14	62700001	1.11755	1.03178	2
14	62750001	1.21387	1.03178	2
14	62800001	0.940091	1.03178	2
14	62850001	1.03178	1.03178	2
14	62900001	1.17585	1.03178	2
14	62950001	1.32427	1.03178	2
14	63000001	1.11745	1.03178	2
14	63050001	1.12333	1.03178	2
14	63100001	1.42945	1.03178	2
14	63150001	1.02055	1.03178	2
14	63200001	1.25232	1.03178	2
14	63250001	1.13122	1.03178	2
14	63300001	1.10459	1.03178	2
14	63350001	1.20698	1.03178	2
14	63400001	0.833092	1.03178	2
14	63450001	1.28518	1.03178	2
14	63500001	0.905212	1.03178	2
14	63550001	1.03022	1.03178	2
14	63600001	0.928132	1.03178	2
14	63650001	0.96431	1.03178	2
14	63700001	0.985901	1.03178	2
14	63750001	0.931963	1.03178	2
14	63800001	1.07188	1.03178	2
14	63850001	0.922378	1.03178	2
14	63900001	1.2867	1.03178	2
14	63950001	0.958182	1.03178	2
14	64000001	0.694541	1.03178	2
14	64050001	0.90309	1.03178	2
14	64100001	0.931389	1.03178	2
14	64150001	1.07667	1.03178	2
14	64200001	0.851622	1.03178	2
14	64250001	1.11101	1.03178	2
14	64300001	0.822966	1.03178	2
14	64350001	1.17429	1.03178	2
14	64400001	0.822245	1.03178	2
14	64450001	1.12543	1.03178	2
14	64500001	1.11981	1.03178	2
14	64550001	0.973018	1.03178	2
14	64600001	1.03207	1.03178	2
14	64650001	0.902541	1.03178	2
14	64700001	0.925496	1.03178	2
14	64750001	0.88763	1.03178	2
14	64800001	0.759641	1.03178	2
14	64850001	0.999937	1.03178	2
14	64900001	1.04321	1.03178	2
14	64950001	1.42775	1.03178	2
14	65000001	1.03506	1.03178	2
14	65050001	1.20832	1.03178	2
14	65100001	0.936489	1.03178	2
14	65150001	0.813482	1.03178	2
14	65200001	0.59223	1.03178	2
14	65250001	1.02811	1.03178	2
14	65300001	0.852234	1.03178	2
14	65350001	1.108	1.03178	2
14	65400001	0.764872	1.03178	2
14	65450001	1.07961	1.03178	2
14	65500001	0.777828	1.03178	2
14	65550001	1.06361	1.03178	2
14	65600001	1.02702	1.03178	2
14	65650001	1.00869	1.03178	2
14	65700001	0.924771	1.03178	2
14	65750001	1.17582	1.03178	2
14	65800001	1.22974	1.03178	2
14	65850001	1.00765	1.03178	2
14	65900001	1.60029	1.03178	2
14	65950001	0.962716	1.03178	2
14	66000001	1.20783	1.03178	2
14	66050001	1.01002	1.03178	2
14	66100001	1.18485	1.03178	2
14	66150001	0.826885	1.03178	2
14	66200001	1.08561	1.03178	2
14	66250001	1.25852	1.03178	2
14	66300001	0.777182	1.03178	2
14	66350001	1.13227	1.03178	2
14	66400001	0.886954	1.03178	2
14	66450001	1.2588	1.03178	2
14	66500001	0.873229	1.03178	2
14	66550001	0.765224	1.03178	2
14	66600001	1.29548	1.03178	2
14	66650001	1.09618	1.03178	2
14	66700001	1.03959	1.03178	2
14	66750001	0.87655	1.03178	2
14	66800001	1.06136	1.03178	2
14	66850001	1.12284	1.03178	2
14	66900001	1.56275	1.03178	2
14	66950001	1.03897	1.03178	2
14	67000001	0.921502	1.03178	2
14	67050001	1.04143	1.03178	2
14	67100001	0.931828	1.03178	2
14	67150001	1.10392	1.03178	2
14	67200001	0.883295	1.03178	2
14	67250001	0.960357	1.03178	2
14	67300001	1.18354	1.03178	2
14	67350001	1.1982	1.03178	2
14	67400001	0.789688	1.03178	2
14	67450001	1.19321	1.03178	2
14	67500001	1.31997	1.03178	2
14	67550001	0.999413	1.03178	2
14	67600001	0.985642	1.03178	2
14	67650001	0.962479	1.03178	2
14	67700001	0.98561	1.03178	2
14	67750001	1.19916	1.03178	2
14	67800001	0.902036	1.03178	2
14	67850001	1.23584	1.03178	2
14	67900001	0.997704	1.03178	2
14	67950001	0.772291	1.03178	2
14	68000001	0.644446	1.03178	2
14	68050001	0.792425	1.03178	2
14	68100001	0.812396	1.03178	2
14	68150001	1.32529	1.03178	2
14	68200001	0.938448	1.03178	2
14	68250001	1.25391	1.03178	2
14	68300001	1.29703	1.03178	2
14	68350001	0.920853	1.03178	2
14	68400001	1.16079	1.03178	2
14	68450001	0.741423	1.03178	2
14	68500001	1.12146	1.03178	2
14	68550001	1.12772	1.03178	2
14	68600001	1.21389	1.03178	2
14	68650001	1.02216	1.03178	2
14	68700001	1.28788	1.03178	2
14	68750001	0.919167	1.03178	2
14	68800001	0.859303	1.03178	2
14	68850001	0.980763	1.03178	2
14	68900001	1.02297	1.03178	2
14	68950001	1.02129	1.03178	2
14	69000001	0.730795	1.03178	2
14	69050001	0.758537	1.03178	2
14	69100001	0.677569	1.03178	2
14	69150001	0.907328	1.03178	2
14	69200001	0.918691	1.03178	2
14	69250001	0.88015	1.03178	2
14	69300001	0.821444	1.03178	2
14	69350001	0.92659	1.03178	2
14	69400001	0.773956	1.03178	2
14	69450001	0.614345	1.03178	2
14	69500001	0.710589	1.03178	2
14	69550001	1.09347	1.03178	2
14	69600001	0.808591	1.03178	2
14	69650001	0.808244	1.03178	2
14	69700001	0.829312	1.03178	2
14	69750001	0.992416	1.03178	2
14	69800001	0.888401	1.03178	2
14	69850001	0.754049	1.03178	2
14	69900001	1.09985	1.03178	2
14	69950001	0.840832	1.03178	2
14	70000001	1.17522	1.03178	2
14	70050001	0.708158	1.03178	2
14	70100001	1.20227	1.03178	2
14	70150001	0.859042	1.03178	2
14	70200001	1.09001	1.03178	2
14	70250001	0.749339	1.03178	2
14	70300001	0.941801	1.03178	2
14	70350001	0.986525	1.03178	2
14	70400001	0.827387	1.03178	2
14	70450001	1.09806	1.03178	2
14	70500001	1.10917	1.03178	2
14	70550001	1.03426	1.03178	2
14	70600001	1.41695	1.03178	2
14	70650001	1.15457	1.03178	2
14	70700001	1.01199	1.03178	2
14	70750001	1.20823	1.03178	2
14	70800001	0.983334	1.03178	2
14	70850001	0.974633	1.03178	2
14	70900001	1.27049	1.03178	2
14	70950001	1.15505	1.03178	2
14	71000001	1.16073	1.03178	2
14	71050001	1.45995	1.03178	2
14	71100001	0.897166	1.03178	2
14	71150001	0.861254	1.03178	2
14	71200001	1.19914	1.03178	2
14	71250001	0.712865	1.03178	2
14	71300001	1.18507	1.03178	2
14	71350001	0.927263	1.03178	2
14	71400001	1.28356	1.03178	2
14	71450001	1.15715	1.03178	2
14	71500001	0.895115	1.03178	2
14	71550001	1.00478	1.03178	2
14	71600001	1.02362	1.03178	2
14	71650001	1.2424	1.03178	2
14	71700001	1.14516	1.03178	2
14	71750001	1.03618	1.03178	2
14	71800001	1.09254	1.03178	2
14	71850001	1.12051	1.03178	2
14	71900001	1.32246	1.03178	2
14	71950001	0.884508	0.879387	2
14	72000001	0.83391	0.879387	2
14	72050001	0.956313	0.879387	2
14	72100001	0.837336	0.879387	2
14	72150001	0.611862	0.879387	2
14	72200001	0.903938	0.879387	2
14	72250001	1.05432	0.879387	2
14	72300001	1.25736	0.879387	2
14	72350001	0.850753	0.879387	2
14	72400001	0.649413	0.879387	2
14	72450001	1.07405	0.879387	2
14	72500001	1.08608	0.879387	2
14	72550001	1.04441	0.879387	2
14	72600001	0.977921	0.879387	2
14	72650001	1.04617	0.879387	2
14	72700001	0.776912	0.879387	2
14	72750001	0.881805	0.879387	2
14	72800001	1.05868	0.879387	2
14	72850001	1.11281	0.879387	2
14	72900001	0.756864	0.879387	2
14	72950001	1.21711	0.879387	2
14	73000001	0.94727	0.879387	2
14	73050001	0.859962	0.879387	2
14	73100001	0.767726	0.879387	2
14	73150001	0.8179	0.879387	2
14	73200001	0.920574	0.879387	2
14	73250001	0.631431	0.879387	2
14	73300001	0.722535	0.879387	2
14	73350001	0.816178	0.879387	2
14	73400001	0.612833	0.879387	2
14	73450001	0.714826	0.879387	2
14	73500001	0.929662	0.879387	2
14	73550001	0.776312	0.879387	2
14	73600001	1.03081	0.879387	2
14	73650001	0.722383	0.879387	2
14	73700001	0.619758	0.879387	2
14	73750001	0.642591	0.879387	2
14	73800001	1.16651	0.879387	2
14	73850001	1.02649	0.879387	2
14	73900001	1.04639	0.879387	2
14	73950001	0.98417	0.879387	2
14	74000001	0.709865	0.879387	2
14	74050001	0.777141	0.879387	2
14	74100001	0.708752	0.879387	2
14	74150001	0.861747	0.879387	2
14	74200001	0.89592	0.879387	2
14	74250001	1.03669	0.879387	2
14	74300001	0.725742	0.879387	2
14	74350001	0.916835	0.879387	2
14	74400001	0.614904	0.879387	2
14	74450001	0.707541	0.879387	2
14	74500001	0.804833	0.879387	2
14	74550001	1.04991	0.879387	2
14	74600001	1.32663	0.879387	2
14	74650001	0.86507	0.879387	2
14	74700001	0.29701	0.879387	2
14	74750001	0.628344	0.879387	2
14	74800001	0.786348	0.879387	2
14	74850001	0.829019	0.879387	2
14	74900001	1.21116	0.879387	2
14	74950001	0.948223	0.879387	2
14	75000001	0.891395	0.879387	2
14	75050001	0.731469	0.879387	2
14	75100001	0.744314	0.879387	2
14	75150001	1.14917	0.879387	2
14	75200001	0.781438	0.879387	2
14	75250001	0.71519	0.879387	2
14	75300001	0.909773	0.879387	2
14	75350001	0.779465	0.879387	2
14	75400001	0.59281	0.879387	2
14	75450001	0.760646	0.879387	2
14	75500001	0.640598	0.879387	2
14	75550001	1.24975	0.879387	2
14	75600001	1.0845	0.879387	2
14	75650001	0.879387	0.879387	2
14	75700001	0.87166	0.879387	2
14	75750001	0.972722	0.879387	2
14	75800001	1.06199	0.879387	2
14	75850001	0.884127	0.879387	2
14	75900001	0.729797	0.879387	2
14	75950001	1.03094	0.879387	2
14	76000001	0.678739	0.879387	2
14	76050001	0.839024	0.879387	2
14	76100001	1.31261	0.879387	2
14	76150001	1.10324	0.879387	2
14	76200001	1.23377	0.879387	2
14	76250001	0.935131	0.879387	2
14	76300001	0.926132	0.879387	2
14	76350001	0.930949	0.879387	2
14	76400001	0.973326	0.879387	2
14	76450001	0.834027	0.879387	2
14	76500001	1.06088	0.879387	2
14	76550001	0.952325	0.879387	2
14	76600001	0.982813	0.879387	2
14	76650001	0.875776	0.879387	2
14	76700001	1.00325	0.879387	2
14	76750001	0.86625	0.879387	2
14	76800001	0.904006	0.879387	2
14	76850001	0.856267	0.879387	2
14	76900001	0.574448	0.879387	2
14	76950001	0.876087	0.879387	2
14	77000001	1.01003	0.879387	2
14	77050001	1.08461	0.879387	2
14	77100001	0.69933	0.879387	2
14	77150001	1.07772	0.879387	2
14	77200001	0.72401	0.879387	2
14	77250001	1.1147	0.879387	2
14	77300001	0.687771	0.879387	2
14	77350001	0.821883	0.879387	2
14	77400001	0.69643	0.879387	2
14	77450001	0.833806	0.879387	2
14	77500001	0.86198	0.879387	2
14	77550001	1.1203	0.879387	2
14	77600001	0.778417	0.879387	2
14	77650001	0.8486	0.879387	2
14	77700001	0.756918	0.879387	2
14	77750001	1.07146	0.879387	2
14	77800001	1.12175	0.879387	2
14	77850001	0.615051	0.879387	2
14	77900001	1.0056	0.879387	2
14	77950001	0.957609	0.879387	2
14	78000001	0.877229	0.879387	2
14	78050001	0.707126	0.879387	2
14	78100001	1.10188	0.879387	2
14	78150001	0.996091	0.879387	2
14	78200001	1.05018	0.879387	2
14	78250001	0.893854	0.879387	2
14	78300001	0.885217	0.879387	2
14	78350001	0.518123	0.879387	2
14	78400001	1.08613	1.08087	2
14	78450001	0.920247	1.08087	2
14	78500001	1.05822	1.08087	2
14	78550001	0.942406	1.08087	2
14	78600001	1.23303	1.08087	2
14	78650001	1.02103	1.08087	2
14	78700001	0.949855	1.08087	2
14	78750001	1.0437	1.08087	2
14	78800001	1.08055	1.08087	2
14	78850001	1.17805	1.08087	2
14	78900001	0.848815	1.08087	2
14	78950001	1.13459	1.08087	2
14	79000001	1.26379	1.08087	2
14	79050001	1.07893	1.08087	2
14	79100001	1.21659	1.08087	2
14	79150001	0.882017	1.08087	2
14	79200001	0.911856	1.08087	2
14	79250001	0.982481	1.08087	2
14	79300001	0.859644	1.08087	2
14	79350001	1.18219	1.08087	2
14	79400001	1.40606	1.08087	2
14	79450001	0.886477	1.08087	2
14	79500001	0.912505	1.08087	2
14	79550001	1.20922	1.08087	2
14	79600001	0.900616	1.08087	2
14	79650001	1.10937	1.08087	2
14	79700001	1.08534	1.08087	2
14	79750001	0.714792	1.08087	2
14	79800001	0.937852	1.08087	2
14	79850001	1.2335	1.08087	2
14	79900001	0.996306	1.08087	2
14	79950001	1.10729	1.08087	2
14	80000001	1.01754	1.08087	2
14	80050001	1.17248	1.08087	2
14	80100001	1.41887	1.08087	2
14	80150001	1.18487	1.08087	2
14	80200001	0.973157	1.08087	2
14	80250001	1.19614	1.08087	2
14	80300001	1.02429	1.08087	2
14	80350001	1.03515	1.08087	2
14	80400001	1.23397	1.08087	2
14	80450001	1.33172	1.08087	2
14	80500001	1.18401	1.08087	2
14	80550001	0.913226	1.08087	2
14	80600001	1.13169	1.08087	2
14	80650001	1.26034	1.08087	2
14	80700001	1.07151	1.08087	2
14	80750001	0.920109	1.08087	2
14	80800001	0.932803	1.08087	2
14	80850001	1.04375	1.08087	2
14	80900001	1.25567	1.08087	2
14	80950001	0.864861	1.08087	2
14	81000001	0.906039	1.08087	2
14	81050001	1.11964	1.08087	2
14	81100001	1.4216	1.08087	2
14	81150001	1.00246	1.08087	2
14	81200001	1.11073	1.08087	2
14	81250001	0.960184	1.08087	2
14	81300001	1.0925	1.08087	2
14	81350001	1.1844	1.08087	2
14	81400001	1.15749	1.08087	2
14	81450001	1.23241	1.08087	2
14	81500001	1.03474	1.08087	2
14	81550001	1.34834	1.08087	2
14	81600001	1.20955	1.08087	2
14	81650001	0.987	1.08087	2
14	81700001	0.932951	1.08087	2
14	81750001	0.912922	1.08087	2
14	81800001	1.12303	1.08087	2
14	81850001	0.98736	1.08087	2
14	81900001	1.03208	1.08087	2
14	81950001	1.01158	1.08087	2
14	82000001	1.09602	1.08087	2
14	82050001	1.07981	1.08087	2
14	82100001	0.976392	1.08087	2
14	82150001	1.21619	1.08087	2
14	82200001	1.31751	1.08087	2
14	82250001	1.17227	1.08087	2
14	82300001	1.33258	1.08087	2
14	82350001	1.30819	1.08087	2
14	82400001	1.25669	1.08087	2
14	82450001	0.935069	1.08087	2
14	82500001	1.09609	1.08087	2
14	82550001	1.47756	1.08087	2
14	82600001	1.00841	1.08087	2
14	82650001	0.936438	1.08087	2
14	82700001	1.13437	1.08087	2
14	82750001	1.30651	1.08087	2
14	82800001	1.20431	1.08087	2
14	82850001	0.937472	1.08087	2
14	82900001	0.946971	1.08087	2
14	82950001	1.35594	1.08087	2
14	83000001	1.16672	1.08087	2
14	83050001	0.959335	1.08087	2
14	83100001	1.10734	1.08087	2
14	83150001	1.4135	1.08087	2
14	83200001	0.72754	1.08087	2
14	83250001	1.36599	1.08087	2
14	83300001	1.22989	1.08087	2
14	83350001	1.24578	1.08087	2
14	83400001	1.07378	1.08087	2
14	83450001	1.25844	1.08087	2
14	83500001	1.06146	1.08087	2
14	83550001	1.08342	1.08087	2
14	83600001	1.32862	1.08087	2
14	83650001	0.809097	1.08087	2
14	83700001	1.20641	1.08087	2
14	83750001	1.10871	1.08087	2
14	83800001	1.21836	1.08087	2
14	83850001	0.888622	1.08087	2
14	83900001	1.22674	1.08087	2
14	83950001	0.917589	1.08087	2
14	84000001	1.29856	1.08087	2
14	84050001	1.13541	1.08087	2
14	84100001	0.9128	1.08087	2
14	84150001	0.930605	1.08087	2
14	84200001	1.08119	1.08087	2
14	84250001	1.40701	1.08087	2
14	84300001	1.07196	1.08087	2
14	84350001	1.30823	1.08087	2
14	84400001	1.10865	1.08087	2
14	84450001	1.18229	1.08087	2
14	84500001	1.16018	1.08087	2
14	84550001	0.839233	1.08087	2
14	84600001	1.13296	1.08087	2
14	84650001	1.18221	1.08087	2
14	84700001	0.949356	1.08087	2
14	84750001	1.02356	1.08087	2
14	84800001	1.12285	1.08087	2
14	84850001	0.652641	1.08087	2
14	84900001	1.03665	1.08087	2
14	84950001	1.15624	1.08087	2
14	85000001	1.00783	1.08087	2
14	85050001	0.912261	1.08087	2
14	85100001	1.03813	1.08087	2
14	85150001	1.18405	1.08087	2
14	85200001	1.07321	1.08087	2
14	85250001	1.24972	1.08087	2
14	85300001	0.888491	1.08087	2
14	85350001	0.950345	1.08087	2
14	85400001	0.924646	1.08087	2
14	85450001	0.974866	1.08087	2
14	85500001	0.959411	1.08087	2
14	85550001	1.1212	1.08087	2
14	85600001	0.948976	1.08087	2
14	85650001	0.98177	1.08087	2
14	85700001	0.962663	1.08087	2
14	85750001	1.21238	1.08087	2
14	85800001	0.999728	1.08087	2
14	85850001	1.07238	1.08087	2
14	85900001	0.826948	1.08087	2
14	85950001	0.786224	1.08087	2
14	86000001	1.19129	1.08087	2
14	86050001	0.956676	1.08087	2
14	86100001	1.00999	1.08087	2
14	86150001	1.38128	1.08087	2
14	86200001	1.03379	1.08087	2
14	86250001	1.15935	1.08087	2
14	86300001	0.937837	1.08087	2
14	86350001	1.0853	1.08087	2
14	86400001	1.08396	1.08087	2
14	86450001	1.4046	1.08087	2
14	86500001	1.02392	1.08087	2
14	86550001	1.13542	1.08087	2
14	86600001	1.772	1.46023	3
14	86650001	1.50563	1.46023	3
14	86700001	1.57978	1.46023	3
14	86750001	1.40314	1.46023	3
14	86800001	1.35588	1.46023	3
14	86850001	1.45182	1.46023	3
14	86900001	1.7526	1.46023	3
14	86950001	1.65208	1.46023	3
14	87000001	1.38022	1.46023	3
14	87050001	1.73715	1.46023	3
14	87100001	1.68539	1.46023	3
14	87150001	1.40939	1.46023	3
14	87200001	1.73156	1.46023	3
14	87250001	1.59814	1.46023	3
14	87300001	1.34929	1.46023	3
14	87350001	1.21148	1.46023	3
14	87400001	1.28391	1.46023	3
14	87450001	1.5045	1.46023	3
14	87500001	1.02439	1.46023	3
14	87550001	1.08372	1.46023	3
14	87600001	1.47312	1.46023	3
14	87650001	2.05157	1.46023	3
14	87700001	1.11188	1.46023	3
14	87750001	1.80792	1.46023	3
14	87800001	1.49364	1.46023	3
14	87850001	1.50229	1.46023	3
14	87900001	1.41547	1.46023	3
14	87950001	1.72624	1.46023	3
14	88000001	1.23381	1.46023	3
14	88050001	1.47676	1.46023	3
14	88100001	1.23967	1.46023	3
14	88150001	1.50503	1.46023	3
14	88200001	1.54082	1.46023	3
14	88250001	1.67776	1.46023	3
14	88300001	1.48752	1.46023	3
14	88350001	1.28321	1.46023	3
14	88400001	1.74438	1.46023	3
14	88450001	1.49715	1.46023	3
14	88500001	1.38978	1.46023	3
14	88550001	1.45552	1.46023	3
14	88600001	1.23184	1.46023	3
14	88650001	1.19032	1.46023	3
14	88700001	1.07084	1.46023	3
14	88750001	1.02393	1.46023	3
14	88800001	1.63956	1.46023	3
14	88850001	1.34514	1.46023	3
14	88900001	1.78288	1.46023	3
14	88950001	1.33612	1.46023	3
14	89000001	0.909936	1.46023	3
14	89050001	1.6366	1.46023	3
14	89100001	1.45209	1.46023	3
14	89150001	1.46023	1.46023	3
14	89200001	1.4759	1.46023	3
14	89250001	1.11414	1.46023	3
14	89300001	1.71974	1.46023	3
14	89350001	1.45036	1.46023	3
14	89400001	1.59702	1.46023	3
14	89450001	1.72073	1.46023	3
14	89500001	1.40213	1.46023	3
14	89550001	1.34666	1.46023	3
14	89600001	1.51862	1.46023	3
14	89650001	1.43197	1.46023	3
14	89700001	1.65677	1.46023	3
14	89750001	1.22425	1.46023	3
14	89800001	1.12088	1.46023	3
14	89850001	1.4769	1.46023	3
14	89900001	1.44907	1.46023	3
14	89950001	1.39542	1.46023	3
14	90000001	1.49312	1.46023	3
14	90050001	1.15339	1.46023	3
14	90100001	1.74433	1.46023	3
14	90150001	1.29045	1.46023	3
14	90200001	1.36203	1.46023	3
14	90250001	1.43961	1.46023	3
14	90300001	1.60497	1.46023	3
14	90350001	1.09629	1.46023	3
14	90400001	1.31359	1.46023	3
14	90450001	1.51684	1.46023	3
14	90500001	1.57197	1.46023	3
14	90550001	1.49775	1.46023	3
14	90600001	1.53155	1.46023	3
14	90650001	1.17017	1.29662	3
14	90700001	1.12556	1.29662	3
14	90750001	1.42761	1.29662	3
14	90800001	1.32275	1.29662	3
14	90850001	1.18505	1.29662	3
14	90900001	1.17462	1.29662	3
14	90950001	0.773122	1.29662	3
14	91000001	0.702466	1.29662	3
14	91050001	1.57994	1.29662	3
14	91100001	1.50587	1.29662	3
14	91150001	1.65514	1.29662	3
14	91200001	1.26949	1.29662	3
14	91250001	1.44237	1.29662	3
14	91300001	1.25611	1.29662	3
14	91350001	1.57973	1.29662	3
14	91400001	1.58122	1.29662	3
14	91450001	1.38921	1.29662	3
14	91500001	1.50568	1.29662	3
14	91550001	1.33951	1.29662	3
14	91600001	1.34015	1.29662	3
14	91650001	1.41864	1.29662	3
14	91700001	1.1415	1.29662	3
14	91750001	0.926288	1.29662	3
14	91800001	0.935918	1.29662	3
14	91850001	1.37376	1.29662	3
14	91900001	1.74173	1.29662	3
14	91950001	1.30287	1.29662	3
14	92000001	1.10784	1.29662	3
14	92050001	1.20832	1.29662	3
14	92100001	1.43299	1.29662	3
14	92150001	1.22252	1.29662	3
14	92200001	1.71576	1.29662	3
14	92250001	1.40045	1.29662	3
14	92300001	1.45255	1.29662	3
14	92350001	1.20347	1.29662	3
14	92400001	1.35632	1.29662	3
14	92450001	0.953173	1.29662	3
14	92500001	1.14522	1.29662	3
14	92550001	1.06739	1.29662	3
14	92600001	1.60215	1.29662	3
14	92650001	1.1275	1.29662	3
14	92700001	0.989336	1.29662	3
14	92750001	1.11963	1.29662	3
14	92800001	1.22807	1.29662	3
14	92850001	1.39094	1.29662	3
14	92900001	1.10548	1.29662	3
14	92950001	1.31819	1.29662	3
14	93000001	1.49173	1.29662	3
14	93050001	1.59674	1.29662	3
14	93100001	1.02042	1.29662	3
14	93150001	1.22853	1.29662	3
14	93200001	1.47382	1.29662	3
14	93250001	1.06793	1.29662	3
14	93300001	1.04016	1.29662	3
14	93350001	1.23968	1.29662	3
14	93400001	0.549324	1.29662	3
14	93450001	0.85498	1.29662	3
14	93500001	0.837298	1.29662	3
14	93550001	0.740305	1.29662	3
14	93600001	1.04645	1.29662	3
14	93650001	0.987718	1.29662	3
14	93700001	1.25544	1.29662	3
14	93750001	1.24043	1.29662	3
14	93800001	1.58747	1.29662	3
14	93850001	1.30323	1.29662	3
14	93900001	1.15778	1.29662	3
14	93950001	1.55536	1.29662	3
14	94000001	1.65917	1.29662	3
14	94050001	1.06215	1.29662	3
14	94100001	1.40675	1.29662	3
14	94150001	0.849975	1.29662	3
14	94200001	1.07501	1.29662	3
14	94250001	0.997808	1.29662	3
14	94300001	1.0847	1.29662	3
14	94350001	0.942696	1.29662	3
14	94400001	1.15221	1.29662	3
14	94450001	0.693537	1.29662	3
14	94500001	1.58684	1.29662	3
14	94550001	1.34339	1.29662	3
14	94600001	1.04423	1.29662	3
14	94650001	1.47158	1.29662	3
14	94700001	1.29749	1.29662	3
14	94750001	1.44677	1.29662	3
14	94800001	1.15402	1.29662	3
14	94850001	1.48419	1.29662	3
14	94900001	1.12611	1.29662	3
14	94950001	1.1733	1.29662	3
14	95000001	1.30455	1.29662	3
14	95050001	1.01733	1.29662	3
14	95100001	1.56447	1.29662	3
14	95150001	1.19039	1.29662	3
14	95200001	0.856798	1.29662	3
14	95250001	1.11839	1.29662	3
14	95300001	1.03283	1.29662	3
14	95350001	1.00866	1.29662	3
14	95400001	1.22242	1.29662	3
14	95450001	1.31009	1.29662	3
14	95500001	1.1878	1.29662	3
14	95550001	1.35877	1.29662	3
14	95600001	1.45925	1.29662	3
14	95650001	0.871104	1.29662	3
14	95700001	1.4414	1.29662	3
14	95750001	1.01558	1.29662	3
14	95800001	1.23827	1.29662	3
14	95850001	1.53037	1.29662	3
14	95900001	1.0498	1.29662	3
14	95950001	1.2322	1.29662	3
14	96000001	1.23134	1.29662	3
14	96050001	1.23133	1.29662	3
14	96100001	1.27789	1.29662	3
14	96150001	0.833564	1.29662	3
14	96200001	1.26815	1.29662	3
14	96250001	1.18969	1.29662	3
14	96300001	1.42095	1.29662	3
14	96350001	1.57775	1.29662	3
14	96400001	1.47517	1.29662	3
14	96450001	1.55698	1.29662	3
14	96500001	1.29576	1.29662	3
14	96550001	0.914456	1.29662	3
14	96600001	1.34264	1.29662	3
14	96650001	1.33016	1.29662	3
14	96700001	1.16358	1.29662	3
14	96750001	1.72964	1.29662	3
14	96800001	1.67755	1.29662	3
14	96850001	1.69786	1.29662	3
14	96900001	1.49486	1.29662	3
14	96950001	1.37419	1.29662	3
14	97000001	1.3842	1.29662	3
14	97050001	1.01693	1.29662	3
14	97100001	1.52268	1.29662	3
14	97150001	1.19071	1.29662	3
14	97200001	1.43694	1.29662	3
14	97250001	1.39838	1.29662	3
14	97300001	1.39467	1.29662	3
14	97350001	0.855257	1.29662	3
14	97400001	1.46285	1.29662	3
14	97450001	1.56422	1.29662	3
14	97500001	1.50931	1.29662	3
14	97550001	1.48013	1.29662	3
14	97600001	1.01992	1.29662	3
14	97650001	1.50554	1.29662	3
14	97700001	0.999962	1.29662	3
14	97750001	1.58843	1.29662	3
14	97800001	1.41303	1.29662	3
14	97850001	1.59807	1.29662	3
14	97900001	1.14833	1.29662	3
14	97950001	1.36014	1.29662	3
14	98000001	1.49444	1.29662	3
14	98050001	1.52935	1.29662	3
14	98100001	1.60341	1.29662	3
14	98150001	2.01684	1.29662	3
14	98200001	1.38889	1.29662	3
14	98250001	1.28558	1.29662	3
14	98300001	1.47432	1.29662	3
14	98350001	1.39597	1.29662	3
14	98400001	1.20554	1.29662	3
14	98450001	1.83148	1.29662	3
14	98500001	1.30654	1.29662	3
14	98550001	1.85728	1.29662	3
14	98600001	1.06298	1.29662	3
14	98650001	1.49344	1.29662	3
14	98700001	1.40596	1.29662	3
14	98750001	1.26842	1.29662	3
14	98800001	1.33066	1.29662	3
14	98850001	1.07331	1.29662	3
14	98900001	1.15037	1.29662	3
14	98950001	1.29753	1.29662	3
14	99000001	1.32354	1.29662	3
14	99050001	1.33421	1.29662	3
14	99100001	1.22626	1.29662	3
14	99150001	1.02586	1.29662	3
14	99200001	1.0044	1.29662	3
14	99250001	0.950343	1.29662	3
14	99300001	1.46154	1.29662	3
14	99350001	1.07546	1.29662	3
14	99400001	1.34357	1.29662	3
14	99450001	1.14949	1.29662	3
14	99500001	1.16884	1.29662	3
14	99550001	1.54037	1.29662	3
14	99600001	1.34649	1.29662	3
14	99650001	0.931467	1.04485	2
14	99700001	1.18244	1.04485	2
14	99750001	0.940314	1.04485	2
14	99800001	0.815155	1.04485	2
14	99850001	1.11753	1.04485	2
14	99900001	1.18476	1.04485	2
14	99950001	0.810663	1.04485	2
14	100000001	0.671525	1.04485	2
14	100050001	0.706788	1.04485	2
14	100100001	0.792556	1.04485	2
14	100150001	1.15678	1.04485	2
14	100200001	0.707501	1.04485	2
14	100250001	1.03003	1.04485	2
14	100300001	1.4835	1.04485	2
14	100350001	1.01671	1.04485	2
14	100400001	0.932967	1.04485	2
14	100450001	1.27219	1.04485	2
14	100500001	1.39368	1.04485	2
14	100550001	1.17997	1.04485	2
14	100600001	0.393806	1.04485	2
14	100650001	1.13787	1.04485	2
14	100700001	1.27418	1.04485	2
14	100750001	0.476005	1.04485	2
14	100800001	1.14855	1.04485	2
14	100850001	1.2744	1.04485	2
14	100900001	1.07137	1.04485	2
14	100950001	1.53892	1.04485	2
14	101000001	0.399128	1.04485	2
14	101050001	1.15452	1.04485	2
14	101100001	1.02966	1.04485	2
14	101150001	0.700385	1.04485	2
14	101200001	1.20534	1.04485	2
14	101250001	0.945728	1.04485	2
14	101300001	0.693843	1.04485	2
14	101350001	1.21289	1.04485	2
14	101400001	1.62552	1.04485	2
14	101450001	1.28889	1.04485	2
14	101500001	0.756262	1.04485	2
14	101550001	0.781683	1.04485	2
14	101600001	1.05312	1.04485	2
14	101650001	0.826177	1.04485	2
14	101700001	1.17763	1.04485	2
14	101750001	1.30035	1.04485	2
14	101800001	1.05871	1.04485	2
14	101850001	1.1479	1.04485	2
14	101900001	1.04702	1.04485	2
14	101950001	0.980176	1.04485	2
14	102000001	0.716449	1.04485	2
14	102050001	0.939956	1.04485	2
14	102100001	1.39559	1.04485	2
14	102150001	1.09454	1.04485	2
14	102200001	1.44155	1.04485	2
14	102250001	1.44254	1.04485	2
14	102300001	1.03565	1.04485	2
14	102350001	1.25352	1.04485	2
14	102400001	1.09608	1.04485	2
14	102450001	0.96122	1.04485	2
14	102500001	0.920222	1.04485	2
14	102550001	0.965302	1.04485	2
14	102600001	1.4597	1.04485	2
14	102650001	0.72565	1.04485	2
14	102700001	1.37747	1.04485	2
14	102750001	1.23007	1.04485	2
14	102800001	1.0169	1.04485	2
14	102850001	1.55998	1.04485	2
14	102900001	1.08213	1.04485	2
14	102950001	0.892996	1.04485	2
14	103000001	0.992382	1.04485	2
14	103050001	1.01297	1.04485	2
14	103100001	1.30352	1.04485	2
14	103150001	1.17124	1.04485	2
14	103200001	0.660075	1.04485	2
14	103250001	1.04532	1.04485	2
14	103300001	1.44456	1.04485	2
14	103350001	0.539133	1.04485	2
14	103400001	0.554915	1.04485	2
14	103450001	1.00438	1.04485	2
14	103500001	0.741777	1.04485	2
14	103550001	0.569345	1.04485	2
14	103600001	1.04708	1.04485	2
14	103650001	0.988377	1.04485	2
14	103700001	1.3928	1.04485	2
14	103750001	0.960372	1.04485	2
14	103800001	1.14258	1.04485	2
14	103850001	1.10077	1.04485	2
14	103900001	1.22058	1.04485	2
14	103950001	1.04437	1.04485	2
14	104000001	0.664214	1.04485	2
14	104050001	0.804627	1.04485	2
14	104100001	1.26517	1.04485	2
14	104150001	0.409198	1.04485	2
14	104200001	1.0961	1.04485	2
14	104250001	0.867359	1.04485	2
14	104300001	0.873325	1.04485	2
14	104350001	0.978948	1.04485	2
14	104400001	1.02373	1.04485	2
14	104450001	1.0781	1.04485	2
14	104500001	1.34877	1.04485	2
14	104550001	0.409821	0.553395	1
14	104600001	0.363775	0.553395	1
14	104650001	0.471926	0.553395	1
14	104700001	0.905993	0.553395	1
14	104750001	0.418386	0.553395	1
14	104800001	0.426917	0.553395	1
14	104850001	0.735922	0.553395	1
14	104900001	0.735994	0.553395	1
14	104950001	1.25067	0.553395	1
14	105000001	0.516403	0.553395	1
14	105050001	0.661977	0.553395	1
14	105100001	0.487896	0.553395	1
14	105150001	0.0974052	0.553395	1
14	105200001	0.528422	0.553395	1
14	105250001	0.582244	0.553395	1
14	105300001	0.577381	0.553395	1
14	105350001	0.585492	0.553395	1
14	105400001	0.430082	0.553395	1
14	105450001	0.773841	0.553395	1
14	105500001	0.735064	0.553395	1
14	105550001	1.33038	0.553395	1
14	105600001	0.195586	0.553395	1
14	105650001	0.388412	0.553395	1
14	105700001	0.626982	0.553395	1
14	105750001	0.841453	0.553395	1
14	105800001	0.529409	0.553395	1
14	105850001	0.379405	0.553395	1
14	105900001	0.238416	0.553395	1
14	105950001	0.678046	0.553395	1
14	106000001	0.785219	0.553395	1
14	106050001	0.453353	0.553395	1
14	106100001	0.652886	0.553395	1
14	106150001	0.777881	0.553395	1
14	106200001	0.527163	0.553395	1
14	106250001	1.51697	0.553395	1
14	106300001	0.488173	0.553395	1
14	106350001	-1	-1	1
14	106400001	-1	-1	1
14	106450001	-1	-1	1
14	106500001	-1	-1	1
14	106550001	-1	-1	1
14	106600001	-1	-1	1
14	106650001	-1	-1	1
14	106700001	-1	-1	1
14	106750001	-1	-1	1
14	106800001	-1	-1	1
14	106850001	-1	-1	1
14	106900001	-1	-1	1
14	106950001	-1	-1	1
14	107000001	-1	-1	1
14	107050001	-1	-1	1
14	107100001	-1	-1	1
14	107150001	-1	-1	1
14	107200001	-1	-1	1
14	107250001	-1	-1	1
14	107300001	-1	-1	1
