Chromosome	Start	Ratio	MedianRatio	CopyNumber
19	1	-1	-1	3
19	50001	0.987945	1.26649	3
19	100001	1.88735	1.26649	3
19	150001	1.37185	1.26649	3
19	200001	1.44164	1.26649	3
19	250001	1.16112	1.26649	3
19	300001	0.664606	1.26649	3
19	350001	9.36825	5.21805	10
19	400001	2.0213	5.21805	10
19	450001	5.58876	5.21805	10
19	500001	4.84734	5.21805	10
19	550001	0	0.588246	1
19	600001	0.497714	0.588246	1
19	650001	1.30558	0.588246	1
19	700001	0.678778	0.588246	1
19	750001	1.69874	0.588246	1
19	800001	0	0.588246	1
19	850001	6.09493	6.09493	12
19	900001	0.840321	0	0
19	950001	0	0	0
19	1000001	0	0	0
19	1050001	0	0	0
19	1100001	0.572292	0	0
19	1150001	0	0	0
19	1200001	0	0	0
19	1250001	0.3878	0	0
19	1300001	0.515481	0	0
19	1350001	2.00189	1.22392	2
19	1400001	0	1.22392	2
19	1450001	0.825955	1.22392	2
19	1500001	1.62188	1.22392	2
19	1550001	1.9548	1.22392	2
19	1600001	0.62067	1.22392	2
19	1650001	0.612597	1.22392	2
19	1700001	2.12669	1.22392	2
19	1750001	15.7584	15.7584	32
19	1800001	1.69748	1.01435	2
19	1850001	1.37529	1.01435	2
19	1900001	1.45724	1.01435	2
19	1950001	0.31	1.01435	2
19	2000001	1.29786	1.01435	2
19	2050001	0.874978	1.01435	2
19	2100001	0.728977	1.01435	2
19	2150001	0	1.01435	2
19	2200001	1.09469	1.01435	2
19	2250001	1.50985	1.01435	2
19	2300001	0.50484	1.01435	2
19	2350001	1.37809	1.01435	2
19	2400001	0.850668	1.01435	2
19	2450001	1.02158	1.01435	2
19	2500001	0.956343	1.01435	2
19	2550001	1.19394	1.01435	2
19	2600001	0.743045	1.01435	2
19	2650001	0.902452	1.01435	2
19	2700001	1.32305	1.01435	2
19	2750001	0.8023	1.01435	2
19	2800001	0.840982	1.01435	2
19	2850001	1.17414	1.01435	2
19	2900001	1.13854	1.01435	2
19	2950001	1.13697	1.01435	2
19	3000001	1.1225	1.01435	2
19	3050001	0.89285	1.01435	2
19	3100001	1.00636	1.01435	2
19	3150001	0.856779	1.01435	2
19	3200001	0.731865	1.01435	2
19	3250001	0.733537	1.01435	2
19	3300001	1.40623	1.01435	2
19	3350001	0.884761	1.01435	2
19	3400001	1.19267	1.01435	2
19	3450001	3.77122	1.01435	2
19	3500001	0.736116	1.01435	2
19	3550001	0	1.01435	2
19	3600001	2.36107	1.01435	2
19	3650001	0.329643	1.01435	2
19	3700001	0.999162	1.01435	2
19	3750001	0.923933	1.01435	2
19	3800001	0.70347	1.01435	2
19	3850001	0.663786	1.01435	2
19	3900001	1.0558	1.01435	2
19	3950001	1.20635	1.01435	2
19	4000001	1.87856	1.01435	2
19	4050001	0.432465	1.01435	2
19	4100001	1.08663	1.01435	2
19	4150001	0.668354	1.01435	2
19	4200001	1.31556	1.01435	2
19	4250001	0.854629	1.01435	2
19	4300001	0.999589	1.01435	2
19	4350001	0.426482	1.01435	2
19	4400001	1.23955	1.01435	2
19	4450001	1.06005	1.01435	2
19	4500001	0.899621	1.01435	2
19	4550001	1.18175	1.01435	2
19	4600001	0.954726	1.01435	2
19	4650001	0.501566	1.01435	2
19	4700001	0.89438	1.01435	2
19	4750001	1.11757	1.01435	2
19	4800001	0.893233	1.01435	2
19	4850001	1.00252	1.01435	2
19	4900001	0.832789	1.01435	2
19	4950001	1.18941	1.01435	2
19	5000001	1.03054	1.01435	2
19	5050001	1.00712	1.01435	2
19	5100001	0.270461	1.01435	2
19	5150001	0.966539	1.01435	2
19	5200001	0.816948	1.01435	2
19	5250001	0.715639	1.01435	2
19	5300001	0.983499	1.01435	2
19	5350001	1.66325	1.01435	2
19	5400001	1.65557	1.01435	2
19	5450001	0.748978	1.01435	2
19	5500001	1.14211	1.01435	2
19	5550001	1.05012	1.01435	2
19	5600001	1.72593	1.01435	2
19	5650001	0.902685	1.01435	2
19	5700001	0.977247	1.01435	2
19	5750001	1.4488	1.01435	2
19	5800001	1.04326	1.01435	2
19	5850001	0.738966	1.01435	2
19	5900001	0.766104	1.01435	2
19	5950001	1.09582	1.01435	2
19	6000001	0.934683	1.01435	2
19	6050001	1.04709	1.01435	2
19	6100001	1.04559	1.01435	2
19	6150001	2.25944	1.01435	2
19	6200001	0.420503	1.01435	2
19	6250001	0.721152	1.01435	2
19	6300001	1.1818	1.01435	2
19	6350001	0.840911	1.01435	2
19	6400001	1.55581	1.01435	2
19	6450001	0.882354	1.01435	2
19	6500001	0.872501	1.01435	2
19	6550001	1.16297	1.01435	2
19	6600001	1.49961	1.01435	2
19	6650001	0.985002	1.01435	2
19	6700001	1.02717	1.01435	2
19	6750001	0.901436	1.01435	2
19	6800001	1.14859	1.01435	2
19	6850001	1.35731	1.01435	2
19	6900001	1.10283	1.01435	2
19	6950001	1.35252	1.01435	2
19	7000001	1.37303	1.01435	2
19	7050001	1.18909	1.01435	2
19	7100001	1.31834	1.01435	2
19	7150001	1.2205	1.01435	2
19	7200001	1.36371	1.01435	2
19	7250001	1.31449	1.01435	2
19	7300001	1.14902	1.01435	2
19	7350001	0.270561	1.01435	2
19	7400001	1.2891	1.01435	2
19	7450001	1.07092	1.01435	2
19	7500001	0.869811	1.01435	2
19	7550001	1.3645	1.01435	2
19	7600001	0.928959	1.01435	2
19	7650001	0.724706	1.01435	2
19	7700001	0.828825	1.01435	2
19	7750001	1.30411	1.01435	2
19	7800001	3.51274	3.46578	7
19	7850001	3.41882	3.46578	7
19	7900001	1.08864	1.07931	2
19	7950001	0.384804	1.07931	2
19	8000001	1.03315	1.07931	2
19	8050001	0.973741	1.07931	2
19	8100001	0.613216	1.07931	2
19	8150001	0.920111	1.07931	2
19	8200001	0.963895	1.07931	2
19	8250001	1.14511	1.07931	2
19	8300001	1.36441	1.07931	2
19	8350001	0.522324	1.07931	2
19	8400001	1.05649	1.07931	2
19	8450001	1.30161	1.07931	2
19	8500001	1.32244	1.07931	2
19	8550001	0.974308	1.07931	2
19	8600001	1.20451	1.07931	2
19	8650001	0.514677	1.07931	2
19	8700001	0.160789	1.07931	2
19	8750001	1.13723	1.07931	2
19	8800001	1.39733	1.07931	2
19	8850001	2.34996	1.07931	2
19	8900001	1.05906	1.07931	2
19	8950001	1.41436	1.07931	2
19	9000001	1.12073	1.07931	2
19	9050001	1.61679	1.07931	2
19	9100001	0.871278	1.07931	2
19	9150001	0.986501	1.07931	2
19	9200001	1.49538	1.07931	2
19	9250001	1.24403	1.07931	2
19	9300001	0.856369	1.07931	2
19	9350001	1.01587	1.07931	2
19	9400001	1.22093	1.07931	2
19	9450001	1.23036	1.07931	2
19	9500001	1.19516	1.07931	2
19	9550001	1.47029	1.07931	2
19	9600001	1.30225	1.07931	2
19	9650001	1.3977	1.07931	2
19	9700001	1.55798	1.07931	2
19	9750001	1.41158	1.07931	2
19	9800001	1.78697	1.07931	2
19	9850001	1.49029	1.07931	2
19	9900001	1.14516	1.07931	2
19	9950001	0.933732	1.07931	2
19	10000001	1.10948	1.07931	2
19	10050001	1.38948	1.07931	2
19	10100001	1.34546	1.07931	2
19	10150001	0.872621	1.07931	2
19	10200001	0.797974	1.07931	2
19	10250001	1.16719	1.07931	2
19	10300001	1.2226	1.07931	2
19	10350001	1.11535	1.07931	2
19	10400001	0.887462	1.07931	2
19	10450001	0.778848	1.07931	2
19	10500001	1.18529	1.07931	2
19	10550001	1.27487	1.07931	2
19	10600001	1.05383	1.07931	2
19	10650001	0.928627	1.07931	2
19	10700001	1.45507	1.07931	2
19	10750001	1.16468	1.07931	2
19	10800001	1.0023	1.07931	2
19	10850001	0.974534	1.07931	2
19	10900001	0.988938	1.07931	2
19	10950001	0.87186	1.07931	2
19	11000001	0.914387	1.07931	2
19	11050001	0.974552	1.07931	2
19	11100001	0.567827	1.07931	2
19	11150001	1.2311	1.07931	2
19	11200001	1.56693	1.07931	2
19	11250001	1.04257	1.07931	2
19	11300001	1.41856	1.07931	2
19	11350001	1.29172	1.07931	2
19	11400001	1.5741	1.07931	2
19	11450001	1.11349	1.07931	2
19	11500001	0.678885	1.07931	2
19	11550001	0.915571	1.07931	2
19	11600001	1.07931	1.07931	2
19	11650001	1.41334	1.07931	2
19	11700001	0.807235	1.07931	2
19	11750001	0.746403	1.07931	2
19	11800001	1.001	1.07931	2
19	11850001	1.4756	1.07931	2
19	11900001	1.37857	1.07931	2
19	11950001	1.19174	1.07931	2
19	12000001	1.37444	1.07931	2
19	12050001	1.15452	1.07931	2
19	12100001	0.998161	1.07931	2
19	12150001	0.978275	1.07931	2
19	12200001	1.16714	1.07931	2
19	12250001	1.04578	1.07931	2
19	12300001	1.2341	1.07931	2
19	12350001	1.27839	1.07931	2
19	12400001	1.02169	1.07931	2
19	12450001	1.17109	1.07931	2
19	12500001	1.12245	1.07931	2
19	12550001	1.34829	1.07931	2
19	12600001	1.03439	1.07931	2
19	12650001	1.44831	1.07931	2
19	12700001	1.45251	1.07931	2
19	12750001	1.02872	1.07931	2
19	12800001	0.976362	1.07931	2
19	12850001	0.936848	1.07931	2
19	12900001	0.556568	1.07931	2
19	12950001	1.64138	1.07931	2
19	13000001	1.40632	1.07931	2
19	13050001	1.73846	1.07931	2
19	13100001	0.639073	1.07931	2
19	13150001	0.926732	1.07931	2
19	13200001	1.09199	1.07931	2
19	13250001	0.985666	1.07931	2
19	13300001	1.19161	1.07931	2
19	13350001	0.978335	1.07931	2
19	13400001	1.29472	1.07931	2
19	13450001	0.912415	1.07931	2
19	13500001	1.3548	1.07931	2
19	13550001	1.17161	1.07931	2
19	13600001	1.26198	1.07931	2
19	13650001	1.30382	1.07931	2
19	13700001	1.38093	1.07931	2
19	13750001	1.45025	1.07931	2
19	13800001	1.99997	1.07931	2
19	13850001	1.09934	1.07931	2
19	13900001	1.0632	1.07931	2
19	13950001	0.721744	1.07931	2
19	14000001	0.843863	1.07931	2
19	14050001	0.667069	1.07931	2
19	14100001	1.79778	1.07931	2
19	14150001	0.982127	1.07931	2
19	14200001	0.897027	1.07931	2
19	14250001	0.674662	1.07931	2
19	14300001	0.986167	1.07931	2
19	14350001	1.16176	1.07931	2
19	14400001	1.21664	1.07931	2
19	14450001	0.973178	1.07931	2
19	14500001	1.352	1.07931	2
19	14550001	0.957531	1.07931	2
19	14600001	0.788126	1.07931	2
19	14650001	1.00548	1.07931	2
19	14700001	1.68964	1.07931	2
19	14750001	1.64314	1.07931	2
19	14800001	1.02054	1.07931	2
19	14850001	0.893247	1.07931	2
19	14900001	1.56922	1.07931	2
19	14950001	1.49538	1.07931	2
19	15000001	1.63911	1.07931	2
19	15050001	1.46684	1.07931	2
19	15100001	1.29277	1.07931	2
19	15150001	1.74503	1.07931	2
19	15200001	1.54167	1.07931	2
19	15250001	0.846048	1.07931	2
19	15300001	0.95461	1.07931	2
19	15350001	1.33555	1.07931	2
19	15400001	1.90041	1.07931	2
19	15450001	1.17504	1.07931	2
19	15500001	0.749866	1.07931	2
19	15550001	0.966122	1.07931	2
19	15600001	0.91417	1.07931	2
19	15650001	1.47945	1.07931	2
19	15700001	1.15647	1.07931	2
19	15750001	1.1143	1.07931	2
19	15800001	1.28249	1.07931	2
19	15850001	1.397	1.07931	2
19	15900001	1.71701	1.07931	2
19	15950001	1.25497	1.07931	2
19	16000001	1.88238	1.07931	2
19	16050001	1.36848	1.07931	2
19	16100001	1.14292	1.07931	2
19	16150001	1.17473	1.07931	2
19	16200001	0.974732	1.07931	2
19	16250001	1.42916	1.07931	2
19	16300001	0.957181	1.07931	2
19	16350001	1.27182	1.07931	2
19	16400001	0.985268	1.07931	2
19	16450001	0.932024	1.07931	2
19	16500001	1.14107	1.07931	2
19	16550001	0.875998	1.07931	2
19	16600001	0.762907	1.07931	2
19	16650001	1.14938	1.07931	2
19	16700001	1.20118	1.07931	2
19	16750001	1.36481	1.07931	2
19	16800001	1.96353	1.07931	2
19	16850001	1.49551	1.07931	2
19	16900001	1.0638	1.07931	2
19	16950001	0.489969	1.07931	2
19	17000001	0.912993	1.07931	2
19	17050001	1.33142	1.07931	2
19	17100001	1.02907	1.07931	2
19	17150001	1.43058	1.07931	2
19	17200001	1.28399	1.07931	2
19	17250001	1.45945	1.07931	2
19	17300001	0.847893	1.07931	2
19	17350001	0.689614	1.07931	2
19	17400001	0.774566	1.07931	2
19	17450001	1.11583	1.07931	2
19	17500001	0.89574	1.07931	2
19	17550001	1.04892	1.07931	2
19	17600001	1.01078	1.07931	2
19	17650001	1.41218	1.07931	2
19	17700001	1.42552	1.07931	2
19	17750001	1.29018	1.07931	2
19	17800001	0.843558	1.07931	2
19	17850001	0.697239	1.07931	2
19	17900001	0.940986	1.07931	2
19	17950001	1.01516	1.07931	2
19	18000001	1.19748	1.07931	2
19	18050001	0.726078	1.07931	2
19	18100001	1.27949	1.07931	2
19	18150001	0.924066	1.07931	2
19	18200001	0.58344	1.07931	2
19	18250001	0.714943	1.07931	2
19	18300001	0.743773	1.07931	2
19	18350001	1.14294	1.07931	2
19	18400001	3.01076	1.07931	2
19	18450001	1.13197	1.07931	2
19	18500001	0.638546	1.07931	2
19	18550001	0.995636	1.07931	2
19	18600001	1.38315	1.07931	2
19	18650001	1.01383	1.07931	2
19	18700001	1.11924	1.07931	2
19	18750001	0.881126	1.07931	2
19	18800001	0.946923	1.07931	2
19	18850001	1.02234	1.07931	2
19	18900001	1.086	1.07931	2
19	18950001	0.700863	1.07931	2
19	19000001	1.05225	1.07931	2
19	19050001	1.02521	1.07931	2
19	19100001	1.34963	1.07931	2
19	19150001	1.35105	1.07931	2
19	19200001	0.902977	1.07931	2
19	19250001	0.790503	1.07931	2
19	19300001	0.899221	1.07931	2
19	19350001	1.18449	1.07931	2
19	19400001	0.983035	1.07931	2
19	19450001	1.46941	1.07931	2
19	19500001	2.43982	1.07931	2
19	19550001	1.34631	1.07931	2
19	19600001	0.844912	1.07931	2
19	19650001	0.378971	1.07931	2
19	19700001	0.945951	1.07931	2
19	19750001	0.848595	1.07931	2
19	19800001	1.19756	1.07931	2
19	19850001	0.58002	1.07931	2
19	19900001	0.916188	1.07931	2
19	19950001	1.1115	1.07931	2
19	20000001	1.37174	1.07931	2
19	20050001	0.891619	1.07931	2
19	20100001	1.3158	1.07931	2
19	20150001	1.03774	1.07931	2
19	20200001	1.29798	1.07931	2
19	20250001	1.08276	1.07931	2
19	20300001	1.00574	1.07931	2
19	20350001	0.88777	1.07931	2
19	20400001	1.12134	1.07931	2
19	20450001	1.36075	1.07931	2
19	20500001	0.469814	1.07931	2
19	20550001	0.192907	1.07931	2
19	20600001	0.503973	1.07931	2
19	20650001	0.23612	1.07931	2
19	20700001	1.07527	1.07931	2
19	20750001	0.708942	1.07931	2
19	20800001	1.10724	1.07931	2
19	20850001	1.26529	1.07931	2
19	20900001	1.24249	1.07931	2
19	20950001	0.99631	1.07931	2
19	21000001	0.796748	1.07931	2
19	21050001	1.21346	1.07931	2
19	21100001	1.18934	1.07931	2
19	21150001	0.857828	1.07931	2
19	21200001	1.09255	1.07931	2
19	21250001	0.836268	1.07931	2
19	21300001	0.877976	1.07931	2
19	21350001	0.92439	1.07931	2
19	21400001	1.42679	1.07931	2
19	21450001	0.943946	1.07931	2
19	21500001	0.821678	1.07931	2
19	21550001	1.11472	1.07931	2
19	21600001	0.72343	1.07931	2
19	21650001	1.10052	1.07931	2
19	21700001	0.868778	1.07931	2
19	21750001	0.99309	1.07931	2
19	21800001	1.40745	1.07931	2
19	21850001	1.05209	1.07931	2
19	21900001	0.721166	1.07931	2
19	21950001	1.16846	1.07931	2
19	22000001	1.10457	1.07931	2
19	22050001	1.04669	1.07931	2
19	22100001	0.908867	1.07931	2
19	22150001	0.679908	1.07931	2
19	22200001	1.02161	1.07931	2
19	22250001	0.764345	1.07931	2
19	22300001	1.24067	1.07931	2
19	22350001	0.815228	1.07931	2
19	22400001	0.939488	1.07931	2
19	22450001	1.42748	1.07931	2
19	22500001	0.962627	1.07931	2
19	22550001	1.19602	1.07931	2
19	22600001	1.08125	1.07931	2
19	22650001	0.801723	1.07931	2
19	22700001	0.938037	1.07931	2
19	22750001	1.25484	1.07931	2
19	22800001	1.13673	1.07931	2
19	22850001	1.03992	1.07931	2
19	22900001	0.92153	1.07931	2
19	22950001	0.951132	1.07931	2
19	23000001	1.10727	1.07931	2
19	23050001	0.992045	1.07931	2
19	23100001	0.775544	1.07931	2
19	23150001	1.62628	1.07931	2
19	23200001	1.09292	1.07931	2
19	23250001	1.18544	1.07931	2
19	23300001	0.939963	1.07931	2
19	23350001	1.04461	1.07931	2
19	23400001	0.992902	1.07931	2
19	23450001	1.01891	1.07931	2
19	23500001	1.22282	1.07931	2
19	23550001	1.12796	1.07931	2
19	23600001	1.09531	1.07931	2
19	23650001	1.39991	1.07931	2
19	23700001	0.744052	1.07931	2
19	23750001	0.957434	1.07931	2
19	23800001	0.851951	1.07931	2
19	23850001	1.03032	1.07931	2
19	23900001	1.03841	1.07931	2
19	23950001	1.60256	1.07931	2
19	24000001	1.47634	1.07931	2
19	24050001	0.956887	1.07931	2
19	24100001	1.25385	1.07931	2
19	24150001	0.889905	1.07931	2
19	24200001	0.659002	1.07931	2
19	24250001	0.72263	1.07931	2
19	24300001	0.822514	1.07931	2
19	24350001	0.998839	1.07931	2
19	24400001	-1	1.07931	2
19	24450001	-1	1.07931	2
19	24500001	-1	1.07931	2
19	24550001	-1	1.07931	2
19	24600001	-1	1.07931	2
19	24650001	-1	1.07931	2
19	24700001	-1	1.07931	2
19	24750001	-1	1.07931	2
19	24800001	-1	1.07931	2
19	24850001	-1	1.07931	2
19	24900001	-1	1.07931	2
19	24950001	-1	1.07931	2
19	25000001	-1	1.07931	2
19	25050001	-1	1.07931	2
19	25100001	-1	1.07931	2
19	25150001	-1	1.07931	2
19	25200001	-1	1.07931	2
19	25250001	-1	1.07931	2
19	25300001	-1	1.07931	2
19	25350001	-1	1.07931	2
19	25400001	-1	1.07931	2
19	25450001	-1	1.07931	2
19	25500001	-1	1.07931	2
19	25550001	-1	1.07931	2
19	25600001	-1	1.07931	2
19	25650001	-1	1.07931	2
19	25700001	-1	1.07931	2
19	25750001	-1	1.07931	2
19	25800001	-1	1.07931	2
19	25850001	-1	1.07931	2
19	25900001	-1	1.07931	2
19	25950001	-1	1.07931	2
19	26000001	-1	1.07931	2
19	26050001	-1	1.07931	2
19	26100001	-1	1.07931	2
19	26150001	-1	1.07931	2
19	26200001	-1	1.07931	2
19	26250001	-1	1.07931	2
19	26300001	-1	1.07931	2
19	26350001	-1	1.07931	2
19	26400001	-1	1.07931	2
19	26450001	-1	1.07931	2
19	26500001	-1	1.07931	2
19	26550001	-1	1.07931	2
19	26600001	-1	1.07931	2
19	26650001	-1	1.07931	2
19	26700001	-1	1.07931	2
19	26750001	-1	1.07931	2
19	26800001	-1	1.07931	2
19	26850001	-1	1.07931	2
19	26900001	-1	1.07931	2
19	26950001	-1	1.07931	2
19	27000001	-1	1.07931	2
19	27050001	-1	1.07931	2
19	27100001	-1	1.07931	2
19	27150001	-1	1.07931	2
19	27200001	-1	1.07931	2
19	27250001	-1	1.07931	2
19	27300001	-1	1.07931	2
19	27350001	-1	1.07931	2
19	27400001	-1	1.07931	2
19	27450001	-1	1.07931	2
19	27500001	-1	1.07931	2
19	27550001	-1	1.07931	2
19	27600001	-1	1.07931	2
19	27650001	-1	1.07931	2
19	27700001	-1	1.07931	2
19	27750001	-1	1.07931	2
19	27800001	-1	1.07931	2
19	27850001	-1	1.07931	2
19	27900001	-1	1.07931	2
19	27950001	-1	1.07931	2
19	28000001	-1	1.07931	2
19	28050001	-1	1.07931	2
19	28100001	-1	1.07931	2
19	28150001	-1	1.07931	2
19	28200001	-1	1.07931	2
19	28250001	-1	1.07931	2
19	28300001	-1	1.07931	2
19	28350001	-1	1.07931	2
19	28400001	-1	1.07931	2
19	28450001	-1	1.07931	2
19	28500001	-1	1.07931	2
19	28550001	-1	1.07931	2
19	28600001	-1	1.07931	2
19	28650001	-1	1.07931	2
19	28700001	-1	1.07931	2
19	28750001	-1	1.07931	2
19	28800001	-1	1.07931	2
19	28850001	-1	1.07931	2
19	28900001	-1	1.07931	2
19	28950001	-1	1.07931	2
19	29000001	-1	1.07931	2
19	29050001	-1	1.07931	2
19	29100001	-1	1.07931	2
19	29150001	-1	1.07931	2
19	29200001	-1	1.07931	2
19	29250001	-1	1.07931	2
19	29300001	-1	1.07931	2
19	29350001	-1	1.07931	2
19	29400001	-1	1.07931	2
19	29450001	-1	1.07931	2
19	29500001	-1	1.07931	2
19	29550001	-1	1.07931	2
19	29600001	-1	1.07931	2
19	29650001	-1	1.07931	2
19	29700001	-1	1.07931	2
19	29750001	-1	1.07931	2
19	29800001	-1	1.07931	2
19	29850001	-1	1.07931	2
19	29900001	-1	1.07931	2
19	29950001	-1	1.07931	2
19	30000001	-1	1.07931	2
19	30050001	-1	1.07931	2
19	30100001	-1	1.07931	2
19	30150001	-1	1.07931	2
19	30200001	-1	1.07931	2
19	30250001	-1	1.07931	2
19	30300001	-1	1.07931	2
19	30350001	-1	1.07931	2
19	30400001	-1	1.07931	2
19	30450001	-1	1.07931	2
19	30500001	-1	1.07931	2
19	30550001	-1	1.07931	2
19	30600001	-1	1.07931	2
19	30650001	-1	1.07931	2
19	30700001	-1	1.07931	2
19	30750001	-1	1.07931	2
19	30800001	-1	1.07931	2
19	30850001	-1	1.07931	2
19	30900001	-1	1.07931	2
19	30950001	-1	1.07931	2
19	31000001	-1	1.07931	2
19	31050001	-1	1.07931	2
19	31100001	-1	1.07931	2
19	31150001	-1	1.07931	2
19	31200001	-1	1.07931	2
19	31250001	-1	1.07931	2
19	31300001	-1	1.07931	2
19	31350001	-1	1.07931	2
19	31400001	-1	1.07931	2
19	31450001	-1	1.07931	2
19	31500001	-1	1.07931	2
19	31550001	-1	1.07931	2
19	31600001	-1	1.07931	2
19	31650001	-1	1.07931	2
19	31700001	-1	1.07931	2
19	31750001	-1	1.07931	2
19	31800001	-1	1.07931	2
19	31850001	-1	1.07931	2
19	31900001	-1	1.07931	2
19	31950001	-1	1.07931	2
19	32000001	-1	1.07931	2
19	32050001	-1	1.07931	2
19	32100001	-1	1.07931	2
19	32150001	-1	1.07931	2
19	32200001	-1	1.07931	2
19	32250001	-1	1.07931	2
19	32300001	-1	1.07931	2
19	32350001	-1	1.07931	2
19	32400001	-1	1.07931	2
19	32450001	1.37426	1.07931	2
19	32500001	1.38043	1.07931	2
19	32550001	1.50202	1.07931	2
19	32600001	1.76152	1.07931	2
19	32650001	1.07805	1.07931	2
19	32700001	1.05363	1.07931	2
19	32750001	1.34616	1.07931	2
19	32800001	1.7959	1.9391	4
19	32850001	2.11944	1.9391	4
19	32900001	2.64531	1.9391	4
19	32950001	2.10228	1.9391	4
19	33000001	2.62117	1.9391	4
19	33050001	2.34563	1.9391	4
19	33100001	1.24791	1.9391	4
19	33150001	1.71082	1.9391	4
19	33200001	2.18167	1.9391	4
19	33250001	1.88037	1.9391	4
19	33300001	2.23067	1.9391	4
19	33350001	1.51972	1.9391	4
19	33400001	1.82508	1.9391	4
19	33450001	1.94302	1.9391	4
19	33500001	1.33677	1.9391	4
19	33550001	1.82586	1.9391	4
19	33600001	1.64599	1.9391	4
19	33650001	2.17777	1.9391	4
19	33700001	1.08334	1.9391	4
19	33750001	1.34338	1.9391	4
19	33800001	2.15956	1.9391	4
19	33850001	1.02354	1.9391	4
19	33900001	1.34921	1.9391	4
19	33950001	1.03049	1.9391	4
19	34000001	1.43307	1.9391	4
19	34050001	2.67527	1.9391	4
19	34100001	1.91186	1.9391	4
19	34150001	1.8658	1.9391	4
19	34200001	1.5752	1.9391	4
19	34250001	1.67427	1.9391	4
19	34300001	1.87013	1.9391	4
19	34350001	2.19239	1.9391	4
19	34400001	2.26374	1.9391	4
19	34450001	3.22111	1.9391	4
19	34500001	2.14672	1.9391	4
19	34550001	2.3988	1.9391	4
19	34600001	2.52905	1.9391	4
19	34650001	2.15304	1.9391	4
19	34700001	1.87423	1.9391	4
19	34750001	2.23403	1.9391	4
19	34800001	2.14343	1.9391	4
19	34850001	2.22293	1.9391	4
19	34900001	1.88408	1.9391	4
19	34950001	1.84542	1.9391	4
19	35000001	3.23399	1.9391	4
19	35050001	2.19038	1.9391	4
19	35100001	2.56744	1.9391	4
19	35150001	1.19137	1.9391	4
19	35200001	2.12089	1.9391	4
19	35250001	3.17203	1.9391	4
19	35300001	2.93265	1.9391	4
19	35350001	2.73755	1.9391	4
19	35400001	2.1921	1.9391	4
19	35450001	2.29979	1.9391	4
19	35500001	1.26048	1.9391	4
19	35550001	1.81686	1.9391	4
19	35600001	1.65419	1.9391	4
19	35650001	2.61672	1.9391	4
19	35700001	2.36904	1.9391	4
19	35750001	1.23954	1.9391	4
19	35800001	1.55163	1.9391	4
19	35850001	2.0035	1.9391	4
19	35900001	2.48983	1.9391	4
19	35950001	2.00357	1.9391	4
19	36000001	1.34642	1.9391	4
19	36050001	2.27909	1.9391	4
19	36100001	1.73449	1.9391	4
19	36150001	1.14678	1.9391	4
19	36200001	0.842545	1.9391	4
19	36250001	1.57718	1.9391	4
19	36300001	1.84734	1.9391	4
19	36350001	1.22504	1.9391	4
19	36400001	1.44322	1.9391	4
19	36450001	2.02657	1.9391	4
19	36500001	1.79475	1.9391	4
19	36550001	1.91261	1.9391	4
19	36600001	1.28891	1.9391	4
19	36650001	2.44217	1.9391	4
19	36700001	1.58355	1.9391	4
19	36750001	0.886126	1.9391	4
19	36800001	1.96421	1.9391	4
19	36850001	2.36342	1.9391	4
19	36900001	1.91745	1.9391	4
19	36950001	1.94435	1.9391	4
19	37000001	1.80727	1.9391	4
19	37050001	2.1443	1.9391	4
19	37100001	2.04604	1.9391	4
19	37150001	1.68485	1.9391	4
19	37200001	2.53511	1.9391	4
19	37250001	2.59306	1.9391	4
19	37300001	1.91139	1.9391	4
19	37350001	2.26136	1.9391	4
19	37400001	2.21215	1.9391	4
19	37450001	1.93518	1.9391	4
19	37500001	1.92936	1.9391	4
19	37550001	2.24175	1.9391	4
19	37600001	1.35432	1.9391	4
19	37650001	2.29651	1.9391	4
19	37700001	1.78615	1.9391	4
19	37750001	0.759436	1.9391	4
19	37800001	2.65362	1.9391	4
19	37850001	2.52774	1.9391	4
19	37900001	2.53153	1.9391	4
19	37950001	2.18812	1.9391	4
19	38000001	1.92448	1.9391	4
19	38050001	1.7831	1.9391	4
19	38100001	3.36343	3.08958	6
19	38150001	2.54758	3.08958	6
19	38200001	2.96746	3.08958	6
19	38250001	2.59987	3.08958	6
19	38300001	2.51927	3.08958	6
19	38350001	3.2117	3.08958	6
19	38400001	3.58551	3.08958	6
19	38450001	3.53412	3.08958	6
19	38500001	2.12118	1.78	4
19	38550001	1.62232	1.78	4
19	38600001	1.81724	1.78	4
19	38650001	1.54601	1.78	4
19	38700001	1.71406	1.78	4
19	38750001	2.47476	1.78	4
19	38800001	1.75191	1.78	4
19	38850001	1.68352	1.78	4
19	38900001	2.38651	1.78	4
19	38950001	2.05102	1.78	4
19	39000001	2.2194	1.78	4
19	39050001	1.77361	1.78	4
19	39100001	2.1191	1.78	4
19	39150001	1.57176	1.78	4
19	39200001	1.37225	1.78	4
19	39250001	2.03474	1.78	4
19	39300001	1.82764	1.78	4
19	39350001	1.43688	1.78	4
19	39400001	1.63538	1.78	4
19	39450001	2.12824	1.78	4
19	39500001	2.15828	1.78	4
19	39550001	1.82863	1.78	4
19	39600001	1.71935	1.78	4
19	39650001	1.02694	1.78	4
19	39700001	1.57832	1.78	4
19	39750001	1.78639	1.78	4
19	39800001	1.82391	1.78	4
19	39850001	1.71487	1.78	4
19	39900001	1.1462	1.78	4
19	39950001	1.95076	1.78	4
19	40000001	2.53158	2.37406	5
19	40050001	2.6242	2.37406	5
19	40100001	2.73904	2.37406	5
19	40150001	2.5113	2.37406	5
19	40200001	2.97854	2.37406	5
19	40250001	2.60923	2.37406	5
19	40300001	2.66226	2.37406	5
19	40350001	1.63168	2.37406	5
19	40400001	1.73721	2.37406	5
19	40450001	3.09222	2.37406	5
19	40500001	2.3794	2.37406	5
19	40550001	2.71591	2.37406	5
19	40600001	2.44114	2.37406	5
19	40650001	2.26361	2.37406	5
19	40700001	1.5567	2.37406	5
19	40750001	1.71724	2.37406	5
19	40800001	2.53062	2.37406	5
19	40850001	1.8911	2.37406	5
19	40900001	3.33825	2.37406	5
19	40950001	2.1958	2.37406	5
19	41000001	1.83055	2.37406	5
19	41050001	2.15835	2.37406	5
19	41100001	1.57054	2.37406	5
19	41150001	2.14156	2.37406	5
19	41200001	2.37406	2.37406	5
19	41250001	1.83075	2.37406	5
19	41300001	2.17872	2.37406	5
19	41350001	2.64458	2.37406	5
19	41400001	2.1642	2.37406	5
19	41450001	0	0	0
19	41500001	2.65217	1.80416	4
19	41550001	2.15831	1.80416	4
19	41600001	1.77428	1.80416	4
19	41650001	1.86092	1.80416	4
19	41700001	1.83404	1.80416	4
19	41750001	2.20619	1.80416	4
19	41800001	1.5396	1.80416	4
19	41850001	1.74675	1.80416	4
19	41900001	1.53197	1.80416	4
19	41950001	2.44223	1.80416	4
19	42000001	2.80666	1.80416	4
19	42050001	1.40441	1.80416	4
19	42100001	1.31457	1.80416	4
19	42150001	3.20729	1.80416	4
19	42200001	2.15957	1.80416	4
19	42250001	1.90886	1.80416	4
19	42300001	1.64245	1.80416	4
19	42350001	1.43398	1.80416	4
19	42400001	0.902661	1.80416	4
19	42450001	6.42729	1.80416	4
19	42500001	1.96298	1.80416	4
19	42550001	1.31175	1.80416	4
19	42600001	1.61794	1.80416	4
19	42650001	1.9766	1.80416	4
19	42700001	1.88448	1.80416	4
19	42750001	0.934442	1.80416	4
19	42800001	1.01957	1.80416	4
19	42850001	1.58201	1.80416	4
19	42900001	2.25874	2.3481	5
19	42950001	2.32834	2.3481	5
19	43000001	2.39209	2.3481	5
19	43050001	2.25177	2.3481	5
19	43100001	2.4831	2.3481	5
19	43150001	2.75373	2.3481	5
19	43200001	2.70803	2.3481	5
19	43250001	2.36786	2.3481	5
19	43300001	1.94602	2.3481	5
19	43350001	2.29326	2.3481	5
19	43400001	2.39503	2.3481	5
19	43450001	1.81197	2.3481	5
19	43500001	1.68103	2.3481	5
19	43550001	0.795861	2.3481	5
19	43600001	2.91295	2.3481	5
19	43650001	2.774	2.3481	5
19	43700001	3.04543	2.3481	5
19	43750001	1.71351	2.3481	5
19	43800001	1.0735	0.890563	2
19	43850001	0.856258	0.890563	2
19	43900001	0.77773	0.890563	2
19	43950001	1.01091	0.890563	2
19	44000001	0.84565	0.890563	2
19	44050001	1.01394	0.890563	2
19	44100001	0.702158	0.890563	2
19	44150001	0.931717	0.890563	2
19	44200001	0.93388	0.890563	2
19	44250001	0.911832	0.890563	2
19	44300001	1.12729	0.890563	2
19	44350001	1.59242	0.890563	2
19	44400001	1.58412	0.890563	2
19	44450001	0.907527	0.890563	2
19	44500001	1.21345	0.890563	2
19	44550001	1.3099	0.890563	2
19	44600001	1.24945	0.890563	2
19	44650001	1.02826	0.890563	2
19	44700001	1.24647	0.890563	2
19	44750001	0.710321	0.890563	2
19	44800001	0.960334	0.890563	2
19	44850001	1.15932	0.890563	2
19	44900001	1.18003	0.890563	2
19	44950001	1.06417	0.890563	2
19	45000001	1.27285	0.890563	2
19	45050001	1.03498	0.890563	2
19	45100001	0.772241	0.890563	2
19	45150001	0.88666	0.890563	2
19	45200001	0.64331	0.890563	2
19	45250001	0.444497	0.890563	2
19	45300001	0.741389	0.890563	2
19	45350001	0.854782	0.890563	2
19	45400001	1.24923	0.890563	2
19	45450001	0.746313	0.890563	2
19	45500001	1.23257	0.890563	2
19	45550001	0.70571	0.890563	2
19	45600001	0.497998	0.890563	2
19	45650001	0.444061	0.890563	2
19	45700001	0.657064	0.890563	2
19	45750001	1.17678	0.890563	2
19	45800001	0.811463	0.890563	2
19	45850001	0.670037	0.890563	2
19	45900001	0.757263	0.890563	2
19	45950001	0.723772	0.890563	2
19	46000001	0.543055	0.890563	2
19	46050001	0.471636	0.890563	2
19	46100001	0.698888	0.890563	2
19	46150001	0.783759	0.890563	2
19	46200001	0.890563	0.890563	2
19	46250001	0.455552	0.890563	2
19	46300001	0.590689	0.890563	2
19	46350001	1.07287	0.890563	2
19	46400001	1.22874	0.890563	2
19	46450001	0.825807	0.890563	2
19	46500001	1.11381	0.890563	2
19	46550001	1.25724	0.890563	2
19	46600001	1.14775	0.890563	2
19	46650001	0.988777	0.890563	2
19	46700001	0.897216	0.890563	2
19	46750001	1.55159	0.890563	2
19	46800001	0.670324	0.890563	2
19	46850001	0.760038	0.890563	2
19	46900001	0.659923	0.890563	2
19	46950001	0.816698	0.890563	2
19	47000001	0.74446	0.890563	2
19	47050001	1.72156	0.890563	2
19	47100001	1.53948	0.890563	2
19	47150001	1.54835	0.890563	2
19	47200001	0.606244	0.890563	2
19	47250001	0.921448	0.890563	2
19	47300001	0.806474	0.890563	2
19	47350001	1.29243	0.890563	2
19	47400001	1.2263	0.890563	2
19	47450001	1.88285	0.890563	2
19	47500001	0.662953	0.890563	2
19	47550001	0.94829	0.890563	2
19	47600001	1.04611	0.890563	2
19	47650001	1.01549	0.890563	2
19	47700001	0.926796	0.890563	2
19	47750001	0.639285	0.890563	2
19	47800001	0.726107	0.890563	2
19	47850001	0.553182	0.890563	2
19	47900001	0.845737	0.890563	2
19	47950001	0.450262	0.890563	2
19	48000001	0.782796	0.890563	2
19	48050001	0.867898	0.890563	2
19	48100001	0.685627	0.890563	2
19	48150001	0.844838	0.890563	2
19	48200001	0.497648	0.890563	2
19	48250001	0.658463	0.890563	2
19	48300001	0.569697	0.890563	2
19	48350001	0.701207	0.890563	2
19	48400001	1.49996	0.890563	2
19	48450001	1.10327	0.890563	2
19	48500001	1.21043	0.890563	2
19	48550001	0.724176	0.890563	2
19	48600001	0.660354	0.890563	2
19	48650001	0.905775	0.890563	2
19	48700001	0.985996	0.890563	2
19	48750001	0.972679	0.890563	2
19	48800001	0.747906	0.890563	2
19	48850001	0.69774	0.890563	2
19	48900001	0.715244	0.890563	2
19	48950001	0.488912	0.890563	2
19	49000001	0.392255	0.890563	2
19	49050001	0.514866	0.890563	2
19	49100001	0.476969	0.890563	2
19	49150001	0.59419	0.890563	2
19	49200001	0.43859	0.890563	2
19	49250001	0.73846	0.890563	2
19	49300001	0.834606	0.890563	2
19	49350001	0.512078	0.890563	2
19	49400001	0.462205	0.890563	2
19	49450001	0.633016	0.890563	2
19	49500001	0.275859	0.890563	2
19	49550001	0.438811	0.890563	2
19	49600001	0.733763	0.890563	2
19	49650001	0.657944	0.890563	2
19	49700001	0.776564	0.890563	2
19	49750001	1.12881	0.890563	2
19	49800001	1.08098	0.890563	2
19	49850001	0.955178	0.890563	2
19	49900001	0.45876	0.890563	2
19	49950001	0.722372	0.890563	2
19	50000001	0.480204	0.890563	2
19	50050001	0.752705	0.890563	2
19	50100001	0.461962	0.890563	2
19	50150001	0.566238	0.890563	2
19	50200001	0.69468	0.890563	2
19	50250001	0.979083	0.890563	2
19	50300001	0.876431	0.890563	2
19	50350001	0.408026	0.890563	2
19	50400001	0.882621	0.890563	2
19	50450001	1.20993	0.890563	2
19	50500001	1.31312	0.890563	2
19	50550001	1.15619	0.890563	2
19	50600001	1.77489	0.890563	2
19	50650001	1.04576	0.890563	2
19	50700001	0.552262	0.890563	2
19	50750001	0.945173	0.890563	2
19	50800001	0.854845	0.890563	2
19	50850001	1.00985	0.890563	2
19	50900001	0.622233	0.890563	2
19	50950001	1.20328	0.890563	2
19	51000001	0.635133	0.890563	2
19	51050001	0.602956	0.890563	2
19	51100001	0.550572	0.890563	2
19	51150001	0.978631	0.890563	2
19	51200001	0.613232	0.890563	2
19	51250001	0.40792	0.890563	2
19	51300001	0.548272	0.890563	2
19	51350001	1.10658	0.890563	2
19	51400001	0.70101	0.890563	2
19	51450001	0.93463	0.890563	2
19	51500001	0.893665	0.890563	2
19	51550001	1.10417	0.890563	2
19	51600001	0.93831	0.890563	2
19	51650001	0.500272	0.890563	2
19	51700001	1.10637	0.890563	2
19	51750001	1.06805	0.890563	2
19	51800001	1.01811	0.890563	2
19	51850001	0.641099	0.890563	2
19	51900001	1.17486	0.890563	2
19	51950001	1.25933	0.890563	2
19	52000001	0.970874	0.890563	2
19	52050001	1.08562	0.890563	2
19	52100001	0.945146	0.890563	2
19	52150001	1.23111	0.890563	2
19	52200001	0.954411	0.890563	2
19	52250001	1.19192	0.890563	2
19	52300001	1.17228	0.890563	2
19	52350001	0.953117	0.890563	2
19	52400001	1.03389	0.890563	2
19	52450001	0.994083	0.890563	2
19	52500001	1.19551	0.890563	2
19	52550001	1.04872	0.890563	2
19	52600001	1.8209	0.890563	2
19	52650001	1.2792	0.890563	2
19	52700001	1.03422	0.890563	2
19	52750001	0.932102	0.890563	2
19	52800001	1.09748	0.890563	2
19	52850001	0.858255	0.890563	2
19	52900001	0.787787	0.890563	2
19	52950001	1.23815	0.890563	2
19	53000001	0.948967	0.890563	2
19	53050001	0.557995	0.890563	2
19	53100001	0.857845	0.890563	2
19	53150001	1.0064	0.890563	2
19	53200001	0.815266	0.890563	2
19	53250001	1.06184	0.890563	2
19	53300001	1.28438	0.890563	2
19	53350001	1.08813	0.890563	2
19	53400001	1.03445	0.890563	2
19	53450001	0.933942	0.890563	2
19	53500001	0.812337	0.890563	2
19	53550001	0.935897	0.890563	2
19	53600001	1.09818	0.890563	2
19	53650001	1.53848	0.890563	2
19	53700001	1.23213	0.890563	2
19	53750001	0.878689	0.890563	2
19	53800001	1.0484	0.890563	2
19	53850001	0.834288	0.890563	2
19	53900001	0.97759	0.890563	2
19	53950001	0.753843	0.890563	2
19	54000001	0.96307	0.890563	2
19	54050001	1.12463	0.890563	2
19	54100001	0.88763	0.890563	2
19	54150001	0.464189	0.890563	2
19	54200001	1.60394	0.890563	2
19	54250001	0.736977	0.890563	2
19	54300001	0.837773	0.890563	2
19	54350001	0.739773	0.890563	2
19	54400001	0.63903	0.890563	2
19	54450001	0.585925	0.890563	2
19	54500001	1.02613	0.890563	2
19	54550001	0.921695	0.890563	2
19	54600001	0.715499	0.890563	2
19	54650001	0.526375	0.890563	2
19	54700001	0.942962	0.890563	2
19	54750001	1.05208	0.890563	2
19	54800001	0.950162	0.890563	2
19	54850001	0.610216	0.890563	2
19	54900001	0.764733	0.890563	2
19	54950001	0.865802	0.890563	2
19	55000001	1.00684	0.890563	2
19	55050001	2.96792	0.890563	2
19	55100001	1.08642	0.890563	2
19	55150001	0.883208	0.890563	2
19	55200001	0.800896	0.890563	2
19	55250001	0.933342	0.890563	2
19	55300001	1.00775	0.890563	2
19	55350001	1.28199	0.890563	2
19	55400001	0.994801	0.890563	2
19	55450001	0.865554	0.890563	2
19	55500001	0.976369	0.890563	2
19	55550001	0.74485	0.890563	2
19	55600001	0.928313	0.890563	2
19	55650001	1.53276	0.890563	2
19	55700001	1.09715	0.890563	2
19	55750001	0.451932	0.890563	2
19	55800001	1.05787	0.890563	2
19	55850001	0.522983	0.890563	2
19	55900001	0.697065	0.890563	2
19	55950001	0.498077	0.890563	2
19	56000001	0.413261	0.890563	2
19	56050001	0.826345	0.890563	2
19	56100001	0.85561	0.890563	2
19	56150001	0.668623	0.890563	2
19	56200001	0.916566	0.890563	2
19	56250001	0.848147	0.890563	2
19	56300001	0.902416	0.890563	2
19	56350001	1.01345	0.890563	2
19	56400001	1.06351	0.890563	2
19	56450001	0.813233	0.890563	2
19	56500001	1.21383	0.890563	2
19	56550001	0.812127	0.890563	2
19	56600001	0.707205	0.890563	2
19	56650001	0.561107	0.890563	2
19	56700001	0.702469	0.890563	2
19	56750001	0.792315	0.890563	2
19	56800001	0.932562	0.890563	2
19	56850001	1.00238	0.890563	2
19	56900001	0.707458	0.890563	2
19	56950001	0.985108	0.890563	2
19	57000001	0.730168	0.890563	2
19	57050001	0.805528	0.890563	2
19	57100001	0.906432	0.890563	2
19	57150001	0.637834	0.890563	2
19	57200001	0.480917	0.890563	2
19	57250001	0.793562	0.890563	2
19	57300001	0.836017	0.890563	2
19	57350001	1.18348	0.890563	2
19	57400001	0.779992	0.890563	2
19	57450001	0.533014	0.890563	2
19	57500001	0.815114	0.890563	2
19	57550001	1.00963	0.890563	2
19	57600001	1.00634	0.890563	2
19	57650001	1.25219	0.890563	2
19	57700001	1.10139	0.890563	2
19	57750001	1.31618	0.890563	2
19	57800001	1.10408	0.890563	2
19	57850001	1.23435	0.890563	2
19	57900001	0.851851	0.890563	2
19	57950001	0.88082	0.890563	2
19	58000001	0.811218	0.890563	2
19	58050001	0.913739	0.890563	2
19	58100001	1.17859	0.890563	2
19	58150001	1.19872	0.890563	2
19	58200001	0.961404	0.890563	2
19	58250001	1.07726	0.890563	2
19	58300001	0.944387	0.890563	2
19	58350001	1.16061	0.890563	2
19	58400001	0.761582	0.890563	2
19	58450001	0.945948	0.890563	2
19	58500001	0.643167	0.890563	2
19	58550001	0.774572	0.890563	2
19	58600001	1.12299	0.890563	2
19	58650001	0.892184	0.890563	2
19	58700001	1.13174	0.890563	2
19	58750001	0.849254	0.890563	2
19	58800001	1.08103	0.890563	2
19	58850001	0.581342	0.890563	2
19	58900001	0.714967	0.890563	2
19	58950001	0.64052	0.890563	2
19	59000001	0.640466	0.890563	2
19	59050001	0.9095	0.890563	2
19	59100001	0.846842	0.890563	2
