Chromosome	Start	Ratio	MedianRatio	CopyNumber
11	1	-1	-1	2
11	50001	0.807259	0.833867	2
11	100001	0.901529	0.833867	2
11	150001	1.3978	0.833867	2
11	200001	0.484973	0.833867	2
11	250001	0.715759	0.833867	2
11	300001	0.822747	0.833867	2
11	350001	0	0.833867	2
11	400001	1.15451	0.833867	2
11	450001	1.00764	0.833867	2
11	500001	1.76731	0.833867	2
11	550001	0.844987	0.833867	2
11	600001	0.389926	0.833867	2
11	650001	0.871331	0.833867	2
11	700001	0.439867	0.833867	2
11	750001	50.5496	50.5496	101
11	800001	0	0	0
11	850001	1.71033	1.71033	3
11	900001	0.785068	0.802321	2
11	950001	0.819575	0.802321	2
11	1000001	0	0.802321	2
11	1050001	1.28864	0.802321	2
11	1100001	0.898351	0.802321	2
11	1150001	-1	0.802321	2
11	1200001	0	0.802321	2
11	1250001	0.258155	0.802321	2
11	1300001	0.875454	0.802321	2
11	1350001	3.05257	3.05257	6
11	1400001	0	0.442848	1
11	1450001	0.0316145	0.442848	1
11	1500001	0.808387	0.442848	1
11	1550001	0.293393	0.442848	1
11	1600001	0.959044	0.442848	1
11	1650001	0.696958	0.442848	1
11	1700001	1.09817	0.442848	1
11	1750001	0.535412	0.442848	1
11	1800001	0	0.442848	1
11	1850001	0.296528	0.442848	1
11	1900001	0	0.442848	1
11	1950001	0	0.442848	1
11	2000001	0.296344	0.442848	1
11	2050001	0.878999	0.442848	1
11	2100001	0	0.442848	1
11	2150001	0.563723	0.442848	1
11	2200001	0.437476	0.442848	1
11	2250001	0.926307	0.442848	1
11	2300001	0.697264	0.442848	1
11	2350001	0	0.442848	1
11	2400001	0.44822	0.442848	1
11	2450001	0.641982	0.442848	1
11	2500001	0.899656	0.842293	2
11	2550001	0.457014	0.842293	2
11	2600001	0.709311	0.842293	2
11	2650001	1.24253	0.842293	2
11	2700001	0.754582	0.842293	2
11	2750001	0.837056	0.842293	2
11	2800001	1.50066	0.842293	2
11	2850001	1.06065	0.842293	2
11	2900001	0.294744	0.842293	2
11	2950001	0.84753	0.842293	2
11	3000001	0.698487	0.842293	2
11	3050001	1.09777	0.842293	2
11	3100001	2.79964	2.79964	6
11	3150001	0.256253	0.388895	1
11	3200001	0.462965	0.388895	1
11	3250001	0.631634	0.388895	1
11	3300001	0.314824	0.388895	1
11	3350001	1.23936	0.937725	2
11	3400001	0.788236	0.937725	2
11	3450001	0.819318	0.937725	2
11	3500001	1.13357	0.937725	2
11	3550001	0.925517	0.937725	2
11	3600001	0.948048	0.937725	2
11	3650001	1.05264	0.937725	2
11	3700001	1.156	0.937725	2
11	3750001	0.943084	0.937725	2
11	3800001	1.18962	0.937725	2
11	3850001	0.849904	0.937725	2
11	3900001	0.994803	0.937725	2
11	3950001	1.13357	0.937725	2
11	4000001	1.05184	0.937725	2
11	4050001	0.86408	0.937725	2
11	4100001	0.98107	0.937725	2
11	4150001	1.04496	0.937725	2
11	4200001	0.786763	0.937725	2
11	4250001	0.619478	0.937725	2
11	4300001	0.916358	0.937725	2
11	4350001	1.09229	0.937725	2
11	4400001	0.936043	0.937725	2
11	4450001	0.915039	0.937725	2
11	4500001	0.782985	0.937725	2
11	4550001	0.839464	0.937725	2
11	4600001	0.806453	0.937725	2
11	4650001	1.04198	0.937725	2
11	4700001	0.827129	0.937725	2
11	4750001	1.04893	0.937725	2
11	4800001	1.00286	0.937725	2
11	4850001	1.04545	0.937725	2
11	4900001	0.99033	0.937725	2
11	4950001	0.967036	0.937725	2
11	5000001	1.18976	0.937725	2
11	5050001	0.969704	0.937725	2
11	5100001	0.898737	0.937725	2
11	5150001	0.596617	0.937725	2
11	5200001	0.773358	0.937725	2
11	5250001	0.894024	0.937725	2
11	5300001	0.845021	0.937725	2
11	5350001	1.14481	0.937725	2
11	5400001	0.701502	0.937725	2
11	5450001	0.84745	0.937725	2
11	5500001	0.643263	0.937725	2
11	5550001	0.860503	0.937725	2
11	5600001	0.918848	0.937725	2
11	5650001	0.986156	0.937725	2
11	5700001	0.988097	0.937725	2
11	5750001	0.74695	0.937725	2
11	5800001	0.907717	0.937725	2
11	5850001	1.32122	0.937725	2
11	5900001	1.18737	0.937725	2
11	5950001	1.01323	0.937725	2
11	6000001	0.991766	0.937725	2
11	6050001	0.846641	0.937725	2
11	6100001	0.751927	0.937725	2
11	6150001	0.883876	0.937725	2
11	6200001	0.949715	0.937725	2
11	6250001	0.840174	0.937725	2
11	6300001	0.892801	0.937725	2
11	6350001	1.12692	0.937725	2
11	6400001	0.701806	0.937725	2
11	6450001	0.762456	0.937725	2
11	6500001	1.05844	0.937725	2
11	6550001	0.860885	0.937725	2
11	6600001	0.949607	0.937725	2
11	6650001	0.77787	0.937725	2
11	6700001	0.801433	0.937725	2
11	6750001	0.699106	0.937725	2
11	6800001	1.05043	0.937725	2
11	6850001	0.913218	0.937725	2
11	6900001	0.836321	0.937725	2
11	6950001	1.06162	0.937725	2
11	7000001	0.943611	0.937725	2
11	7050001	0.862734	0.937725	2
11	7100001	0.97768	0.937725	2
11	7150001	0.835414	0.937725	2
11	7200001	0.984679	0.937725	2
11	7250001	0.821657	0.937725	2
11	7300001	0.939967	0.937725	2
11	7350001	1.08606	0.937725	2
11	7400001	0.930452	0.937725	2
11	7450001	0.82071	0.937725	2
11	7500001	1.28139	0.937725	2
11	7550001	1.12832	0.937725	2
11	7600001	1.06163	0.937725	2
11	7650001	0.612011	0.937725	2
11	7700001	0.99756	0.937725	2
11	7750001	0.980503	0.937725	2
11	7800001	1.04202	0.937725	2
11	7850001	1.0377	0.937725	2
11	7900001	1.05885	0.937725	2
11	7950001	0.83606	0.937725	2
11	8000001	0.954731	0.937725	2
11	8050001	0.826467	0.937725	2
11	8100001	0.886333	0.937725	2
11	8150001	1.15253	0.937725	2
11	8200001	1.02803	0.937725	2
11	8250001	0.667761	0.937725	2
11	8300001	0.843404	0.937725	2
11	8350001	0.760819	0.937725	2
11	8400001	1.02586	0.937725	2
11	8450001	0.992586	0.937725	2
11	8500001	0.944895	0.937725	2
11	8550001	1.01643	0.937725	2
11	8600001	1.33798	0.937725	2
11	8650001	1.39198	0.937725	2
11	8700001	1.00778	0.937725	2
11	8750001	0.813364	0.937725	2
11	8800001	1.09959	0.937725	2
11	8850001	1.10952	0.937725	2
11	8900001	1.02003	0.937725	2
11	8950001	1.29323	0.937725	2
11	9000001	0.613864	0.937725	2
11	9050001	0.852911	0.937725	2
11	9100001	0.710335	0.937725	2
11	9150001	1.22713	0.937725	2
11	9200001	0.846045	0.937725	2
11	9250001	0.873176	0.937725	2
11	9300001	0.729884	0.937725	2
11	9350001	0.979553	0.937725	2
11	9400001	0.822432	0.937725	2
11	9450001	0.84216	0.937725	2
11	9500001	1.02661	0.937725	2
11	9550001	0.920757	0.937725	2
11	9600001	0.966967	0.937725	2
11	9650001	0.847024	0.937725	2
11	9700001	1.20152	0.937725	2
11	9750001	1.10269	0.937725	2
11	9800001	0.874781	0.937725	2
11	9850001	1.01734	0.937725	2
11	9900001	0.79375	0.937725	2
11	9950001	1.19697	0.937725	2
11	10000001	1.10257	0.937725	2
11	10050001	0.990696	0.937725	2
11	10100001	0.979355	0.937725	2
11	10150001	0.831767	0.937725	2
11	10200001	1.04154	0.937725	2
11	10250001	0.952287	0.937725	2
11	10300001	0.917186	0.937725	2
11	10350001	0.830421	0.937725	2
11	10400001	0.95264	0.937725	2
11	10450001	1.1914	0.937725	2
11	10500001	0.827925	0.937725	2
11	10550001	1.04587	0.937725	2
11	10600001	1.10612	0.937725	2
11	10650001	0.866648	0.937725	2
11	10700001	1.27091	0.937725	2
11	10750001	0.825221	0.937725	2
11	10800001	0.795425	0.937725	2
11	10850001	1.10784	0.937725	2
11	10900001	1.11754	0.937725	2
11	10950001	1.29233	0.937725	2
11	11000001	0.962974	0.937725	2
11	11050001	1.0077	0.937725	2
11	11100001	0.977297	0.937725	2
11	11150001	0.862483	0.937725	2
11	11200001	1.1098	0.937725	2
11	11250001	0.941908	0.937725	2
11	11300001	0.912834	0.937725	2
11	11350001	0.98744	0.937725	2
11	11400001	0.862213	0.937725	2
11	11450001	0.819024	0.937725	2
11	11500001	1.23492	0.937725	2
11	11550001	0.911956	0.937725	2
11	11600001	0.956135	0.937725	2
11	11650001	1.26312	0.937725	2
11	11700001	0.971588	0.937725	2
11	11750001	0.85417	0.937725	2
11	11800001	1.08734	0.937725	2
11	11850001	0.831039	0.937725	2
11	11900001	1.04544	0.937725	2
11	11950001	1.23228	0.937725	2
11	12000001	0.76222	0.937725	2
11	12050001	1.15513	0.937725	2
11	12100001	1.20895	0.937725	2
11	12150001	0.89529	0.937725	2
11	12200001	1.30842	0.937725	2
11	12250001	0.709201	0.937725	2
11	12300001	0.578264	0.937725	2
11	12350001	1.06506	0.937725	2
11	12400001	1.02265	0.937725	2
11	12450001	0.958131	0.937725	2
11	12500001	1.0917	0.937725	2
11	12550001	0.814242	0.937725	2
11	12600001	0.923918	0.937725	2
11	12650001	1.06183	0.937725	2
11	12700001	1.09936	0.937725	2
11	12750001	0.937725	0.937725	2
11	12800001	0.912825	0.937725	2
11	12850001	0.990829	0.937725	2
11	12900001	0.899835	0.937725	2
11	12950001	1.0394	0.937725	2
11	13000001	0.797444	0.937725	2
11	13050001	0.882066	0.937725	2
11	13100001	0.984118	0.937725	2
11	13150001	0.741504	0.937725	2
11	13200001	1.13946	0.937725	2
11	13250001	1.19429	0.937725	2
11	13300001	0.928295	0.937725	2
11	13350001	0.940027	0.937725	2
11	13400001	0.7379	0.937725	2
11	13450001	1.02606	0.937725	2
11	13500001	1.0576	0.937725	2
11	13550001	0.787428	0.937725	2
11	13600001	1.14404	0.937725	2
11	13650001	0.916307	0.937725	2
11	13700001	0.672731	0.937725	2
11	13750001	0.913118	0.937725	2
11	13800001	0.782557	0.937725	2
11	13850001	0.867579	0.937725	2
11	13900001	0.909602	0.937725	2
11	13950001	0.837034	0.937725	2
11	14000001	0.880871	0.937725	2
11	14050001	0.868967	0.937725	2
11	14100001	0.839441	0.937725	2
11	14150001	0.702747	0.937725	2
11	14200001	0.903702	0.937725	2
11	14250001	0.75771	0.937725	2
11	14300001	0.819655	0.937725	2
11	14350001	0.909096	0.937725	2
11	14400001	0.771714	0.937725	2
11	14450001	0.741426	0.937725	2
11	14500001	0.812929	0.937725	2
11	14550001	0.802099	0.937725	2
11	14600001	1.15325	0.937725	2
11	14650001	1.24774	0.937725	2
11	14700001	1.07184	0.937725	2
11	14750001	1.07453	0.937725	2
11	14800001	0.827268	0.937725	2
11	14850001	1.11276	0.937725	2
11	14900001	0.992789	0.937725	2
11	14950001	0.812769	0.937725	2
11	15000001	0.965412	0.937725	2
11	15050001	1.02101	0.937725	2
11	15100001	1.03205	0.937725	2
11	15150001	0.933897	0.937725	2
11	15200001	0.883666	0.937725	2
11	15250001	0.76023	0.937725	2
11	15300001	0.858944	0.937725	2
11	15350001	1.08297	0.937725	2
11	15400001	0.875734	0.937725	2
11	15450001	1.07604	0.937725	2
11	15500001	1.11493	0.937725	2
11	15550001	0.650289	0.937725	2
11	15600001	0.992562	0.937725	2
11	15650001	0.818697	0.937725	2
11	15700001	0.980787	0.937725	2
11	15750001	0.744023	0.937725	2
11	15800001	1.13396	0.937725	2
11	15850001	0.986355	0.937725	2
11	15900001	0.665662	0.937725	2
11	15950001	1.19267	0.937725	2
11	16000001	1.05842	0.937725	2
11	16050001	0.794529	0.937725	2
11	16100001	1.02753	0.937725	2
11	16150001	1.00642	0.937725	2
11	16200001	0.964549	0.937725	2
11	16250001	1.42805	0.937725	2
11	16300001	1.05669	0.937725	2
11	16350001	1.05038	0.937725	2
11	16400001	0.893592	0.937725	2
11	16450001	0.697562	0.937725	2
11	16500001	0.879526	0.937725	2
11	16550001	0.777841	0.937725	2
11	16600001	0.917549	0.937725	2
11	16650001	0.826578	0.937725	2
11	16700001	1.0422	0.937725	2
11	16750001	0.990807	0.937725	2
11	16800001	0.895364	0.937725	2
11	16850001	0.881324	0.937725	2
11	16900001	0.734074	0.937725	2
11	16950001	0.67739	0.937725	2
11	17000001	1.1112	0.937725	2
11	17050001	0.903985	0.937725	2
11	17100001	1.02017	0.937725	2
11	17150001	1.01056	0.937725	2
11	17200001	0.83595	0.937725	2
11	17250001	0.730781	0.937725	2
11	17300001	0.808417	0.937725	2
11	17350001	1.05556	0.937725	2
11	17400001	0.592771	0.937725	2
11	17450001	1.10667	0.937725	2
11	17500001	0.888072	0.937725	2
11	17550001	0.520265	0.937725	2
11	17600001	0.889275	0.937725	2
11	17650001	0.887984	0.937725	2
11	17700001	1.01064	0.937725	2
11	17750001	0.678841	0.937725	2
11	17800001	0.834859	0.937725	2
11	17850001	1.09517	0.937725	2
11	17900001	0.721957	0.937725	2
11	17950001	0.922097	0.937725	2
11	18000001	0.989445	0.937725	2
11	18050001	0.691229	0.937725	2
11	18100001	1.16202	0.937725	2
11	18150001	0.66323	0.937725	2
11	18200001	0.857228	0.937725	2
11	18250001	0.718173	0.937725	2
11	18300001	1.00129	0.937725	2
11	18350001	0.808268	0.937725	2
11	18400001	0.850187	0.937725	2
11	18450001	0.756486	0.937725	2
11	18500001	1.26968	0.937725	2
11	18550001	0.985537	0.937725	2
11	18600001	0.736612	0.937725	2
11	18650001	0.958954	0.937725	2
11	18700001	0.99261	0.937725	2
11	18750001	0.707778	0.937725	2
11	18800001	0.8513	0.937725	2
11	18850001	1.09893	0.937725	2
11	18900001	0.965733	0.937725	2
11	18950001	0.653756	0.937725	2
11	19000001	0.686131	0.937725	2
11	19050001	1.06732	0.937725	2
11	19100001	0.755535	0.937725	2
11	19150001	1.07869	0.937725	2
11	19200001	1.09175	0.937725	2
11	19250001	1.1956	0.937725	2
11	19300001	1.00861	0.937725	2
11	19350001	1.13536	0.937725	2
11	19400001	0.975661	0.937725	2
11	19450001	1.05718	0.937725	2
11	19500001	0.856394	0.937725	2
11	19550001	0.860927	0.937725	2
11	19600001	0.80914	0.937725	2
11	19650001	1.14474	0.937725	2
11	19700001	0.867711	0.937725	2
11	19750001	0.741593	0.937725	2
11	19800001	0.796503	0.937725	2
11	19850001	1.02486	0.937725	2
11	19900001	1.06538	0.937725	2
11	19950001	1.1959	0.937725	2
11	20000001	1.01781	0.937725	2
11	20050001	0.90751	0.937725	2
11	20100001	1.0307	0.937725	2
11	20150001	0.992115	0.937725	2
11	20200001	0.849053	0.937725	2
11	20250001	1.03184	0.937725	2
11	20300001	1.10809	0.937725	2
11	20350001	0.957131	0.937725	2
11	20400001	0.844925	0.937725	2
11	20450001	1.03692	0.937725	2
11	20500001	0.991446	0.937725	2
11	20550001	0.593487	0.937725	2
11	20600001	1.07203	0.937725	2
11	20650001	0.794716	0.937725	2
11	20700001	0.692848	0.937725	2
11	20750001	0.870846	0.937725	2
11	20800001	0.931036	0.937725	2
11	20850001	0.849918	0.937725	2
11	20900001	0.78943	0.937725	2
11	20950001	0.803359	0.937725	2
11	21000001	0.975071	0.937725	2
11	21050001	1.0883	0.937725	2
11	21100001	0.918712	0.937725	2
11	21150001	1.03573	0.937725	2
11	21200001	0.710607	0.937725	2
11	21250001	0.943697	0.937725	2
11	21300001	0.766078	0.937725	2
11	21350001	1.19799	0.937725	2
11	21400001	0.893557	0.937725	2
11	21450001	0.682001	0.937725	2
11	21500001	1.09337	0.937725	2
11	21550001	0.771439	0.937725	2
11	21600001	1.08665	1.01973	2
11	21650001	1.0326	1.01973	2
11	21700001	1.04442	1.01973	2
11	21750001	1.01599	1.01973	2
11	21800001	0.921986	1.01973	2
11	21850001	1.08329	1.01973	2
11	21900001	1.03355	1.01973	2
11	21950001	1.03379	1.01973	2
11	22000001	0.869711	1.01973	2
11	22050001	1.33244	1.01973	2
11	22100001	1.22845	1.01973	2
11	22150001	0.98029	1.01973	2
11	22200001	0.964464	1.01973	2
11	22250001	1.00052	1.01973	2
11	22300001	0.966947	1.01973	2
11	22350001	1.26251	1.01973	2
11	22400001	1.13135	1.01973	2
11	22450001	1.23426	1.01973	2
11	22500001	0.931372	1.01973	2
11	22550001	1.13498	1.01973	2
11	22600001	1.05064	1.01973	2
11	22650001	1.08041	1.01973	2
11	22700001	0.986948	1.01973	2
11	22750001	1.18932	1.01973	2
11	22800001	1.10966	1.01973	2
11	22850001	0.780924	1.01973	2
11	22900001	1.20415	1.01973	2
11	22950001	1.0393	1.01973	2
11	23000001	0.943197	1.01973	2
11	23050001	1.21798	1.01973	2
11	23100001	1.04546	1.01973	2
11	23150001	1.20892	1.01973	2
11	23200001	1.07582	1.01973	2
11	23250001	1.137	1.01973	2
11	23300001	1.06345	1.01973	2
11	23350001	1.0874	1.01973	2
11	23400001	0.956412	1.01973	2
11	23450001	1.17473	1.01973	2
11	23500001	1.1154	1.01973	2
11	23550001	1.07609	1.01973	2
11	23600001	0.883861	1.01973	2
11	23650001	0.7718	1.01973	2
11	23700001	1.01091	1.01973	2
11	23750001	0.920633	1.01973	2
11	23800001	1.01762	1.01973	2
11	23850001	1.06304	1.01973	2
11	23900001	1.22432	1.01973	2
11	23950001	0.944493	1.01973	2
11	24000001	1.04954	1.01973	2
11	24050001	1.16837	1.01973	2
11	24100001	1.18655	1.01973	2
11	24150001	0.812856	1.01973	2
11	24200001	0.915939	1.01973	2
11	24250001	1.05853	1.01973	2
11	24300001	0.909815	1.01973	2
11	24350001	1.27322	1.01973	2
11	24400001	1.16066	1.01973	2
11	24450001	0.941252	1.01973	2
11	24500001	0.889532	1.01973	2
11	24550001	0.86186	1.01973	2
11	24600001	0.646783	1.01973	2
11	24650001	1.28062	1.01973	2
11	24700001	0.920237	1.01973	2
11	24750001	0.84651	1.01973	2
11	24800001	1.14704	1.01973	2
11	24850001	0.927207	1.01973	2
11	24900001	1.09557	1.01973	2
11	24950001	1.23362	1.01973	2
11	25000001	1.06666	1.01973	2
11	25050001	1.22025	1.01973	2
11	25100001	1.21859	1.01973	2
11	25150001	0.971865	1.01973	2
11	25200001	0.957889	1.01973	2
11	25250001	1.43366	1.01973	2
11	25300001	1.09046	1.01973	2
11	25350001	1.01586	1.01973	2
11	25400001	1.13336	1.01973	2
11	25450001	1.16018	1.01973	2
11	25500001	0.999398	1.01973	2
11	25550001	1.09857	1.01973	2
11	25600001	0.804146	1.01973	2
11	25650001	1.21532	1.01973	2
11	25700001	1.17459	1.01973	2
11	25750001	1.05829	1.01973	2
11	25800001	0.90191	1.01973	2
11	25850001	1.01039	1.01973	2
11	25900001	1.32634	1.01973	2
11	25950001	0.840351	1.01973	2
11	26000001	0.974746	1.01973	2
11	26050001	1.01905	1.01973	2
11	26100001	1.11891	1.01973	2
11	26150001	1.11876	1.01973	2
11	26200001	0.908124	1.01973	2
11	26250001	0.92127	1.01973	2
11	26300001	0.965564	1.01973	2
11	26350001	1.11533	1.01973	2
11	26400001	0.86777	1.01973	2
11	26450001	1.18828	1.01973	2
11	26500001	1.16576	1.01973	2
11	26550001	1.00643	1.01973	2
11	26600001	1.23533	1.01973	2
11	26650001	1.03855	1.01973	2
11	26700001	0.950154	1.01973	2
11	26750001	0.962296	1.01973	2
11	26800001	1.07819	1.01973	2
11	26850001	1.5926	1.01973	2
11	26900001	1.06029	1.01973	2
11	26950001	1.44575	1.01973	2
11	27000001	1.17009	1.01973	2
11	27050001	0.958779	1.01973	2
11	27100001	1.4112	1.01973	2
11	27150001	1.12384	1.01973	2
11	27200001	0.957315	1.01973	2
11	27250001	1.09996	1.01973	2
11	27300001	0.96848	1.01973	2
11	27350001	1.17196	1.01973	2
11	27400001	1.20219	1.01973	2
11	27450001	0.969338	1.01973	2
11	27500001	1.19728	1.01973	2
11	27550001	1.10289	1.01973	2
11	27600001	0.958287	1.01973	2
11	27650001	0.927989	1.01973	2
11	27700001	1.01188	1.01973	2
11	27750001	1.00376	1.01973	2
11	27800001	0.951766	1.01973	2
11	27850001	1.08201	1.01973	2
11	27900001	0.982511	1.01973	2
11	27950001	1.00412	1.01973	2
11	28000001	1.16602	1.01973	2
11	28050001	1.2217	1.01973	2
11	28100001	1.00503	1.01973	2
11	28150001	1.36068	1.01973	2
11	28200001	0.901139	1.01973	2
11	28250001	1.07141	1.01973	2
11	28300001	1.02297	1.01973	2
11	28350001	0.947771	1.01973	2
11	28400001	0.914217	1.01973	2
11	28450001	1.08301	1.01973	2
11	28500001	1.15315	1.01973	2
11	28550001	1.12392	1.01973	2
11	28600001	1.16166	1.01973	2
11	28650001	1.15386	1.01973	2
11	28700001	1.21565	1.01973	2
11	28750001	1.27976	1.01973	2
11	28800001	0.968554	1.01973	2
11	28850001	1.16878	1.01973	2
11	28900001	0.940312	1.01973	2
11	28950001	1.22648	1.01973	2
11	29000001	0.910007	1.01973	2
11	29050001	0.827282	1.01973	2
11	29100001	0.816984	1.01973	2
11	29150001	0.948846	1.01973	2
11	29200001	1.15091	1.01973	2
11	29250001	0.878623	1.01973	2
11	29300001	0.921869	1.01973	2
11	29350001	0.813009	1.01973	2
11	29400001	0.849182	1.01973	2
11	29450001	0.989657	1.01973	2
11	29500001	0.936854	1.01973	2
11	29550001	1.00237	1.01973	2
11	29600001	0.979306	1.01973	2
11	29650001	0.76261	1.01973	2
11	29700001	0.808985	1.01973	2
11	29750001	0.7421	1.01973	2
11	29800001	1.11421	1.01973	2
11	29850001	0.980834	1.01973	2
11	29900001	0.981249	1.01973	2
11	29950001	0.762321	1.01973	2
11	30000001	1.01646	1.01973	2
11	30050001	1.16903	1.01973	2
11	30100001	1.27756	1.01973	2
11	30150001	0.949907	1.01973	2
11	30200001	1.06743	1.01973	2
11	30250001	1.09932	1.01973	2
11	30300001	0.975219	1.01973	2
11	30350001	0.963516	1.01973	2
11	30400001	1.11652	1.01973	2
11	30450001	0.848715	1.01973	2
11	30500001	0.899957	1.01973	2
11	30550001	1.14503	1.01973	2
11	30600001	0.913253	1.01973	2
11	30650001	0.897028	1.01973	2
11	30700001	0.869756	1.01973	2
11	30750001	1.02932	1.01973	2
11	30800001	0.926086	1.01973	2
11	30850001	1.09721	1.01973	2
11	30900001	0.988846	1.01973	2
11	30950001	1.2676	1.01973	2
11	31000001	1.23758	1.01973	2
11	31050001	1.37704	1.01973	2
11	31100001	0.937583	1.01973	2
11	31150001	1.16439	1.01973	2
11	31200001	1.15259	1.01973	2
11	31250001	1.20697	1.01973	2
11	31300001	0.784718	1.01973	2
11	31350001	1.0258	1.01973	2
11	31400001	1.05372	1.01973	2
11	31450001	1.04236	1.01973	2
11	31500001	0.84995	1.01973	2
11	31550001	1.02234	1.01973	2
11	31600001	1.18335	1.01973	2
11	31650001	0.833351	1.01973	2
11	31700001	1.14417	1.01973	2
11	31750001	1.00674	1.01973	2
11	31800001	0.648465	1.01973	2
11	31850001	1.14512	1.01973	2
11	31900001	0.755025	1.01973	2
11	31950001	0.982597	1.01973	2
11	32000001	1.06143	1.01973	2
11	32050001	1.1104	1.01973	2
11	32100001	1.0355	1.01973	2
11	32150001	0.860581	1.01973	2
11	32200001	0.877329	1.01973	2
11	32250001	0.925456	1.01973	2
11	32300001	0.902657	1.01973	2
11	32350001	0.821164	1.01973	2
11	32400001	0.803072	1.01973	2
11	32450001	0.700159	1.01973	2
11	32500001	0.885775	1.01973	2
11	32550001	0.871234	1.01973	2
11	32600001	1.11817	1.01973	2
11	32650001	0.725122	1.01973	2
11	32700001	0.919287	1.01973	2
11	32750001	0.932388	1.01973	2
11	32800001	1.02042	1.01973	2
11	32850001	1.25774	1.01973	2
11	32900001	0.903402	1.01973	2
11	32950001	1.23984	1.01973	2
11	33000001	0.765799	1.01973	2
11	33050001	0.806902	1.01973	2
11	33100001	1.0074	1.01973	2
11	33150001	0.995316	1.01973	2
11	33200001	0.805765	1.01973	2
11	33250001	0.535492	1.01973	2
11	33300001	1.00561	1.01973	2
11	33350001	1.38735	1.01973	2
11	33400001	0.881151	1.01973	2
11	33450001	0.88082	1.01973	2
11	33500001	0.895322	1.01973	2
11	33550001	0.856163	1.01973	2
11	33600001	1.02484	1.01973	2
11	33650001	1.17469	1.01973	2
11	33700001	1.38707	1.01973	2
11	33750001	0.990184	1.01973	2
11	33800001	0.987618	1.01973	2
11	33850001	1.09716	1.01973	2
11	33900001	0.925777	1.01973	2
11	33950001	1.10839	1.01973	2
11	34000001	1.06081	1.01973	2
11	34050001	0.795802	1.01973	2
11	34100001	1.30388	1.01973	2
11	34150001	0.687115	1.01973	2
11	34200001	0.899231	1.01973	2
11	34250001	0.810439	1.01973	2
11	34300001	1.27183	1.01973	2
11	34350001	1.16499	1.01973	2
11	34400001	0.980123	1.01973	2
11	34450001	0.901801	1.01973	2
11	34500001	0.974207	1.01973	2
11	34550001	1.13676	1.01973	2
11	34600001	1.44892	1.01973	2
11	34650001	1.25332	1.01973	2
11	34700001	1.17917	1.01973	2
11	34750001	1.16214	1.01973	2
11	34800001	1.2952	1.01973	2
11	34850001	0.896158	1.01973	2
11	34900001	0.72166	1.01973	2
11	34950001	0.902713	1.01973	2
11	35000001	1.25462	1.01973	2
11	35050001	1.33292	1.01973	2
11	35100001	1.09112	1.01973	2
11	35150001	1.15288	1.01973	2
11	35200001	1.35687	1.01973	2
11	35250001	0.902836	1.01973	2
11	35300001	1.29875	1.01973	2
11	35350001	1.30024	1.01973	2
11	35400001	0.859516	1.01973	2
11	35450001	0.917304	1.01973	2
11	35500001	0.80969	1.01973	2
11	35550001	1.32587	1.01973	2
11	35600001	0.965087	1.01973	2
11	35650001	0.969915	1.01973	2
11	35700001	0.955376	1.01973	2
11	35750001	1.32779	1.01973	2
11	35800001	1.0544	1.01973	2
11	35850001	1.19234	1.01973	2
11	35900001	1.18646	1.01973	2
11	35950001	0.977569	1.01973	2
11	36000001	1.1445	1.01973	2
11	36050001	0.920082	1.01973	2
11	36100001	0.786896	1.01973	2
11	36150001	0.868727	1.01973	2
11	36200001	1.06071	1.01973	2
11	36250001	1.00079	1.01973	2
11	36300001	0.873286	1.01973	2
11	36350001	1.1645	1.01973	2
11	36400001	1.02901	1.01973	2
11	36450001	1.21527	1.01973	2
11	36500001	0.77163	1.01973	2
11	36550001	0.94458	1.01973	2
11	36600001	0.895408	1.01973	2
11	36650001	1.16602	1.01973	2
11	36700001	1.12453	1.01973	2
11	36750001	0.921203	1.01973	2
11	36800001	1.05196	1.01973	2
11	36850001	1.27057	1.01973	2
11	36900001	1.09685	1.01973	2
11	36950001	0.99776	1.01973	2
11	37000001	0.957963	1.01973	2
11	37050001	0.929528	1.01973	2
11	37100001	1.15862	1.01973	2
11	37150001	1.20222	1.01973	2
11	37200001	0.635046	0.924006	2
11	37250001	1.03329	0.924006	2
11	37300001	0.855455	0.924006	2
11	37350001	0.969533	0.924006	2
11	37400001	0.988668	0.924006	2
11	37450001	1.13281	0.924006	2
11	37500001	1.05323	0.924006	2
11	37550001	0.700749	0.924006	2
11	37600001	1.03006	0.924006	2
11	37650001	0.913137	0.924006	2
11	37700001	0.871811	0.924006	2
11	37750001	1.0238	0.924006	2
11	37800001	1.11331	0.924006	2
11	37850001	1.16502	0.924006	2
11	37900001	0.990564	0.924006	2
11	37950001	0.893634	0.924006	2
11	38000001	1.24275	0.924006	2
11	38050001	0.711878	0.924006	2
11	38100001	0.877324	0.924006	2
11	38150001	0.920522	0.924006	2
11	38200001	0.997269	0.924006	2
11	38250001	0.758392	0.924006	2
11	38300001	1.26502	0.924006	2
11	38350001	1.00007	0.924006	2
11	38400001	0.941312	0.924006	2
11	38450001	0.924006	0.924006	2
11	38500001	1.00088	0.924006	2
11	38550001	1.06155	0.924006	2
11	38600001	1.24713	0.924006	2
11	38650001	0.890862	0.924006	2
11	38700001	1.24913	0.924006	2
11	38750001	0.907659	0.924006	2
11	38800001	1.05139	0.924006	2
11	38850001	1.00225	0.924006	2
11	38900001	0.823544	0.924006	2
11	38950001	1.10711	0.924006	2
11	39000001	0.78458	0.924006	2
11	39050001	0.87138	0.924006	2
11	39100001	1.12679	0.924006	2
11	39150001	0.829423	0.924006	2
11	39200001	0.862853	0.924006	2
11	39250001	1.02263	0.924006	2
11	39300001	0.688946	0.924006	2
11	39350001	0.846027	0.924006	2
11	39400001	0.947884	0.924006	2
11	39450001	0.629186	0.924006	2
11	39500001	0.799713	0.924006	2
11	39550001	0.921709	0.924006	2
11	39600001	0.907484	0.924006	2
11	39650001	0.629282	0.924006	2
11	39700001	1.09092	0.924006	2
11	39750001	0.85287	0.924006	2
11	39800001	0.988851	0.924006	2
11	39850001	0.802103	0.924006	2
11	39900001	0.802701	0.924006	2
11	39950001	0.846939	0.924006	2
11	40000001	0.808219	0.924006	2
11	40050001	1.0414	0.924006	2
11	40100001	0.835619	0.924006	2
11	40150001	1.16809	0.924006	2
11	40200001	0.872943	0.924006	2
11	40250001	0.917988	0.924006	2
11	40300001	0.874978	0.924006	2
11	40350001	0.815732	0.924006	2
11	40400001	0.858638	0.924006	2
11	40450001	1.01458	0.924006	2
11	40500001	1.14301	0.924006	2
11	40550001	0.850305	0.924006	2
11	40600001	1.0698	0.924006	2
11	40650001	0.863099	0.924006	2
11	40700001	0.887984	0.924006	2
11	40750001	1.00725	0.924006	2
11	40800001	0.825305	0.924006	2
11	40850001	0.864108	0.924006	2
11	40900001	0.90282	0.924006	2
11	40950001	0.916921	0.924006	2
11	41000001	0.912485	0.924006	2
11	41050001	0.694255	0.924006	2
11	41100001	1.04516	0.924006	2
11	41150001	0.853279	0.924006	2
11	41200001	1.12562	0.924006	2
11	41250001	1.32385	0.924006	2
11	41300001	0.910238	0.924006	2
11	41350001	1.00166	0.924006	2
11	41400001	1.0159	0.924006	2
11	41450001	1.07749	0.924006	2
11	41500001	0.610283	0.924006	2
11	41550001	0.856284	0.924006	2
11	41600001	1.14639	0.924006	2
11	41650001	0.716469	0.924006	2
11	41700001	0.676113	0.924006	2
11	41750001	1.06412	0.924006	2
11	41800001	0.803632	0.924006	2
11	41850001	1.25525	0.924006	2
11	41900001	1.11468	0.924006	2
11	41950001	0.879526	0.924006	2
11	42000001	0.632021	0.924006	2
11	42050001	1.12176	0.924006	2
11	42100001	0.972124	0.924006	2
11	42150001	0.95858	0.924006	2
11	42200001	1.41517	0.924006	2
11	42250001	0.672546	0.924006	2
11	42300001	1.12219	0.924006	2
11	42350001	0.928471	0.924006	2
11	42400001	0.834645	0.924006	2
11	42450001	1.0163	0.924006	2
11	42500001	1.1339	0.924006	2
11	42550001	0.71953	0.924006	2
11	42600001	1.03479	0.924006	2
11	42650001	0.893923	0.924006	2
11	42700001	1.22221	0.924006	2
11	42750001	0.96245	0.924006	2
11	42800001	1.07045	0.924006	2
11	42850001	0.923092	0.924006	2
11	42900001	1.04882	0.924006	2
11	42950001	1.1488	0.924006	2
11	43000001	0.862981	0.924006	2
11	43050001	1.05451	0.924006	2
11	43100001	1.09514	0.924006	2
11	43150001	0.803707	0.924006	2
11	43200001	0.979046	0.924006	2
11	43250001	0.899036	0.924006	2
11	43300001	0.789286	0.924006	2
11	43350001	0.895994	0.924006	2
11	43400001	0.8422	0.924006	2
11	43450001	1.20269	0.924006	2
11	43500001	1.14013	0.924006	2
11	43550001	1.06623	0.924006	2
11	43600001	0.848155	0.924006	2
11	43650001	1.03545	0.924006	2
11	43700001	0.831665	0.924006	2
11	43750001	1.01355	0.924006	2
11	43800001	0.575134	0.924006	2
11	43850001	1.12207	0.924006	2
11	43900001	1.21682	0.924006	2
11	43950001	0.897304	0.924006	2
11	44000001	0.781816	0.924006	2
11	44050001	1.17192	0.924006	2
11	44100001	1.11572	0.924006	2
11	44150001	0.97902	0.924006	2
11	44200001	0.807213	0.924006	2
11	44250001	1.06839	0.924006	2
11	44300001	0.534146	0.924006	2
11	44350001	0.864817	0.924006	2
11	44400001	0.813272	0.924006	2
11	44450001	1.03413	0.924006	2
11	44500001	1.12685	0.924006	2
11	44550001	1.56507	0.924006	2
11	44600001	1.02759	0.924006	2
11	44650001	0.752089	0.924006	2
11	44700001	0.902838	0.924006	2
11	44750001	0.953444	0.924006	2
11	44800001	0.719746	0.924006	2
11	44850001	1.20311	0.924006	2
11	44900001	0.716523	0.924006	2
11	44950001	0.756318	0.924006	2
11	45000001	0.869152	0.924006	2
11	45050001	0.960891	0.924006	2
11	45100001	0.778207	0.924006	2
11	45150001	1.09599	0.924006	2
11	45200001	0.797554	0.924006	2
11	45250001	0.91478	0.924006	2
11	45300001	1.07646	0.924006	2
11	45350001	0.949983	0.924006	2
11	45400001	1.01727	0.924006	2
11	45450001	0.884561	0.924006	2
11	45500001	0.86287	0.924006	2
11	45550001	1.11714	0.924006	2
11	45600001	1.22688	0.924006	2
11	45650001	0.728059	0.924006	2
11	45700001	0.965838	0.924006	2
11	45750001	0.577184	0.924006	2
11	45800001	1.03054	0.924006	2
11	45850001	1.24225	0.924006	2
11	45900001	0.545277	0.924006	2
11	45950001	0.895782	0.924006	2
11	46000001	0.920773	0.924006	2
11	46050001	1.1283	0.924006	2
11	46100001	1.31921	0.924006	2
11	46150001	1.0878	0.924006	2
11	46200001	0.739103	0.924006	2
11	46250001	1.11753	0.924006	2
11	46300001	1.0835	0.924006	2
11	46350001	0.685023	0.924006	2
11	46400001	0.539217	0.924006	2
11	46450001	1.24784	0.924006	2
11	46500001	0.838377	0.924006	2
11	46550001	1.17851	1.17829	2
11	46600001	1.19053	1.17829	2
11	46650001	1.09148	1.17829	2
11	46700001	0.881211	1.17829	2
11	46750001	1.40735	1.17829	2
11	46800001	1.54239	1.17829	2
11	46850001	1.37446	1.17829	2
11	46900001	0.931753	1.17829	2
11	46950001	1.47819	1.17829	2
11	47000001	1.41175	1.17829	2
11	47050001	1.36261	1.17829	2
11	47100001	1.01599	1.17829	2
11	47150001	1.32779	1.17829	2
11	47200001	0.938521	1.17829	2
11	47250001	0.768326	1.17829	2
11	47300001	1.68209	1.17829	2
11	47350001	1.21062	1.17829	2
11	47400001	0.862608	1.17829	2
11	47450001	1.02491	1.17829	2
11	47500001	1.26864	1.17829	2
11	47550001	1.14657	1.17829	2
11	47600001	1.08751	1.17829	2
11	47650001	1.17829	1.17829	2
11	47700001	1.23576	1.17829	2
11	47750001	0.957257	1.17829	2
11	47800001	1.05008	1.17829	2
11	47850001	1.25598	1.17829	2
11	47900001	0.945668	1.17829	2
11	47950001	1.27699	1.17829	2
11	48000001	1.11301	1.17829	2
11	48050001	1.26677	1.17829	2
11	48100001	1.30525	1.17829	2
11	48150001	0.949109	1.17829	2
11	48200001	1.49345	1.17829	2
11	48250001	1.55978	1.17829	2
11	48300001	1.24386	1.17829	2
11	48350001	2.09816	1.17829	2
11	48400001	0.987462	1.17829	2
11	48450001	1.22623	1.17829	2
11	48500001	0.833025	1.17829	2
11	48550001	1.27053	1.17829	2
11	48600001	1.14402	1.17829	2
11	48650001	1.11003	1.17829	2
11	48700001	1.17976	1.17829	2
11	48750001	0.932213	1.17829	2
11	48800001	1.63989	1.17829	2
11	48850001	1.7169	1.17829	2
11	48900001	1.20704	1.17829	2
11	48950001	1.14266	1.17829	2
11	49000001	1.06063	1.17829	2
11	49050001	1.01012	1.17829	2
11	49100001	1.26677	1.17829	2
11	49150001	1.19824	1.17829	2
11	49200001	0.963938	1.17829	2
11	49250001	1.45696	1.17829	2
11	49300001	1.33791	1.17829	2
11	49350001	0.991278	1.17829	2
11	49400001	1.37691	1.17829	2
11	49450001	1.09674	1.17829	2
11	49500001	1.02398	1.17829	2
11	49550001	0.892141	1.17829	2
11	49600001	1.11346	1.17829	2
11	49650001	1.19835	1.17829	2
11	49700001	1.10457	1.17829	2
11	49750001	1.09373	1.17829	2
11	49800001	1.05314	1.17829	2
11	49850001	0.961384	1.17829	2
11	49900001	0.884873	1.17829	2
11	49950001	0.999777	1.17829	2
11	50000001	1.11112	1.17829	2
11	50050001	1.45522	1.17829	2
11	50100001	1.09043	1.17829	2
11	50150001	1.03255	1.17829	2
11	50200001	1.21811	1.17829	2
11	50250001	1.20134	1.17829	2
11	50300001	1.36155	1.17829	2
11	50350001	1.41844	1.17829	2
11	50400001	1.19442	1.17829	2
11	50450001	1.43844	1.17829	2
11	50500001	1.12168	1.17829	2
11	50550001	1.48252	1.17829	2
11	50600001	1.05286	1.17829	2
11	50650001	1.1477	1.17829	2
11	50700001	-1	-1	2
11	50750001	-1	-1	2
11	50800001	-1	-1	2
11	50850001	-1	-1	2
11	50900001	-1	-1	2
11	50950001	0	0.0933867	0
11	51000001	0	0.0933867	0
11	51050001	0.0933867	0.0933867	0
11	51100001	0.209182	0.0933867	0
11	51150001	0.54648	0.0933867	0
11	51200001	0.985543	1.00802	2
11	51250001	1.00802	1.00802	2
11	51300001	0.963938	1.00802	2
11	51350001	1.09088	1.00802	2
11	51400001	1.12005	1.00802	2
11	51450001	-1	-1	2
11	51500001	-1	-1	2
11	51550001	-1	-1	2
11	51600001	-1	-1	2
11	51650001	-1	-1	2
11	51700001	-1	-1	2
11	51750001	-1	-1	2
11	51800001	-1	-1	2
11	51850001	-1	-1	2
11	51900001	-1	-1	2
11	51950001	-1	-1	2
11	52000001	-1	-1	2
11	52050001	-1	-1	2
11	52100001	-1	-1	2
11	52150001	-1	-1	2
11	52200001	-1	-1	2
11	52250001	-1	-1	2
11	52300001	-1	-1	2
11	52350001	-1	-1	2
11	52400001	-1	-1	2
11	52450001	-1	-1	2
11	52500001	-1	-1	2
11	52550001	-1	-1	2
11	52600001	-1	-1	2
11	52650001	-1	-1	2
11	52700001	-1	-1	2
11	52750001	-1	-1	2
11	52800001	-1	-1	2
11	52850001	-1	-1	2
11	52900001	-1	-1	2
11	52950001	-1	-1	2
11	53000001	-1	-1	2
11	53050001	-1	-1	2
11	53100001	-1	-1	2
11	53150001	-1	-1	2
11	53200001	-1	-1	2
11	53250001	-1	-1	2
11	53300001	-1	-1	2
11	53350001	-1	-1	2
11	53400001	-1	-1	2
11	53450001	-1	-1	2
11	53500001	-1	-1	2
11	53550001	-1	-1	2
11	53600001	-1	-1	2
11	53650001	-1	-1	2
11	53700001	-1	-1	2
11	53750001	-1	-1	2
11	53800001	-1	-1	2
11	53850001	-1	-1	2
11	53900001	-1	-1	2
11	53950001	-1	-1	2
11	54000001	-1	-1	2
11	54050001	-1	-1	2
11	54100001	-1	-1	2
11	54150001	-1	-1	2
11	54200001	-1	-1	2
11	54250001	-1	-1	2
11	54300001	-1	-1	2
11	54350001	-1	-1	2
11	54400001	-1	-1	2
11	54450001	0	0	0
11	54500001	0	0	0
11	54550001	0	0	0
11	54600001	0	0	0
11	54650001	0.150617	0	0
11	54700001	0.752351	1.0321	2
11	54750001	0.597123	1.0321	2
11	54800001	1.20113	1.0321	2
11	54850001	0.99457	1.0321	2
11	54900001	1.0222	1.0321	2
11	54950001	1.03505	1.0321	2
11	55000001	1.111	1.0321	2
11	55050001	0.991237	1.0321	2
11	55100001	1.14955	1.0321	2
11	55150001	0.70431	1.0321	2
11	55200001	0.947189	1.0321	2
11	55250001	1.22623	1.0321	2
11	55300001	1.15609	1.0321	2
11	55350001	1.2019	1.0321	2
11	55400001	1.03547	1.0321	2
11	55450001	1.13653	1.0321	2
11	55500001	1.10495	1.0321	2
11	55550001	0.84018	1.0321	2
11	55600001	0.987773	1.0321	2
11	55650001	1.19012	1.0321	2
11	55700001	0.951147	1.0321	2
11	55750001	0.903675	1.0321	2
11	55800001	0.839075	1.0321	2
11	55850001	0.912247	1.0321	2
11	55900001	0.900815	1.0321	2
11	55950001	0.927317	1.0321	2
11	56000001	1.12562	1.0321	2
11	56050001	0.94184	1.0321	2
11	56100001	0.951581	1.0321	2
11	56150001	0.870443	1.0321	2
11	56200001	1.00194	1.0321	2
11	56250001	1.03405	1.0321	2
11	56300001	0.991363	1.0321	2
11	56350001	1.02569	1.0321	2
11	56400001	0.992014	1.0321	2
11	56450001	1.30291	1.0321	2
11	56500001	1.01528	1.0321	2
11	56550001	1.25617	1.0321	2
11	56600001	1.19932	1.0321	2
11	56650001	1.11075	1.0321	2
11	56700001	1.04888	1.0321	2
11	56750001	1.01322	1.0321	2
11	56800001	1.46468	1.0321	2
11	56850001	1.36074	1.0321	2
11	56900001	1.09187	1.0321	2
11	56950001	1.25653	1.0321	2
11	57000001	1.18086	1.0321	2
11	57050001	0.967471	1.0321	2
11	57100001	0.965354	1.0321	2
11	57150001	0.996538	1.0321	2
11	57200001	0.701528	1.0321	2
11	57250001	0.917771	1.0321	2
11	57300001	0.924404	1.0321	2
11	57350001	0.899889	1.0321	2
11	57400001	0.901202	1.0321	2
11	57450001	0.698953	1.0321	2
11	57500001	1.06638	1.0321	2
11	57550001	1.21824	1.0321	2
11	57600001	0.772687	1.0321	2
11	57650001	0.996082	1.0321	2
11	57700001	1.22305	1.0321	2
11	57750001	0.95727	1.0321	2
11	57800001	1.14718	1.0321	2
11	57850001	0.998376	1.0321	2
11	57900001	1.04741	1.0321	2
11	57950001	1.20298	1.0321	2
11	58000001	1.09294	1.0321	2
11	58050001	1.17772	1.0321	2
11	58100001	1.00549	1.0321	2
11	58150001	1.05931	1.0321	2
11	58200001	0.798594	1.0321	2
11	58250001	0.823653	1.0321	2
11	58300001	0.953737	1.0321	2
11	58350001	0.934801	1.0321	2
11	58400001	1.18751	1.0321	2
11	58450001	1.16031	1.0321	2
11	58500001	1.13883	1.0321	2
11	58550001	0.894108	1.0321	2
11	58600001	0.989387	1.0321	2
11	58650001	1.33506	1.0321	2
11	58700001	1.09568	1.0321	2
11	58750001	1.28951	1.0321	2
11	58800001	1.04003	1.0321	2
11	58850001	1.26661	1.0321	2
11	58900001	1.03921	1.0321	2
11	58950001	1.23198	1.0321	2
11	59000001	0.687296	1.0321	2
11	59050001	1.37421	1.0321	2
11	59100001	1.34739	1.0321	2
11	59150001	1.02791	1.0321	2
11	59200001	1.23287	1.0321	2
11	59250001	1.05521	1.0321	2
11	59300001	1.06362	1.0321	2
11	59350001	1.15424	1.0321	2
11	59400001	1.06622	1.0321	2
11	59450001	0.905325	1.0321	2
11	59500001	1.04973	1.0321	2
11	59550001	1.09904	1.0321	2
11	59600001	1.07051	1.0321	2
11	59650001	0.639484	1.0321	2
11	59700001	1.03014	1.0321	2
11	59750001	0.741552	1.0321	2
11	59800001	0.889792	1.0321	2
11	59850001	0.952503	1.0321	2
11	59900001	1.10961	1.0321	2
11	59950001	1.02895	1.0321	2
11	60000001	1.17127	1.0321	2
11	60050001	1.03924	1.0321	2
11	60100001	1.1637	1.0321	2
11	60150001	1.08755	1.0321	2
11	60200001	0.943138	1.0321	2
11	60250001	1.45822	1.0321	2
11	60300001	1.38165	1.0321	2
11	60350001	1.34483	1.0321	2
11	60400001	0.971455	1.0321	2
11	60450001	1.1035	1.0321	2
11	60500001	0.940131	1.0321	2
11	60550001	0.595704	1.0321	2
11	60600001	0.909478	1.0321	2
11	60650001	1.38417	1.0321	2
11	60700001	0.795263	1.0321	2
11	60750001	1.22718	1.0321	2
11	60800001	0.550309	1.0321	2
11	60850001	0.887857	1.0321	2
11	60900001	0.67245	1.0321	2
11	60950001	0.974561	1.0321	2
11	61000001	1.5459	1.5459	3
11	61050001	1.92026	1.5459	3
11	61100001	1.39576	1.5459	3
11	61150001	1.00106	1.5459	3
11	61200001	1.59975	1.5459	3
11	61250001	2.70308	2.70308	5
11	61300001	0.694097	1.01819	2
11	61350001	1.54704	1.01819	2
11	61400001	1.76095	1.01819	2
11	61450001	0.608686	1.01819	2
11	61500001	0.382165	1.01819	2
11	61550001	0.767471	1.01819	2
11	61600001	0.475435	1.01819	2
11	61650001	0.658325	1.01819	2
11	61700001	0.8372	1.01819	2
11	61750001	0.83522	1.01819	2
11	61800001	1.14819	1.01819	2
11	61850001	0.858618	1.01819	2
11	61900001	1.15684	1.01819	2
11	61950001	1.45903	1.01819	2
11	62000001	1.3702	1.01819	2
11	62050001	1.54936	1.01819	2
11	62100001	1.41196	1.01819	2
11	62150001	0.937813	1.01819	2
11	62200001	1.02304	1.01819	2
11	62250001	0.934289	1.01819	2
11	62300001	0.60237	1.01819	2
11	62350001	0.709616	1.01819	2
11	62400001	1.01252	1.01819	2
11	62450001	0.97059	1.01819	2
11	62500001	0.89662	1.01819	2
11	62550001	0.937495	1.01819	2
11	62600001	0.916375	1.01819	2
11	62650001	0.878844	1.01819	2
11	62700001	1.00581	1.01819	2
11	62750001	0.736432	1.01819	2
11	62800001	1.06591	1.01819	2
11	62850001	1.0513	1.01819	2
11	62900001	1.38873	1.01819	2
11	62950001	1.02384	1.01819	2
11	63000001	1.11893	1.01819	2
11	63050001	1.04256	1.01819	2
11	63100001	1.20556	1.01819	2
11	63150001	1.38928	1.01819	2
11	63200001	1.18751	1.01819	2
11	63250001	1.23024	1.01819	2
11	63300001	1.02346	1.01819	2
11	63350001	1.30014	1.01819	2
11	63400001	1.23003	1.01819	2
11	63450001	1.01333	1.01819	2
11	63500001	2.08185	2.3956	5
11	63550001	3.57225	2.3956	5
11	63600001	2.3956	2.3956	5
11	63650001	0.940398	0.898618	2
11	63700001	0.856837	0.898618	2
11	63750001	3.20033	3.20033	6
11	63800001	0.981855	0.856889	2
11	63850001	1.05147	0.856889	2
11	63900001	0.685269	0.856889	2
11	63950001	0.747071	0.856889	2
11	64000001	0.410236	0.856889	2
11	64050001	0.884621	0.856889	2
11	64100001	0.829156	0.856889	2
11	64150001	1.12301	0.856889	2
11	64200001	1.33637	1.45052	3
11	64250001	1.75827	1.45052	3
11	64300001	0.973855	1.45052	3
11	64350001	1.45052	1.45052	3
11	64400001	1.85165	1.45052	3
11	64450001	0.944471	0.858522	2
11	64500001	0.956843	0.858522	2
11	64550001	1.09539	0.858522	2
11	64600001	0.600795	0.858522	2
11	64650001	0.421677	0.858522	2
11	64700001	0.934731	0.858522	2
11	64750001	0.713021	0.858522	2
11	64800001	0.858522	0.858522	2
11	64850001	0.658252	0.858522	2
11	64900001	2.15685	2.15685	4
11	64950001	0.586559	0.834673	2
11	65000001	1.08279	0.834673	2
11	65050001	2.00487	3.65749	7
11	65100001	5.31012	3.65749	7
11	65150001	0.962098	0.81805	2
11	65200001	1.04223	0.81805	2
11	65250001	0.755898	0.81805	2
11	65300001	0.697276	0.81805	2
11	65350001	0.383567	0.81805	2
11	65400001	1.0917	0.81805	2
11	65450001	0.971463	0.81805	2
11	65500001	1.13284	0.81805	2
11	65550001	0.81805	0.81805	2
11	65600001	0.570214	0.81805	2
11	65650001	0.525799	0.81805	2
11	65700001	0.556854	0.81805	2
11	65750001	1.02198	0.81805	2
11	65800001	1.93591	1.84509	4
11	65850001	1.75427	1.84509	4
11	65900001	1.2039	0.979034	2
11	65950001	1.01214	0.979034	2
11	66000001	0.594114	0.979034	2
11	66050001	1.08255	0.979034	2
11	66100001	0.936579	0.979034	2
11	66150001	0.705824	0.979034	2
11	66200001	1.14528	0.979034	2
11	66250001	0.994269	0.979034	2
11	66300001	0.682277	0.979034	2
11	66350001	1.33556	0.979034	2
11	66400001	1.08653	0.979034	2
11	66450001	0.721004	0.979034	2
11	66500001	1.26395	0.979034	2
11	66550001	1.55128	0.979034	2
11	66600001	0.621752	0.979034	2
11	66650001	0.796633	0.979034	2
11	66700001	0.963798	0.979034	2
11	66750001	1.043	0.979034	2
11	66800001	0.837606	0.979034	2
11	66850001	0.905817	0.979034	2
11	66900001	3.35388	2.70527	5
11	66950001	2.05666	2.70527	5
11	67000001	1.04118	0.891033	2
11	67050001	0.677288	0.891033	2
11	67100001	0.787544	0.891033	2
11	67150001	0.616967	0.891033	2
11	67200001	0.546857	0.891033	2
11	67250001	0.555763	0.891033	2
11	67300001	1.09368	0.891033	2
11	67350001	0.713767	0.891033	2
11	67400001	0.71249	0.891033	2
11	67450001	0.804841	0.891033	2
11	67500001	1.45089	0.891033	2
11	67550001	1.00803	0.891033	2
11	67600001	1.01558	0.891033	2
11	67650001	1.05867	0.891033	2
11	67700001	0.82654	0.891033	2
11	67750001	0.669391	0.891033	2
11	67800001	0.971092	0.891033	2
11	67850001	1.45533	0.891033	2
11	67900001	1.27642	0.891033	2
11	67950001	1.23558	0.891033	2
11	68000001	0.813926	0.891033	2
11	68050001	0.760361	0.891033	2
11	68100001	0.512865	0.891033	2
11	68150001	0.503843	0.891033	2
11	68200001	0.541421	0.891033	2
11	68250001	1.16858	0.891033	2
11	68300001	0.918711	0.891033	2
11	68350001	1.19704	0.891033	2
11	68400001	0.630423	0.891033	2
11	68450001	1.31469	0.891033	2
11	68500001	1.37882	0.891033	2
11	68550001	1.5541	0.891033	2
11	68600001	1.51549	0.891033	2
11	68650001	1.04852	0.891033	2
11	68700001	0.726753	0.891033	2
11	68750001	0.946337	0.891033	2
11	68800001	0.671356	0.891033	2
11	68850001	0.473089	0.891033	2
11	68900001	1.06592	0.891033	2
11	68950001	1.39258	0.891033	2
11	69000001	1.12965	0.891033	2
11	69050001	0.630176	0.891033	2
11	69100001	0.215736	0.891033	2
11	69150001	1.4263	0.891033	2
11	69200001	1.21128	0.891033	2
11	69250001	0.827335	0.891033	2
11	69300001	0.632926	0.891033	2
11	69350001	0.879857	0.891033	2
11	69400001	-1	0.891033	2
11	69450001	0.666226	0.891033	2
11	69500001	0.865332	0.891033	2
11	69550001	0.718454	0.891033	2
11	69600001	0.770197	0.891033	2
11	69650001	1.34157	0.891033	2
11	69700001	0.391373	0.891033	2
11	69750001	0.32809	0.891033	2
11	69800001	0.572384	0.891033	2
11	69850001	0.794064	0.891033	2
11	69900001	0.467062	0.891033	2
11	69950001	0.759595	0.891033	2
11	70000001	0.760198	0.891033	2
11	70050001	1.15196	0.891033	2
11	70100001	1.33402	0.891033	2
11	70150001	1.05573	0.891033	2
11	70200001	0.891033	0.891033	2
11	70250001	0.602751	0.891033	2
11	70300001	0.66402	0.891033	2
11	70350001	0.727605	0.891033	2
11	70400001	0.942066	0.891033	2
11	70450001	0.696658	0.891033	2
11	70500001	0.586587	0.891033	2
11	70550001	0.581748	0.891033	2
11	70600001	0.99665	0.891033	2
11	70650001	0.579316	0.891033	2
11	70700001	1.06989	0.891033	2
11	70750001	0.960022	0.891033	2
11	70800001	0.802775	0.891033	2
11	70850001	1.10813	0.891033	2
11	70900001	0.947018	0.891033	2
11	70950001	1.33796	0.891033	2
11	71000001	1.0903	0.891033	2
11	71050001	0.738877	0.891033	2
11	71100001	0.464719	0.891033	2
11	71150001	0.671773	0.891033	2
11	71200001	0.700262	0.891033	2
11	71250001	0.915543	0.891033	2
11	71300001	0.984202	0.891033	2
11	71350001	1.04881	0.891033	2
11	71400001	1.05503	0.891033	2
11	71450001	1.21395	0.891033	2
11	71500001	1.00612	0.891033	2
11	71550001	1.38016	0.891033	2
11	71600001	1.33993	0.891033	2
11	71650001	1.03695	0.891033	2
11	71700001	1.03334	0.891033	2
11	71750001	0.933392	0.891033	2
11	71800001	1.09311	0.891033	2
11	71850001	0.813028	0.891033	2
11	71900001	1.00962	0.891033	2
11	71950001	0.83017	0.891033	2
11	72000001	1.5413	1.39024	3
11	72050001	1.70951	1.39024	3
11	72100001	1.39024	1.39024	3
11	72150001	1.07476	1.39024	3
11	72200001	1.36262	1.39024	3
11	72250001	0.631579	0.631579	1
11	72300001	0.666	0.631579	1
11	72350001	0.550119	0.631579	1
11	72400001	0.61017	0.631579	1
11	72450001	0.580005	0.631579	1
11	72500001	0.85117	0.631579	1
11	72550001	1.02147	0.631579	1
11	72600001	1.38354	1.38354	3
11	72650001	1.38302	1.38354	3
11	72700001	2.0381	1.38354	3
11	72750001	1.62448	1.38354	3
11	72800001	1.31496	1.38354	3
11	72850001	1.14791	1.02292	2
11	72900001	0.81253	1.02292	2
11	72950001	0.914792	1.02292	2
11	73000001	0.920228	1.02292	2
11	73050001	0.621553	1.02292	2
11	73100001	0.975814	1.02292	2
11	73150001	0.853976	1.02292	2
11	73200001	1.35496	1.02292	2
11	73250001	1.33027	1.02292	2
11	73300001	1.29663	1.02292	2
11	73350001	1.06377	1.02292	2
11	73400001	0.976369	1.02292	2
11	73450001	0.880284	1.02292	2
11	73500001	0.951229	1.02292	2
11	73550001	0.891374	1.02292	2
11	73600001	1.00274	1.02292	2
11	73650001	0.950332	1.02292	2
11	73700001	1.27041	1.02292	2
11	73750001	1.08935	1.02292	2
11	73800001	1.14419	1.02292	2
11	73850001	0.973286	1.02292	2
11	73900001	1.08299	1.02292	2
11	73950001	1.22907	1.02292	2
11	74000001	1.11181	1.02292	2
11	74050001	1.64935	1.02292	2
11	74100001	0.965099	1.02292	2
11	74150001	1.16094	1.02292	2
11	74200001	1.2037	1.02292	2
11	74250001	1.21025	1.02292	2
11	74300001	0.71397	1.02292	2
11	74350001	0.778152	1.02292	2
11	74400001	0.976275	1.02292	2
11	74450001	1.16277	1.02292	2
11	74500001	1.25312	1.02292	2
11	74550001	1.24055	1.02292	2
11	74600001	1.21957	1.02292	2
11	74650001	1.64833	1.02292	2
11	74700001	1.06212	1.02292	2
11	74750001	1.28419	1.02292	2
11	74800001	1.4613	1.02292	2
11	74850001	0.962303	1.02292	2
11	74900001	1.17777	1.02292	2
11	74950001	1.10206	1.02292	2
11	75000001	0.765482	1.02292	2
11	75050001	0.98485	1.02292	2
11	75100001	1.14986	1.02292	2
11	75150001	0.537604	1.02292	2
11	75200001	0.782602	1.02292	2
11	75250001	0.681463	1.02292	2
11	75300001	0.950773	1.02292	2
11	75350001	0.813642	1.02292	2
11	75400001	1.0431	1.02292	2
11	75450001	0.953476	1.02292	2
11	75500001	0.881685	1.02292	2
11	75550001	2.55106	2.55106	5
11	75600001	1.1793	1.61397	3
11	75650001	1.61397	1.61397	3
11	75700001	1.68027	1.61397	3
11	75750001	0.905437	1.02946	2
11	75800001	1.18661	1.02946	2
11	75850001	0.402004	1.02946	2
11	75900001	0.567737	1.02946	2
11	75950001	0.62635	1.02946	2
11	76000001	0.898488	1.02946	2
11	76050001	1.61734	1.02946	2
11	76100001	1.03689	1.02946	2
11	76150001	1.29854	1.02946	2
11	76200001	1.18669	1.02946	2
11	76250001	0.969412	1.02946	2
11	76300001	0.541111	1.02946	2
11	76350001	0.721362	1.02946	2
11	76400001	0.819029	1.02946	2
11	76450001	1.82854	1.02946	2
11	76500001	1.4254	1.02946	2
11	76550001	1.44363	1.02946	2
11	76600001	1.12429	1.02946	2
11	76650001	1.02579	1.02946	2
11	76700001	1.09905	1.02946	2
11	76750001	0.674061	1.02946	2
11	76800001	0.539754	1.02946	2
11	76850001	0.474095	1.02946	2
11	76900001	0.737212	1.02946	2
11	76950001	1.21693	1.02946	2
11	77000001	1.18629	1.02946	2
11	77050001	0.845297	1.02946	2
11	77100001	1.15345	1.02946	2
11	77150001	1.00396	1.02946	2
11	77200001	1.09712	1.02946	2
11	77250001	1.17487	1.02946	2
11	77300001	0.874875	1.02946	2
11	77350001	1.22617	1.02946	2
11	77400001	1.41883	1.02946	2
11	77450001	1.21633	1.02946	2
11	77500001	1.36	1.02946	2
11	77550001	1.20302	1.02946	2
11	77600001	1.24058	1.02946	2
11	77650001	1.05344	1.02946	2
11	77700001	0.963594	1.02946	2
11	77750001	0.968155	1.02946	2
11	77800001	1.0689	1.02946	2
11	77850001	0.782506	1.02946	2
11	77900001	0.90013	1.02946	2
11	77950001	1.06398	1.02946	2
11	78000001	0.882648	1.02946	2
11	78050001	0.964337	1.02946	2
11	78100001	1.10948	1.02946	2
11	78150001	1.09546	1.02946	2
11	78200001	1.24515	1.02946	2
11	78250001	1.14399	1.02946	2
11	78300001	0.775035	1.02946	2
11	78350001	0.868063	1.02946	2
11	78400001	1.24689	1.02946	2
11	78450001	1.24506	1.02946	2
11	78500001	1.04319	1.02946	2
11	78550001	1.1035	1.02946	2
11	78600001	1.02494	1.02946	2
11	78650001	0.937043	1.02946	2
11	78700001	1.08003	1.02946	2
11	78750001	1.00886	1.02946	2
11	78800001	1.10546	1.02946	2
11	78850001	0.990897	1.02946	2
11	78900001	0.970304	1.02946	2
11	78950001	1.15121	1.02946	2
11	79000001	1.2067	1.02946	2
11	79050001	0.972606	1.02946	2
11	79100001	0.984166	1.02946	2
11	79150001	1.03958	1.02946	2
11	79200001	1.08334	1.02946	2
11	79250001	0.960128	1.02946	2
11	79300001	0.990102	1.02946	2
11	79350001	1.08919	1.02946	2
11	79400001	1.17308	1.02946	2
11	79450001	0.852868	1.02946	2
11	79500001	1.2667	1.02946	2
11	79550001	1.05106	1.02946	2
11	79600001	1.11561	1.02946	2
11	79650001	0.829007	1.02946	2
11	79700001	1.21793	1.02946	2
11	79750001	0.947932	1.02946	2
11	79800001	1.36317	1.02946	2
11	79850001	1.06613	1.02946	2
11	79900001	1.19999	1.02946	2
11	79950001	0.969044	1.02946	2
11	80000001	0.948361	1.02946	2
11	80050001	0.864091	1.02946	2
11	80100001	0.939347	1.02946	2
11	80150001	0.897101	1.02946	2
11	80200001	1.07885	1.02946	2
11	80250001	0.931315	1.02946	2
11	80300001	0.960386	1.02946	2
11	80350001	1.16379	1.02946	2
11	80400001	0.844946	1.02946	2
11	80450001	0.958423	1.02946	2
11	80500001	1.15421	1.02946	2
11	80550001	1.21804	1.02946	2
11	80600001	1.21611	1.02946	2
11	80650001	1.1039	1.02946	2
11	80700001	0.946742	1.02946	2
11	80750001	0.939692	1.02946	2
11	80800001	0.970692	1.02946	2
11	80850001	1.25229	1.02946	2
11	80900001	1.07821	1.02946	2
11	80950001	1.07997	1.02946	2
11	81000001	0.994197	1.02946	2
11	81050001	0.932832	1.02946	2
11	81100001	0.952671	1.02946	2
11	81150001	0.893534	1.02946	2
11	81200001	0.98983	1.02946	2
11	81250001	0.791009	1.02946	2
11	81300001	0.814084	1.02946	2
11	81350001	0.844469	1.02946	2
11	81400001	1.27895	1.02946	2
11	81450001	1.20389	1.02946	2
11	81500001	0.845574	1.02946	2
11	81550001	1.00987	1.02946	2
11	81600001	1.1236	1.02946	2
11	81650001	1.05168	1.02946	2
11	81700001	1.11546	1.02946	2
11	81750001	0.957039	1.02946	2
11	81800001	1.12899	1.02946	2
11	81850001	0.97557	1.02946	2
11	81900001	1.07419	1.02946	2
11	81950001	1.13817	1.02946	2
11	82000001	0.903933	1.02946	2
11	82050001	1.04185	1.02946	2
11	82100001	1.09133	1.02946	2
11	82150001	0.877147	1.02946	2
11	82200001	0.81773	1.02946	2
11	82250001	1.08567	1.02946	2
11	82300001	1.03524	1.02946	2
11	82350001	1.20957	1.02946	2
11	82400001	1.07639	1.02946	2
11	82450001	1.18057	1.02946	2
11	82500001	1.21681	1.02946	2
11	82550001	1.02061	1.02946	2
11	82600001	1.00283	1.02946	2
11	82650001	1.35507	1.02946	2
11	82700001	1.19347	1.02946	2
11	82750001	1.11512	1.02946	2
11	82800001	1.1505	1.02946	2
11	82850001	0.901508	1.02946	2
11	82900001	1.42963	1.02946	2
11	82950001	0.836037	1.02946	2
11	83000001	0.778558	1.02946	2
11	83050001	1.36051	1.02946	2
11	83100001	0.894174	1.02946	2
11	83150001	1.17038	1.02946	2
11	83200001	1.367	1.02946	2
11	83250001	1.27222	1.02946	2
11	83300001	0.896513	1.02946	2
11	83350001	0.838041	1.02946	2
11	83400001	1.16397	1.02946	2
11	83450001	1.1335	1.02946	2
11	83500001	1.22773	1.02946	2
11	83550001	0.798398	1.02946	2
11	83600001	1.31311	1.02946	2
11	83650001	1.16997	1.02946	2
11	83700001	1.052	1.02946	2
11	83750001	1.47465	1.02946	2
11	83800001	1.27249	1.02946	2
11	83850001	0.896396	1.02946	2
11	83900001	0.911804	1.02946	2
11	83950001	0.814638	1.02946	2
11	84000001	0.803722	1.02946	2
11	84050001	0.999567	1.02946	2
11	84100001	1.28585	1.02946	2
11	84150001	1.16095	1.02946	2
11	84200001	1.16001	1.02946	2
11	84250001	1.12556	1.02946	2
11	84300001	0.946713	1.02946	2
11	84350001	1.11967	1.02946	2
11	84400001	0.865263	1.02946	2
11	84450001	1.05414	1.02946	2
11	84500001	1.19051	1.02946	2
11	84550001	0.881051	1.02946	2
11	84600001	0.937219	1.02946	2
11	84650001	0.797383	1.02946	2
11	84700001	0.721161	1.02946	2
11	84750001	0.950239	1.02946	2
11	84800001	0.904347	1.02946	2
11	84850001	1.11975	1.02946	2
11	84900001	1.20333	1.02946	2
11	84950001	1.06755	1.02946	2
11	85000001	1.00727	1.02946	2
11	85050001	1.0586	1.02946	2
11	85100001	1.03972	1.02946	2
11	85150001	0.782332	1.02946	2
11	85200001	1.11283	1.02946	2
11	85250001	1.13352	1.02946	2
11	85300001	1.09731	1.02946	2
11	85350001	0.985993	1.02946	2
11	85400001	1.26137	1.02946	2
11	85450001	1.02511	1.02946	2
11	85500001	1.09892	1.02946	2
11	85550001	1.04824	1.02946	2
11	85600001	0.965264	1.02946	2
11	85650001	1.16857	1.02946	2
11	85700001	1.20236	1.02946	2
11	85750001	0.989112	1.02946	2
11	85800001	1.0212	1.02946	2
11	85850001	1.19002	1.02946	2
11	85900001	1.0987	1.02946	2
11	85950001	1.08883	1.02946	2
11	86000001	0.916766	1.02946	2
11	86050001	0.937597	1.02946	2
11	86100001	0.943687	1.02946	2
11	86150001	0.919941	1.02946	2
11	86200001	1.03885	1.02946	2
11	86250001	1.30528	1.02946	2
11	86300001	1.0437	1.02946	2
11	86350001	1.24793	1.02946	2
11	86400001	1.04898	1.02946	2
11	86450001	1.07077	1.02946	2
11	86500001	0.880245	1.02946	2
11	86550001	0.743283	1.02946	2
11	86600001	1.01791	1.02946	2
11	86650001	1.00186	1.02946	2
11	86700001	1.14289	1.02946	2
11	86750001	0.93358	1.02946	2
11	86800001	1.28993	1.02946	2
11	86850001	1.00676	1.02946	2
11	86900001	1.01539	1.02946	2
11	86950001	1.12527	1.02946	2
11	87000001	1.07523	1.02946	2
11	87050001	0.811851	1.02946	2
11	87100001	1.01539	1.02946	2
11	87150001	1.07544	1.02946	2
11	87200001	0.91055	1.02946	2
11	87250001	1.08204	1.02946	2
11	87300001	0.96252	1.02946	2
11	87350001	-1	1.02946	2
11	87400001	0.938547	1.02946	2
11	87450001	0.999524	1.02946	2
11	87500001	1.52418	1.02946	2
11	87550001	1.09127	1.02946	2
11	87600001	1.18917	1.02946	2
11	87650001	0.641695	1.02946	2
11	87700001	0.227036	1.02946	2
11	87750001	1.07024	1.02946	2
11	87800001	1.0996	1.02946	2
11	87850001	1.22254	1.02946	2
11	87900001	1.17097	1.02946	2
11	87950001	0.854747	1.02946	2
11	88000001	1.19858	1.02946	2
11	88050001	0.953889	1.02946	2
11	88100001	0.91021	1.02946	2
11	88150001	1.266	1.02946	2
11	88200001	1.2008	1.02946	2
11	88250001	1.27288	1.02946	2
11	88300001	1.02105	1.02946	2
11	88350001	0.977353	1.02946	2
11	88400001	1.17384	1.02946	2
11	88450001	1.05614	1.02946	2
11	88500001	0.844684	1.02946	2
11	88550001	0.844283	1.02946	2
11	88600001	1.0032	1.02946	2
11	88650001	0.985461	1.02946	2
11	88700001	1.10488	1.02946	2
11	88750001	1.18226	1.02946	2
11	88800001	1.02265	1.02946	2
11	88850001	1.09003	1.02946	2
11	88900001	1.17186	1.02946	2
11	88950001	1.3579	1.02946	2
11	89000001	0.962803	1.02946	2
11	89050001	0.94489	1.02946	2
11	89100001	1.36801	1.02946	2
11	89150001	1.08091	1.02946	2
11	89200001	0.927129	1.02946	2
11	89250001	0.906437	1.02946	2
11	89300001	1.1877	1.02946	2
11	89350001	0.988441	1.02946	2
11	89400001	1.01818	1.02946	2
11	89450001	0.845475	1.02946	2
11	89500001	0.811434	1.02946	2
11	89550001	0.828392	1.02946	2
11	89600001	0.900332	1.02946	2
11	89650001	0.844198	1.02946	2
11	89700001	0.938698	1.02946	2
11	89750001	0.969302	1.02946	2
11	89800001	1.08822	1.02946	2
11	89850001	0.767893	1.02946	2
11	89900001	0.812083	1.02946	2
11	89950001	0.994133	1.02946	2
11	90000001	0.922561	1.02946	2
11	90050001	0.940768	1.02946	2
11	90100001	0.983105	1.02946	2
11	90150001	0.965981	1.02946	2
11	90200001	0.94615	1.02946	2
11	90250001	1.2884	1.02946	2
11	90300001	1.06901	1.02946	2
11	90350001	1.03612	1.02946	2
11	90400001	1.01208	1.02946	2
11	90450001	1.18933	1.02946	2
11	90500001	1.20351	1.02946	2
11	90550001	1.16587	1.02946	2
11	90600001	1.06721	1.02946	2
11	90650001	0.688924	1.02946	2
11	90700001	0.893557	1.02946	2
11	90750001	0.944335	1.02946	2
11	90800001	0.853765	1.02946	2
11	90850001	1.26006	1.02946	2
11	90900001	1.13444	1.02946	2
11	90950001	1.0143	1.02946	2
11	91000001	0.998431	1.02946	2
11	91050001	0.939475	1.02946	2
11	91100001	1.24244	1.02946	2
11	91150001	0.92571	1.02946	2
11	91200001	0.972587	1.02946	2
11	91250001	1.22496	1.02946	2
11	91300001	0.775199	1.02946	2
11	91350001	1.03306	1.02946	2
11	91400001	0.74731	1.02946	2
11	91450001	0.858837	1.02946	2
11	91500001	1.02526	1.02946	2
11	91550001	1.00024	1.02946	2
11	91600001	1.16324	1.02946	2
11	91650001	0.839696	1.02946	2
11	91700001	0.690964	1.02946	2
11	91750001	0.981433	1.02946	2
11	91800001	0.902075	1.02946	2
11	91850001	0.982387	1.02946	2
11	91900001	1.12454	1.02946	2
11	91950001	1.23668	1.02946	2
11	92000001	0.794535	1.02946	2
11	92050001	0.995122	1.02946	2
11	92100001	0.65759	1.02946	2
11	92150001	1.00457	1.02946	2
11	92200001	1.14192	1.02946	2
11	92250001	1.0019	1.02946	2
11	92300001	1.72143	1.02946	2
11	92350001	0.959529	1.02946	2
11	92400001	1.13287	1.02946	2
11	92450001	1.0574	1.02946	2
11	92500001	0.975306	1.02946	2
11	92550001	0.907997	1.02946	2
11	92600001	0.782845	1.02946	2
11	92650001	1.11861	1.02946	2
11	92700001	0.882205	1.02946	2
11	92750001	1.07336	1.02946	2
11	92800001	1.32402	1.02946	2
11	92850001	0.941435	1.02946	2
11	92900001	0.743109	1.02946	2
11	92950001	0.814256	1.02946	2
11	93000001	1.06059	1.02946	2
11	93050001	1.03597	1.02946	2
11	93100001	0.965572	1.02946	2
11	93150001	0.679343	1.02946	2
11	93200001	0.8773	1.02946	2
11	93250001	0.97588	1.02946	2
11	93300001	1.00926	1.02946	2
11	93350001	1.11377	1.02946	2
11	93400001	0.963072	1.02946	2
11	93450001	0.951501	1.02946	2
11	93500001	1.08876	1.02946	2
11	93550001	1.02946	1.02946	2
11	93600001	0.918454	1.02946	2
11	93650001	0.917423	1.02946	2
11	93700001	1.17213	1.02946	2
11	93750001	0.98832	1.02946	2
11	93800001	1.01873	1.02946	2
11	93850001	0.975775	1.02946	2
11	93900001	0.864612	1.02946	2
11	93950001	1.44223	1.02946	2
11	94000001	1.04567	1.02946	2
11	94050001	1.14982	1.02946	2
11	94100001	1.12699	1.02946	2
11	94150001	1.20335	1.02946	2
11	94200001	0.770542	1.02946	2
11	94250001	1.0931	1.02946	2
11	94300001	1.03041	1.02946	2
11	94350001	1.08606	1.02946	2
11	94400001	1.24465	1.02946	2
11	94450001	1.27284	1.02946	2
11	94500001	0.958026	1.02946	2
11	94550001	0.994351	1.02946	2
11	94600001	1.14545	1.02946	2
11	94650001	0.944832	1.02946	2
11	94700001	0.748068	1.02946	2
11	94750001	1.1884	1.02946	2
11	94800001	1.33801	1.02946	2
11	94850001	1.29762	1.02946	2
11	94900001	1.48872	1.02946	2
11	94950001	1.14726	1.02946	2
11	95000001	1.03306	1.02946	2
11	95050001	1.2314	1.02946	2
11	95100001	1.44	1.02946	2
11	95150001	0.829472	1.02946	2
11	95200001	1.20038	1.02946	2
11	95250001	1.29682	1.02946	2
11	95300001	1.19837	1.02946	2
11	95350001	1.01179	1.02946	2
11	95400001	1.13069	1.02946	2
11	95450001	0.89663	1.02946	2
11	95500001	1.16575	1.02946	2
11	95550001	1.48137	1.02946	2
11	95600001	1.26021	1.02946	2
11	95650001	0.944808	1.02946	2
11	95700001	1.30048	1.02946	2
11	95750001	0.895319	1.02946	2
11	95800001	1.00723	1.02946	2
11	95850001	1.21463	1.02946	2
11	95900001	-1	1.02946	2
11	95950001	1.28884	1.02946	2
11	96000001	1.01007	1.02946	2
11	96050001	1.36043	1.02946	2
11	96100001	0.800495	1.02946	2
11	96150001	1.19046	1.02946	2
11	96200001	0.935378	1.02946	2
11	96250001	0.855192	1.02946	2
11	96300001	0	0	0
11	96350001	0	0	0
11	96400001	0.164211	0	0
11	96450001	1.26194	1.01162	2
11	96500001	1.24879	1.01162	2
11	96550001	1.15485	1.01162	2
11	96600001	1.19542	1.01162	2
11	96650001	0.92713	1.01162	2
11	96700001	0.837518	1.01162	2
11	96750001	1.02453	1.01162	2
11	96800001	0.992174	1.01162	2
11	96850001	1.18425	1.01162	2
11	96900001	0.829671	1.01162	2
11	96950001	1.19491	1.01162	2
11	97000001	1.01383	1.01162	2
11	97050001	0.56054	1.01162	2
11	97100001	0.917068	1.01162	2
11	97150001	1.02494	1.01162	2
11	97200001	0.967414	1.01162	2
11	97250001	0.691691	1.01162	2
11	97300001	1.13639	1.01162	2
11	97350001	0.971449	1.01162	2
11	97400001	1.07126	1.01162	2
11	97450001	1.25272	1.01162	2
11	97500001	1.01472	1.01162	2
11	97550001	0.699339	1.01162	2
11	97600001	1.25048	1.01162	2
11	97650001	0.827445	1.01162	2
11	97700001	1.02582	1.01162	2
11	97750001	0.911799	1.01162	2
11	97800001	1.04256	1.01162	2
11	97850001	1.06842	1.01162	2
11	97900001	0.762732	1.01162	2
11	97950001	1.22028	1.01162	2
11	98000001	1.01421	1.01162	2
11	98050001	0.980898	1.01162	2
11	98100001	1.20476	1.01162	2
11	98150001	0.913586	1.01162	2
11	98200001	1.01421	1.01162	2
11	98250001	0.991333	1.01162	2
11	98300001	0.830792	1.01162	2
11	98350001	0.928519	1.01162	2
11	98400001	0.805275	1.01162	2
11	98450001	0.845741	1.01162	2
11	98500001	0.692305	1.01162	2
11	98550001	1.16188	1.01162	2
11	98600001	0.727596	1.01162	2
11	98650001	0.965994	1.01162	2
11	98700001	1.14135	1.01162	2
11	98750001	1.07094	1.01162	2
11	98800001	0.774941	1.01162	2
11	98850001	0.697347	1.01162	2
11	98900001	0.834028	1.01162	2
11	98950001	1.11378	1.01162	2
11	99000001	0.983444	1.01162	2
11	99050001	1.00453	1.01162	2
11	99100001	1.21823	1.01162	2
11	99150001	1.39864	1.01162	2
11	99200001	0.703956	1.01162	2
11	99250001	0.580335	1.01162	2
11	99300001	0.965906	1.01162	2
11	99350001	0.95881	1.01162	2
11	99400001	1.16221	1.01162	2
11	99450001	0.812426	1.01162	2
11	99500001	1.02246	1.01162	2
11	99550001	0.995537	1.01162	2
11	99600001	1.12295	1.01162	2
11	99650001	1.27809	1.01162	2
11	99700001	1.1102	1.01162	2
11	99750001	1.02604	1.01162	2
11	99800001	1.1984	1.01162	2
11	99850001	1.22003	1.01162	2
11	99900001	1.05005	1.01162	2
11	99950001	1.12747	1.01162	2
11	100000001	0.895836	1.01162	2
11	100050001	1.0692	1.01162	2
11	100100001	1.14664	1.01162	2
11	100150001	1.05582	1.01162	2
11	100200001	0.982284	1.01162	2
11	100250001	0.977282	1.01162	2
11	100300001	0.850218	1.01162	2
11	100350001	0.997633	1.01162	2
11	100400001	0.904415	1.01162	2
11	100450001	0.849117	1.01162	2
11	100500001	0.926874	1.01162	2
11	100550001	1.10843	1.01162	2
11	100600001	0.961294	1.01162	2
11	100650001	1.12256	1.01162	2
11	100700001	1.07674	1.01162	2
11	100750001	1.03269	1.01162	2
11	100800001	1.36983	1.01162	2
11	100850001	1.03809	1.01162	2
11	100900001	0.922264	1.01162	2
11	100950001	0.959723	1.01162	2
11	101000001	1.05808	1.01162	2
11	101050001	1.26119	1.01162	2
11	101100001	1.16559	1.01162	2
11	101150001	0.96331	1.01162	2
11	101200001	1.47025	1.01162	2
11	101250001	0.987004	1.01162	2
11	101300001	0.920484	1.01162	2
11	101350001	1.0836	1.01162	2
11	101400001	1.0061	1.01162	2
11	101450001	0.838563	1.01162	2
11	101500001	1.1588	1.01162	2
11	101550001	0.83549	1.01162	2
11	101600001	1.29986	1.01162	2
11	101650001	1.08345	1.01162	2
11	101700001	1.10965	1.01162	2
11	101750001	1.11127	1.01162	2
11	101800001	1.1717	1.01162	2
11	101850001	1.10946	1.01162	2
11	101900001	0.959807	1.01162	2
11	101950001	1.09426	1.01162	2
11	102000001	1.41621	1.01162	2
11	102050001	1.1619	1.01162	2
11	102100001	0.988584	1.01162	2
11	102150001	0.920464	1.01162	2
11	102200001	0.971672	1.01162	2
11	102250001	1.14406	1.01162	2
11	102300001	1.33946	1.01162	2
11	102350001	0.835816	1.01162	2
11	102400001	1.21594	1.01162	2
11	102450001	0.976126	1.01162	2
11	102500001	0.913751	1.01162	2
11	102550001	1.09499	1.01162	2
11	102600001	1.42578	1.01162	2
11	102650001	1.10436	1.01162	2
11	102700001	1.01162	1.01162	2
11	102750001	1.01331	1.01162	2
11	102800001	1.10352	1.01162	2
11	102850001	1.01581	1.01162	2
11	102900001	1.09746	1.01162	2
11	102950001	1.14914	1.01162	2
11	103000001	1.04731	1.01162	2
11	103050001	1.01791	1.01162	2
11	103100001	1.06006	1.01162	2
11	103150001	0.877741	1.01162	2
11	103200001	0.981667	1.01162	2
11	103250001	1.1647	1.01162	2
11	103300001	1.20722	1.01162	2
11	103350001	1.11018	1.01162	2
11	103400001	0.797884	1.01162	2
11	103450001	0.710072	1.01162	2
11	103500001	0.790918	1.01162	2
11	103550001	0.989293	1.01162	2
11	103600001	0.915589	1.01162	2
11	103650001	1.13754	1.01162	2
11	103700001	1.2402	1.01162	2
11	103750001	0.852227	1.01162	2
11	103800001	0.798044	1.01162	2
11	103850001	0.965831	1.01162	2
11	103900001	0.678878	1.01162	2
11	103950001	0.805996	1.01162	2
11	104000001	0.807908	1.01162	2
11	104050001	1.195	1.01162	2
11	104100001	1.21392	1.01162	2
11	104150001	0.847118	1.01162	2
11	104200001	0.97778	1.01162	2
11	104250001	0.738767	1.01162	2
11	104300001	1.27034	1.01162	2
11	104350001	0.974527	1.01162	2
11	104400001	1.18385	1.01162	2
11	104450001	1.17052	1.01162	2
11	104500001	1.052	1.01162	2
11	104550001	1.05001	1.01162	2
11	104600001	0.793806	1.01162	2
11	104650001	0.976767	1.01162	2
11	104700001	1.13838	1.01162	2
11	104750001	0.972854	1.01162	2
11	104800001	1.06617	1.01162	2
11	104850001	0.87458	1.01162	2
11	104900001	0.981832	1.01162	2
11	104950001	1.06099	1.01162	2
11	105000001	0.979127	1.01162	2
11	105050001	0.902581	1.01162	2
11	105100001	0.772507	1.01162	2
11	105150001	0.796888	1.01162	2
11	105200001	0.997036	1.01162	2
11	105250001	1.1461	1.01162	2
11	105300001	1.01451	1.01162	2
11	105350001	1.13262	1.01162	2
11	105400001	1.09935	1.01162	2
11	105450001	0.863099	1.01162	2
11	105500001	0.840274	1.01162	2
11	105550001	0.938409	1.01162	2
11	105600001	1.03544	1.01162	2
11	105650001	1.26975	1.01162	2
11	105700001	0.707907	1.01162	2
11	105750001	1.11727	1.01162	2
11	105800001	1.01458	1.01162	2
11	105850001	0.680558	1.01162	2
11	105900001	1.18531	1.01162	2
11	105950001	1.16386	1.01162	2
11	106000001	1.05222	1.01162	2
11	106050001	0.825099	1.01162	2
11	106100001	1.04143	1.01162	2
11	106150001	0.937695	1.01162	2
11	106200001	0.934599	1.01162	2
11	106250001	1.00717	1.01162	2
11	106300001	1.37499	1.01162	2
11	106350001	0.98932	1.01162	2
11	106400001	0.992164	1.01162	2
11	106450001	0.802547	1.01162	2
11	106500001	1.18785	1.01162	2
11	106550001	0.988187	1.01162	2
11	106600001	0.721285	1.01162	2
11	106650001	1.21082	1.01162	2
11	106700001	0.891358	1.01162	2
11	106750001	1.04059	1.01162	2
11	106800001	0.897263	1.01162	2
11	106850001	0.785295	1.01162	2
11	106900001	0.820203	1.01162	2
11	106950001	0.93522	1.01162	2
11	107000001	0.959587	1.01162	2
11	107050001	1.07665	1.01162	2
11	107100001	1.02437	1.01162	2
11	107150001	0.697456	1.01162	2
11	107200001	1.03391	1.01162	2
11	107250001	1.27286	1.01162	2
11	107300001	1.10163	1.01162	2
11	107350001	0.909185	1.01162	2
11	107400001	0.864477	1.01162	2
11	107450001	1.48765	1.01162	2
11	107500001	0.761265	1.01162	2
11	107550001	1.23728	1.01162	2
11	107600001	0.661143	1.01162	2
11	107650001	0.889505	1.01162	2
11	107700001	0.697924	1.01162	2
11	107750001	0.925293	1.01162	2
11	107800001	1.07183	1.01162	2
11	107850001	0.993362	1.01162	2
11	107900001	1.10052	1.01162	2
11	107950001	0.876756	1.01162	2
11	108000001	1.19538	1.01162	2
11	108050001	1.02265	1.01162	2
11	108100001	0.850287	1.01162	2
11	108150001	0.901863	1.01162	2
11	108200001	1.20238	1.01162	2
11	108250001	1.10319	1.01162	2
11	108300001	1.16719	1.01162	2
11	108350001	0.967446	1.01162	2
11	108400001	0.870915	1.01162	2
11	108450001	1.21353	1.01162	2
11	108500001	1.18253	1.01162	2
11	108550001	1.04556	1.01162	2
11	108600001	0.94759	1.01162	2
11	108650001	1.16488	1.01162	2
11	108700001	1.01975	1.01162	2
11	108750001	1.52482	1.01162	2
11	108800001	0.968754	1.01162	2
11	108850001	1.07249	1.01162	2
11	108900001	0.717829	1.01162	2
11	108950001	1.19741	1.01162	2
11	109000001	1.0872	1.01162	2
11	109050001	1.13637	1.01162	2
11	109100001	0.881101	1.01162	2
11	109150001	0.997065	1.01162	2
11	109200001	1.11788	1.01162	2
11	109250001	0.87058	1.01162	2
11	109300001	1.03969	1.01162	2
11	109350001	0.888259	1.01162	2
11	109400001	1.59288	1.01162	2
11	109450001	1.04612	1.01162	2
11	109500001	1.05721	1.01162	2
11	109550001	0.992369	1.01162	2
11	109600001	0.751684	1.01162	2
11	109650001	1.02663	1.01162	2
11	109700001	1.23722	1.01162	2
11	109750001	1.11112	1.01162	2
11	109800001	1.03315	1.01162	2
11	109850001	1.06908	1.01162	2
11	109900001	1.26803	1.01162	2
11	109950001	0.938599	1.01162	2
11	110000001	1.22119	1.01162	2
11	110050001	0.903906	1.01162	2
11	110100001	1.07031	1.01162	2
11	110150001	1.01689	1.01162	2
11	110200001	0.982915	1.01162	2
11	110250001	0.983682	1.01162	2
11	110300001	0.917436	1.01162	2
11	110350001	0.795183	1.01162	2
11	110400001	1.33528	1.01162	2
11	110450001	0.878193	1.01162	2
11	110500001	0.937467	1.01162	2
11	110550001	1.21313	1.01162	2
11	110600001	1.20013	1.01162	2
11	110650001	1.16931	1.01162	2
11	110700001	1.18709	1.01162	2
11	110750001	1.00726	1.01162	2
11	110800001	1.46646	1.01162	2
11	110850001	0.806243	1.01162	2
11	110900001	1.23503	1.01162	2
11	110950001	1.03238	1.01162	2
11	111000001	1.10654	1.01162	2
11	111050001	1.08533	1.01162	2
11	111100001	1.22998	1.01162	2
11	111150001	0.968679	1.01162	2
11	111200001	1.09717	1.01162	2
11	111250001	1.48229	1.01162	2
11	111300001	1.14934	1.01162	2
11	111350001	1.28486	1.01162	2
11	111400001	0.934457	1.01162	2
11	111450001	1.08436	1.01162	2
11	111500001	1.22399	1.01162	2
11	111550001	1.01302	1.01162	2
11	111600001	0.794713	1.01162	2
11	111650001	1.16267	1.01162	2
11	111700001	0.923926	1.01162	2
11	111750001	1.07843	1.01162	2
11	111800001	1.34299	1.01162	2
11	111850001	0.921544	1.01162	2
11	111900001	0.816432	1.01162	2
11	111950001	0.970946	1.01162	2
11	112000001	1.20638	1.01162	2
11	112050001	1.05559	1.01162	2
11	112100001	1.47175	1.01162	2
11	112150001	1.08702	1.01162	2
11	112200001	0.989553	1.01162	2
11	112250001	0.942219	1.01162	2
11	112300001	1.22658	1.01162	2
11	112350001	0.872874	1.01162	2
11	112400001	1.04518	1.01162	2
11	112450001	0.918137	1.01162	2
11	112500001	1.0353	1.01162	2
11	112550001	1.1382	1.01162	2
11	112600001	1.10499	1.01162	2
11	112650001	1.29848	1.01162	2
11	112700001	1.18564	1.01162	2
11	112750001	1.36802	1.01162	2
11	112800001	1.17181	1.01162	2
11	112850001	1.35832	1.01162	2
11	112900001	0.978154	1.01162	2
11	112950001	1.15337	1.01162	2
11	113000001	1.23914	1.01162	2
11	113050001	1.0887	1.01162	2
11	113100001	0.998568	1.01162	2
11	113150001	1.01713	1.01162	2
11	113200001	1.1512	1.01162	2
11	113250001	0.933762	1.01162	2
11	113300001	0.723111	1.01162	2
11	113350001	1.31433	1.01162	2
11	113400001	1.14687	1.01162	2
11	113450001	1.2182	1.01162	2
11	113500001	0.845549	1.01162	2
11	113550001	0.816387	1.01162	2
11	113600001	1.43542	1.01162	2
11	113650001	0.919822	1.01162	2
11	113700001	1.02227	1.01162	2
11	113750001	0.99336	1.01162	2
11	113800001	0.8526	1.01162	2
11	113850001	0.94774	1.01162	2
11	113900001	0.867304	1.01162	2
11	113950001	0.928748	1.01162	2
11	114000001	0.786482	1.01162	2
11	114050001	0.782825	1.01162	2
11	114100001	0.954049	1.01162	2
11	114150001	1.01767	1.01162	2
11	114200001	1.2356	1.01162	2
11	114250001	0.987212	1.01162	2
11	114300001	1.33929	1.01162	2
11	114350001	1.33728	1.01162	2
11	114400001	1.15489	1.01162	2
11	114450001	1.21361	1.01162	2
11	114500001	1.17935	1.01162	2
11	114550001	1.00449	1.01162	2
11	114600001	1.14271	1.01162	2
11	114650001	1.04473	1.01162	2
11	114700001	0.886251	1.01162	2
11	114750001	1.03127	1.01162	2
11	114800001	0.963148	1.01162	2
11	114850001	1.10243	1.01162	2
11	114900001	0.979339	1.01162	2
11	114950001	1.25362	1.01162	2
11	115000001	0.924988	1.01162	2
11	115050001	0.994949	1.01162	2
11	115100001	1.03957	1.01162	2
11	115150001	1.16993	1.01162	2
11	115200001	0.943876	1.01162	2
11	115250001	1.04165	1.01162	2
11	115300001	1.02203	1.01162	2
11	115350001	1.18751	1.01162	2
11	115400001	0.776857	1.01162	2
11	115450001	1.06014	1.01162	2
11	115500001	0.920718	1.01162	2
11	115550001	1.26615	1.01162	2
11	115600001	0.832329	1.01162	2
11	115650001	0.905451	1.01162	2
11	115700001	1.60333	1.01162	2
11	115750001	0.939509	1.01162	2
11	115800001	1.35299	1.01162	2
11	115850001	0.937794	1.01162	2
11	115900001	1.26006	1.01162	2
11	115950001	1.12861	1.01162	2
11	116000001	1.26801	1.01162	2
11	116050001	1.02775	1.01162	2
11	116100001	1.08485	1.01162	2
11	116150001	0.94491	1.01162	2
11	116200001	0.959251	1.01162	2
11	116250001	0.713881	1.01162	2
11	116300001	0.833276	1.01162	2
11	116350001	0.945258	1.01162	2
11	116400001	0.955523	1.01162	2
11	116450001	0.785853	1.01162	2
11	116500001	1.17447	1.01162	2
11	116550001	0.731713	1.01162	2
11	116600001	1.22397	1.01162	2
11	116650001	0.95495	1.01162	2
11	116700001	1.17272	1.01162	2
11	116750001	1.35477	1.01162	2
11	116800001	1.5462	1.01162	2
11	116850001	1.79876	1.01162	2
11	116900001	1.60739	1.01162	2
11	116950001	1.01948	1.01162	2
11	117000001	1.01082	1.01162	2
11	117050001	0.515928	1.01162	2
11	117100001	1.34759	1.01162	2
11	117150001	0.970987	1.01162	2
11	117200001	1.16883	1.01162	2
11	117250001	0.979386	1.01162	2
11	117300001	0.583826	1.01162	2
11	117350001	0.594781	1.01162	2
11	117400001	0.898061	1.01162	2
11	117450001	0.979425	1.01162	2
11	117500001	1.22955	1.01162	2
11	117550001	0.783972	1.01162	2
11	117600001	0.872417	1.01162	2
11	117650001	0.749055	1.01162	2
11	117700001	0.613226	1.01162	2
11	117750001	0.837709	1.01162	2
11	117800001	1.00226	1.01162	2
11	117850001	0.798929	1.01162	2
11	117900001	1.05275	1.01162	2
11	117950001	1.11355	1.01162	2
11	118000001	1.07616	1.01162	2
11	118050001	0.978397	1.01162	2
11	118100001	1.45753	1.01162	2
11	118150001	1.29019	1.01162	2
11	118200001	1.18542	1.01162	2
11	118250001	1.9885	1.01162	2
11	118300001	1.19837	1.01162	2
11	118350001	1.01968	1.01162	2
11	118400001	0.936018	1.01162	2
11	118450001	0.914909	1.01162	2
11	118500001	0.985193	1.01162	2
11	118550001	0.863866	1.01162	2
11	118600001	0.947012	1.01162	2
11	118650001	1.25659	1.01162	2
11	118700001	1.09199	1.01162	2
11	118750001	0.557178	1.01162	2
11	118800001	0.823202	1.01162	2
11	118850001	0.985621	1.01162	2
11	118900001	0.736518	1.01162	2
11	118950001	0.836974	1.01162	2
11	119000001	0.891872	1.01162	2
11	119050001	1.1658	1.01162	2
11	119100001	1.7262	1.01162	2
11	119150001	1.24164	1.01162	2
11	119200001	0.766673	1.01162	2
11	119250001	1.32228	1.01162	2
11	119300001	0.982006	1.01162	2
11	119350001	0.78299	1.01162	2
11	119400001	0.915634	1.01162	2
11	119450001	0.815444	1.01162	2
11	119500001	0.605039	1.01162	2
11	119550001	0.650763	1.01162	2
11	119600001	1.37423	1.01162	2
11	119650001	0.843649	1.01162	2
11	119700001	0.715921	1.01162	2
11	119750001	0.998456	1.01162	2
11	119800001	0.848596	1.01162	2
11	119850001	1.09197	1.01162	2
11	119900001	0.852835	1.01162	2
11	119950001	0.8983	1.01162	2
11	120000001	1.21531	1.01162	2
11	120050001	0.867429	1.01162	2
11	120100001	0.806334	1.01162	2
11	120150001	1.37454	1.01162	2
11	120200001	1.18271	1.01162	2
11	120250001	1.34941	1.01162	2
11	120300001	1.21121	1.01162	2
11	120350001	1.03743	1.01162	2
11	120400001	0.557667	1.01162	2
11	120450001	0.877377	1.01162	2
11	120500001	0.946754	1.01162	2
11	120550001	0.706247	1.01162	2
11	120600001	1.06058	1.01162	2
11	120650001	0.961308	1.01162	2
11	120700001	0.923215	1.01162	2
11	120750001	0.944409	1.01162	2
11	120800001	0.995531	1.01162	2
11	120850001	1.03136	1.01162	2
11	120900001	1.15459	1.01162	2
11	120950001	1.09937	1.01162	2
11	121000001	0.971294	1.01162	2
11	121050001	0.793062	1.01162	2
11	121100001	1.01886	1.01162	2
11	121150001	0.905868	1.01162	2
11	121200001	1.02131	1.01162	2
11	121250001	1.21145	1.01162	2
11	121300001	0.985835	1.01162	2
11	121350001	1.00817	1.01162	2
11	121400001	0.830369	1.01162	2
11	121450001	0.776884	1.01162	2
11	121500001	0.95294	1.01162	2
11	121550001	1.31498	1.01162	2
11	121600001	1.2598	1.01162	2
11	121650001	1.07447	1.01162	2
11	121700001	1.03993	1.01162	2
11	121750001	0.986758	1.01162	2
11	121800001	0.79663	1.01162	2
11	121850001	1.29528	1.01162	2
11	121900001	1.11235	1.01162	2
11	121950001	1.15353	1.01162	2
11	122000001	1.0803	1.01162	2
11	122050001	1.21861	1.01162	2
11	122100001	1.01779	1.01162	2
11	122150001	1.12929	1.01162	2
11	122200001	0.91916	1.01162	2
11	122250001	1.29441	1.01162	2
11	122300001	0.990418	1.01162	2
11	122350001	1.27427	1.01162	2
11	122400001	0.769957	1.01162	2
11	122450001	0.923988	1.01162	2
11	122500001	1.44543	1.01162	2
11	122550001	0.998042	1.01162	2
11	122600001	0.748465	1.01162	2
11	122650001	1.12071	1.01162	2
11	122700001	1.53929	1.01162	2
11	122750001	0.832259	1.01162	2
11	122800001	1.21898	1.01162	2
11	122850001	0.77599	1.01162	2
11	122900001	1.08748	1.01162	2
11	122950001	1.31751	1.01162	2
11	123000001	0.861202	1.01162	2
11	123050001	0.950093	1.01162	2
11	123100001	1.01142	1.01162	2
11	123150001	0.742195	1.01162	2
11	123200001	0.788461	1.01162	2
11	123250001	0.81169	1.01162	2
11	123300001	0.877217	1.01162	2
11	123350001	0.995917	1.01162	2
11	123400001	0.865822	1.01162	2
11	123450001	1.09192	1.01162	2
11	123500001	0.900089	1.01162	2
11	123550001	1.01454	1.01162	2
11	123600001	0.924524	1.01162	2
11	123650001	1.01092	1.01162	2
11	123700001	0.920515	1.01162	2
11	123750001	0.955135	1.01162	2
11	123800001	1.25262	1.01162	2
11	123850001	0.86763	1.01162	2
11	123900001	0.904043	1.01162	2
11	123950001	1.12545	1.01162	2
11	124000001	1.25436	1.01162	2
11	124050001	0.950701	1.01162	2
11	124100001	1.09846	1.01162	2
11	124150001	1.19008	1.01162	2
11	124200001	1.0374	1.01162	2
11	124250001	1.28682	1.01162	2
11	124300001	1.13594	1.01162	2
11	124350001	1.18405	1.01162	2
11	124400001	1.23983	1.01162	2
11	124450001	1.02863	1.01162	2
11	124500001	1.06303	1.01162	2
11	124550001	1.11265	1.01162	2
11	124600001	0.893947	1.01162	2
11	124650001	1.34998	1.01162	2
11	124700001	0.891212	1.01162	2
11	124750001	0.731219	1.01162	2
11	124800001	0.994292	1.01162	2
11	124850001	1.3826	1.01162	2
11	124900001	0.939379	1.01162	2
11	124950001	0.975968	1.01162	2
11	125000001	0.942442	1.01162	2
11	125050001	0.889188	1.01162	2
11	125100001	0.750191	1.01162	2
11	125150001	0.99931	1.01162	2
11	125200001	0.977157	1.01162	2
11	125250001	0.843004	1.01162	2
11	125300001	0.609377	1.01162	2
11	125350001	0.80438	1.01162	2
11	125400001	1.10195	1.01162	2
11	125450001	1.14397	1.01162	2
11	125500001	1.09809	1.01162	2
11	125550001	0.950901	1.01162	2
11	125600001	1.06825	1.01162	2
11	125650001	1.23863	1.01162	2
11	125700001	1.34726	1.01162	2
11	125750001	0.966757	1.01162	2
11	125800001	1.44804	1.01162	2
11	125850001	1.35455	1.01162	2
11	125900001	1.31745	1.01162	2
11	125950001	0.769971	1.01162	2
11	126000001	0.561772	1.01162	2
11	126050001	0.945383	1.01162	2
11	126100001	1.1368	1.01162	2
11	126150001	0.977568	1.01162	2
11	126200001	0.857078	1.01162	2
11	126250001	0.811926	1.01162	2
11	126300001	0.611696	1.01162	2
11	126350001	0.778034	1.01162	2
11	126400001	0.727328	1.01162	2
11	126450001	1.03191	1.01162	2
11	126500001	1.11084	1.01162	2
11	126550001	0.882545	1.01162	2
11	126600001	1.22349	1.01162	2
11	126650001	0.952078	1.01162	2
11	126700001	0.821068	1.01162	2
11	126750001	1.31782	1.01162	2
11	126800001	1.3288	1.01162	2
11	126850001	0.787397	1.01162	2
11	126900001	0.608604	1.01162	2
11	126950001	0.881807	1.01162	2
11	127000001	1.10009	1.01162	2
11	127050001	1.01278	1.01162	2
11	127100001	1.09184	1.01162	2
11	127150001	0.974464	1.01162	2
11	127200001	0.972474	1.01162	2
11	127250001	1.00133	1.01162	2
11	127300001	1.22001	1.01162	2
11	127350001	1.0872	1.01162	2
11	127400001	0.84466	1.01162	2
11	127450001	1.02352	1.01162	2
11	127500001	0.838451	1.01162	2
11	127550001	1.08372	1.01162	2
11	127600001	1.21935	1.01162	2
11	127650001	1.04314	1.01162	2
11	127700001	0.94782	1.01162	2
11	127750001	1.08865	1.01162	2
11	127800001	1.20151	1.01162	2
11	127850001	1.01593	1.01162	2
11	127900001	1.35406	1.01162	2
11	127950001	1.40943	1.01162	2
11	128000001	0.880212	1.01162	2
11	128050001	0.957751	1.01162	2
11	128100001	0.959594	1.01162	2
11	128150001	1.12586	1.01162	2
11	128200001	1.3028	1.01162	2
11	128250001	1.50986	1.01162	2
11	128300001	1.20485	1.01162	2
11	128350001	1.3284	1.01162	2
11	128400001	0.998402	1.01162	2
11	128450001	0.824435	1.01162	2
11	128500001	0.843767	1.01162	2
11	128550001	0.696869	1.01162	2
11	128600001	0.855663	1.01162	2
11	128650001	0.87742	1.01162	2
11	128700001	0.770308	1.01162	2
11	128750001	0.923931	1.01162	2
11	128800001	1.16789	1.01162	2
11	128850001	0.978361	1.01162	2
11	128900001	1.35971	1.01162	2
11	128950001	1.42473	1.01162	2
11	129000001	1.1784	1.01162	2
11	129050001	1.53356	1.01162	2
11	129100001	1.31438	1.01162	2
11	129150001	1.07167	1.01162	2
11	129200001	1.15906	1.01162	2
11	129250001	0.755535	1.01162	2
11	129300001	1.22902	1.01162	2
11	129350001	1.18213	1.01162	2
11	129400001	1.02828	1.01162	2
11	129450001	1.06189	1.01162	2
11	129500001	1.57563	1.01162	2
11	129550001	1.59055	1.01162	2
11	129600001	0.951905	1.01162	2
11	129650001	0.989798	1.01162	2
11	129700001	1.02856	1.01162	2
11	129750001	1.33882	1.01162	2
11	129800001	1.58593	1.01162	2
11	129850001	1.01149	1.01162	2
11	129900001	0.780005	1.01162	2
11	129950001	0.922708	1.01162	2
11	130000001	0.771955	1.01162	2
11	130050001	0.48999	1.01162	2
11	130100001	0.979852	1.01162	2
11	130150001	1.09599	1.01162	2
11	130200001	1.01932	1.01162	2
11	130250001	1.00615	1.01162	2
11	130300001	0.875149	1.01162	2
11	130350001	0.757365	1.01162	2
11	130400001	0.753355	1.01162	2
11	130450001	0.884721	1.01162	2
11	130500001	1.15788	1.01162	2
11	130550001	0.821623	1.01162	2
11	130600001	0.878711	1.01162	2
11	130650001	0.892498	1.01162	2
11	130700001	0.829266	1.01162	2
11	130750001	1.05801	1.01162	2
11	130800001	1.05622	1.01162	2
11	130850001	0.922424	1.01162	2
11	130900001	1.17796	1.01162	2
11	130950001	1.12283	1.01162	2
11	131000001	1.31655	1.01162	2
11	131050001	0.935278	1.01162	2
11	131100001	0.953964	1.01162	2
11	131150001	1.23404	1.01162	2
11	131200001	1.05783	1.01162	2
11	131250001	1.07052	1.01162	2
11	131300001	0.699233	1.01162	2
11	131350001	1.03113	1.01162	2
11	131400001	0.845299	1.01162	2
11	131450001	0.708183	1.01162	2
11	131500001	0.79873	1.01162	2
11	131550001	0.842123	1.01162	2
11	131600001	0.826577	1.01162	2
11	131650001	1.17915	1.01162	2
11	131700001	0.85313	1.01162	2
11	131750001	0.764174	1.01162	2
11	131800001	1.15395	1.01162	2
11	131850001	0.97238	1.01162	2
11	131900001	0.953771	1.01162	2
11	131950001	0.991221	1.01162	2
11	132000001	0.767924	1.01162	2
11	132050001	1.0355	1.01162	2
11	132100001	1.12174	1.01162	2
11	132150001	0.858779	1.01162	2
11	132200001	1.01721	1.01162	2
11	132250001	1.27504	1.01162	2
11	132300001	1.17108	1.01162	2
11	132350001	1.04557	1.01162	2
11	132400001	1.00591	1.01162	2
11	132450001	1.09667	1.01162	2
11	132500001	1.07114	1.01162	2
11	132550001	0.844731	1.01162	2
11	132600001	1.15371	1.01162	2
11	132650001	1.11273	1.01162	2
11	132700001	1.18081	1.01162	2
11	132750001	0.939542	1.01162	2
11	132800001	1.0942	1.01162	2
11	132850001	0.894516	1.01162	2
11	132900001	0.994052	1.01162	2
11	132950001	0.797655	1.01162	2
11	133000001	0.907332	1.01162	2
11	133050001	0.797576	1.01162	2
11	133100001	1.10624	1.01162	2
11	133150001	1.20633	1.01162	2
11	133200001	0.882958	1.01162	2
11	133250001	1.0603	1.01162	2
11	133300001	1.67057	1.01162	2
11	133350001	1.28667	1.01162	2
11	133400001	0.827057	1.01162	2
11	133450001	1.01494	1.01162	2
11	133500001	1.06603	1.01162	2
11	133550001	0.938452	1.01162	2
11	133600001	1.18472	1.01162	2
11	133650001	0.931959	1.01162	2
11	133700001	1.11616	1.01162	2
11	133750001	0.858879	1.01162	2
11	133800001	0.546476	1.01162	2
11	133850001	0.738249	1.01162	2
11	133900001	0.903443	1.01162	2
11	133950001	0.63812	1.01162	2
11	134000001	1.23966	1.01162	2
11	134050001	0.929761	1.01162	2
11	134100001	0.881681	1.01162	2
11	134150001	0.905285	1.01162	2
11	134200001	0.697613	1.01162	2
11	134250001	0.656645	1.01162	2
11	134300001	0.765617	1.01162	2
11	134350001	0.820022	1.01162	2
11	134400001	0.795745	1.01162	2
11	134450001	1.35788	1.01162	2
11	134500001	-1	-1	2
11	134550001	-1	-1	2
11	134600001	-1	-1	2
11	134650001	-1	-1	2
11	134700001	-1	-1	2
11	134750001	-1	-1	2
11	134800001	-1	-1	2
11	134850001	-1	-1	2
11	134900001	-1	-1	2
11	134950001	-1	-1	2
11	135000001	-1	-1	2
