Chromosome	Start	Ratio	MedianRatio	CopyNumber
12	1	-1	-1	2
12	50001	1.53741	1.53741	3
12	100001	0.111966	0.111966	0
12	150001	2.23135	2.23135	4
12	200001	0.866764	0.946068	2
12	250001	0.518389	0.946068	2
12	300001	0.521019	0.946068	2
12	350001	1.08973	0.946068	2
12	400001	1.19007	0.946068	2
12	450001	1.00787	0.946068	2
12	500001	1.19376	0.946068	2
12	550001	1.05653	0.946068	2
12	600001	0.722005	0.946068	2
12	650001	0.849923	0.946068	2
12	700001	0.887434	0.946068	2
12	750001	0.948382	0.946068	2
12	800001	0.973384	0.946068	2
12	850001	0.76448	0.946068	2
12	900001	1.17899	0.946068	2
12	950001	1.21476	0.946068	2
12	1000001	1.17746	0.946068	2
12	1050001	1.09998	0.946068	2
12	1100001	0.915322	0.946068	2
12	1150001	0.829393	0.946068	2
12	1200001	1.05813	0.946068	2
12	1250001	0.798854	0.946068	2
12	1300001	1.0199	0.946068	2
12	1350001	1.00255	0.946068	2
12	1400001	0.987428	0.946068	2
12	1450001	1.21874	0.946068	2
12	1500001	1.13752	0.946068	2
12	1550001	1.0637	0.946068	2
12	1600001	0.619206	0.946068	2
12	1650001	0.838428	0.946068	2
12	1700001	0.869902	0.946068	2
12	1750001	1.20463	0.946068	2
12	1800001	1.12605	0.946068	2
12	1850001	1.47998	0.946068	2
12	1900001	0.662596	0.946068	2
12	1950001	0.647926	0.946068	2
12	2000001	0.868412	0.946068	2
12	2050001	1.44295	0.946068	2
12	2100001	1.02327	0.946068	2
12	2150001	1.08537	0.946068	2
12	2200001	0.879501	0.946068	2
12	2250001	1.03296	0.946068	2
12	2300001	0.877217	0.946068	2
12	2350001	0.970385	0.946068	2
12	2400001	0.847929	0.946068	2
12	2450001	1.0542	0.946068	2
12	2500001	0.864388	0.946068	2
12	2550001	0.729924	0.946068	2
12	2600001	0.869069	0.946068	2
12	2650001	0.90638	0.946068	2
12	2700001	0.760481	0.946068	2
12	2750001	0.694287	0.946068	2
12	2800001	1.2196	0.946068	2
12	2850001	1.06124	0.946068	2
12	2900001	0.669727	0.946068	2
12	2950001	1.07374	0.946068	2
12	3000001	0.980454	0.946068	2
12	3050001	0.582933	0.946068	2
12	3100001	0.557703	0.946068	2
12	3150001	0.823389	0.946068	2
12	3200001	0.992848	0.946068	2
12	3250001	0.688027	0.946068	2
12	3300001	0.730479	0.946068	2
12	3350001	0.654647	0.946068	2
12	3400001	0.677533	0.946068	2
12	3450001	0.832269	0.946068	2
12	3500001	1.0427	0.946068	2
12	3550001	1.02739	0.946068	2
12	3600001	0.831572	0.946068	2
12	3650001	0.761761	0.946068	2
12	3700001	0.806394	0.946068	2
12	3750001	0.783622	0.946068	2
12	3800001	0.838218	0.946068	2
12	3850001	1.18177	0.946068	2
12	3900001	1.18429	0.946068	2
12	3950001	1.26497	0.946068	2
12	4000001	0.986158	0.946068	2
12	4050001	0.754344	0.946068	2
12	4100001	0.91305	0.946068	2
12	4150001	1.34566	0.946068	2
12	4200001	1.02084	0.946068	2
12	4250001	0.970709	0.946068	2
12	4300001	0.939021	0.946068	2
12	4350001	0.938021	0.946068	2
12	4400001	0.432166	0.946068	2
12	4450001	1.01512	0.946068	2
12	4500001	1.00559	0.946068	2
12	4550001	1.06861	0.946068	2
12	4600001	1.38052	0.946068	2
12	4650001	1.1388	0.946068	2
12	4700001	1.16643	0.946068	2
12	4750001	1.21571	0.946068	2
12	4800001	0.98794	0.946068	2
12	4850001	1.0056	0.946068	2
12	4900001	1.17739	0.946068	2
12	4950001	0.973029	0.946068	2
12	5000001	1.02835	0.946068	2
12	5050001	0.782128	0.946068	2
12	5100001	0.891278	0.946068	2
12	5150001	0.908557	0.946068	2
12	5200001	1.05802	0.946068	2
12	5250001	0.940933	0.946068	2
12	5300001	0.704377	0.946068	2
12	5350001	1.10153	0.946068	2
12	5400001	1.3811	0.946068	2
12	5450001	1.01211	0.946068	2
12	5500001	0.922736	0.946068	2
12	5550001	0.982613	0.946068	2
12	5600001	1.13595	0.946068	2
12	5650001	0.817258	0.946068	2
12	5700001	0.946068	0.946068	2
12	5750001	0.9128	0.946068	2
12	5800001	0.904761	0.946068	2
12	5850001	1.25319	0.946068	2
12	5900001	1.16828	0.946068	2
12	5950001	0.934004	0.946068	2
12	6000001	1.26541	0.946068	2
12	6050001	1.09417	0.946068	2
12	6100001	0.816465	0.946068	2
12	6150001	0.972683	0.946068	2
12	6200001	0.930433	0.946068	2
12	6250001	0.847155	0.946068	2
12	6300001	1.13545	0.946068	2
12	6350001	0.939699	0.946068	2
12	6400001	0.674855	0.946068	2
12	6450001	0.583793	0.946068	2
12	6500001	1.11546	0.946068	2
12	6550001	1.02077	0.946068	2
12	6600001	0.781354	0.946068	2
12	6650001	0.661851	0.946068	2
12	6700001	0.691485	0.946068	2
12	6750001	1.14246	0.946068	2
12	6800001	0.977805	0.946068	2
12	6850001	0.607401	0.946068	2
12	6900001	0.605642	0.946068	2
12	6950001	0.678256	0.946068	2
12	7000001	0.675898	0.946068	2
12	7050001	-1	0.946068	2
12	7100001	-1	0.946068	2
12	7150001	0.788092	0.946068	2
12	7200001	0.161724	0.946068	2
12	7250001	0.933716	0.946068	2
12	7300001	0.798601	0.946068	2
12	7350001	0.999865	0.946068	2
12	7400001	0.778034	0.946068	2
12	7450001	1.1201	0.946068	2
12	7500001	0.983931	0.946068	2
12	7550001	1.14762	0.946068	2
12	7600001	0.62848	0.946068	2
12	7650001	1.09693	0.946068	2
12	7700001	0.983214	0.946068	2
12	7750001	0.706164	0.946068	2
12	7800001	0.801387	0.946068	2
12	7850001	0.647751	0.946068	2
12	7900001	0.961112	0.946068	2
12	7950001	0.766384	0.946068	2
12	8000001	0.724579	0.946068	2
12	8050001	0.92343	0.946068	2
12	8100001	1.1285	0.946068	2
12	8150001	0.81781	0.946068	2
12	8200001	1.01421	0.946068	2
12	8250001	1.14177	0.946068	2
12	8300001	1.2918	0.946068	2
12	8350001	1.00351	0.946068	2
12	8400001	1.0502	0.946068	2
12	8450001	0.927414	0.946068	2
12	8500001	0.944735	0.946068	2
12	8550001	0.392448	0.946068	2
12	8600001	1.13302	0.946068	2
12	8650001	1.13826	0.946068	2
12	8700001	0.875557	0.946068	2
12	8750001	0.720661	0.946068	2
12	8800001	1.07279	0.946068	2
12	8850001	0.895051	0.946068	2
12	8900001	1.25379	0.946068	2
12	8950001	1.00856	0.946068	2
12	9000001	0.949639	0.946068	2
12	9050001	0.803718	0.946068	2
12	9100001	0.973529	0.946068	2
12	9150001	0.981525	0.946068	2
12	9200001	1.04831	0.946068	2
12	9250001	0.909782	0.946068	2
12	9300001	0.904285	0.946068	2
12	9350001	1.24213	0.946068	2
12	9400001	0.980689	0.946068	2
12	9450001	1.1422	0.946068	2
12	9500001	0.793825	0.946068	2
12	9550001	0.783181	0.946068	2
12	9600001	0.786466	0.946068	2
12	9650001	0.548049	0.946068	2
12	9700001	0.768986	0.946068	2
12	9750001	1.18057	1.02953	2
12	9800001	1.05962	1.02953	2
12	9850001	0.945332	1.02953	2
12	9900001	1.02739	1.02953	2
12	9950001	1.0603	1.02953	2
12	10000001	1.15178	1.02953	2
12	10050001	1.06486	1.02953	2
12	10100001	1.15701	1.02953	2
12	10150001	0.924278	1.02953	2
12	10200001	1.17366	1.02953	2
12	10250001	0.849952	1.02953	2
12	10300001	0.947022	1.02953	2
12	10350001	0.859695	1.02953	2
12	10400001	1.23704	1.02953	2
12	10450001	1.00936	1.02953	2
12	10500001	1.23896	1.02953	2
12	10550001	1.18655	1.02953	2
12	10600001	1.07669	1.02953	2
12	10650001	1.19738	1.02953	2
12	10700001	0.992823	1.02953	2
12	10750001	1.15858	1.02953	2
12	10800001	0.972454	1.02953	2
12	10850001	1.033	1.02953	2
12	10900001	0.997697	1.02953	2
12	10950001	1.37278	1.02953	2
12	11000001	1.02202	1.02953	2
12	11050001	0.758132	1.02953	2
12	11100001	0.986607	1.02953	2
12	11150001	1.14505	1.02953	2
12	11200001	0.558724	1.02953	2
12	11250001	0.830232	1.02953	2
12	11300001	1.06425	1.02953	2
12	11350001	1.14996	1.02953	2
12	11400001	1.24378	1.02953	2
12	11450001	0.892035	1.02953	2
12	11500001	1.16795	1.02953	2
12	11550001	0.945306	1.02953	2
12	11600001	1.14326	1.02953	2
12	11650001	0.986686	1.02953	2
12	11700001	1.09242	1.02953	2
12	11750001	1.13918	1.02953	2
12	11800001	1.2635	1.02953	2
12	11850001	1.16623	1.02953	2
12	11900001	1.10855	1.02953	2
12	11950001	0.979294	1.02953	2
12	12000001	0.849441	1.02953	2
12	12050001	1.09789	1.02953	2
12	12100001	1.04052	1.02953	2
12	12150001	0.95901	1.02953	2
12	12200001	0.759115	1.02953	2
12	12250001	0.865006	1.02953	2
12	12300001	1.04055	1.02953	2
12	12350001	1.3783	1.02953	2
12	12400001	1.01315	1.02953	2
12	12450001	0.76803	1.02953	2
12	12500001	0.981991	1.02953	2
12	12550001	1.12765	1.02953	2
12	12600001	0.949048	1.02953	2
12	12650001	1.02324	1.02953	2
12	12700001	0.900849	1.02953	2
12	12750001	1.17176	1.02953	2
12	12800001	1.07469	1.02953	2
12	12850001	0.99916	1.02953	2
12	12900001	1.01295	1.02953	2
12	12950001	1.17652	1.02953	2
12	13000001	0.9962	1.02953	2
12	13050001	1.04196	1.02953	2
12	13100001	1.1808	1.02953	2
12	13150001	1.15483	1.02953	2
12	13200001	1.15973	1.02953	2
12	13250001	0.990952	1.02953	2
12	13300001	1.22406	1.02953	2
12	13350001	1.40329	1.02953	2
12	13400001	1.14563	1.02953	2
12	13450001	0.993724	1.02953	2
12	13500001	1.01423	1.02953	2
12	13550001	1.1491	1.02953	2
12	13600001	1.02907	1.02953	2
12	13650001	1.21137	1.02953	2
12	13700001	1.0516	1.02953	2
12	13750001	1.0583	1.02953	2
12	13800001	1.0666	1.02953	2
12	13850001	1.14223	1.02953	2
12	13900001	1.0206	1.02953	2
12	13950001	1.03025	1.02953	2
12	14000001	1.08689	1.02953	2
12	14050001	1.20736	1.02953	2
12	14100001	0.913836	1.02953	2
12	14150001	0.956453	1.02953	2
12	14200001	1.12868	1.02953	2
12	14250001	1.29036	1.02953	2
12	14300001	1.12988	1.02953	2
12	14350001	0.836057	1.02953	2
12	14400001	0.680709	1.02953	2
12	14450001	0.954493	1.02953	2
12	14500001	1.26781	1.02953	2
12	14550001	1.0452	1.02953	2
12	14600001	1.0533	1.02953	2
12	14650001	1.02953	1.02953	2
12	14700001	1.01019	1.02953	2
12	14750001	1.10385	1.02953	2
12	14800001	0.693326	1.02953	2
12	14850001	1.0734	1.02953	2
12	14900001	1.03832	1.02953	2
12	14950001	1.0493	1.02953	2
12	15000001	1.32679	1.02953	2
12	15050001	0.861292	1.02953	2
12	15100001	0.929844	1.02953	2
12	15150001	0.907944	1.02953	2
12	15200001	1.05821	1.02953	2
12	15250001	1.46504	1.02953	2
12	15300001	0.921291	1.02953	2
12	15350001	1.22606	1.02953	2
12	15400001	0.950617	1.02953	2
12	15450001	1.15917	1.02953	2
12	15500001	0.758762	1.02953	2
12	15550001	1.30261	1.02953	2
12	15600001	1.09264	1.02953	2
12	15650001	0.763718	1.02953	2
12	15700001	1.08322	1.02953	2
12	15750001	0.937106	1.02953	2
12	15800001	1.02261	1.02953	2
12	15850001	0.89766	1.02953	2
12	15900001	1.16518	1.02953	2
12	15950001	1.11794	1.02953	2
12	16000001	1.16031	1.02953	2
12	16050001	0.880414	1.02953	2
12	16100001	0.8414	1.02953	2
12	16150001	1.18821	1.02953	2
12	16200001	1.03326	1.02953	2
12	16250001	0.87349	1.02953	2
12	16300001	0.967625	1.02953	2
12	16350001	0.900066	1.02953	2
12	16400001	1.06627	1.02953	2
12	16450001	1.11146	1.02953	2
12	16500001	0.930317	1.02953	2
12	16550001	1.08843	1.02953	2
12	16600001	0.830077	1.02953	2
12	16650001	1.21395	1.02953	2
12	16700001	0.94925	1.02953	2
12	16750001	0.881169	1.02953	2
12	16800001	1.01114	1.02953	2
12	16850001	1.12978	1.02953	2
12	16900001	1.04569	1.02953	2
12	16950001	1.07125	1.02953	2
12	17000001	1.10779	1.02953	2
12	17050001	0.981249	1.02953	2
12	17100001	1.14042	1.02953	2
12	17150001	1.05143	1.02953	2
12	17200001	1.01892	1.02953	2
12	17250001	0.83572	1.02953	2
12	17300001	0.991165	1.02953	2
12	17350001	0.686307	1.02953	2
12	17400001	0.805298	1.02953	2
12	17450001	1.05218	1.02953	2
12	17500001	1.08688	1.02953	2
12	17550001	0.950279	1.02953	2
12	17600001	1.128	1.02953	2
12	17650001	0.806218	1.02953	2
12	17700001	1.10805	1.02953	2
12	17750001	0.943924	1.02953	2
12	17800001	0.741281	1.02953	2
12	17850001	1.0448	1.02953	2
12	17900001	0.912532	1.02953	2
12	17950001	1.11458	1.02953	2
12	18000001	0.941409	1.02953	2
12	18050001	0.981169	1.02953	2
12	18100001	0.785571	1.02953	2
12	18150001	1.06429	1.02953	2
12	18200001	1.11931	1.02953	2
12	18250001	0.937692	1.02953	2
12	18300001	1.01072	1.02953	2
12	18350001	1.02664	1.02953	2
12	18400001	0.839453	1.02953	2
12	18450001	1.07535	1.02953	2
12	18500001	0.884914	1.02953	2
12	18550001	0.88313	1.02953	2
12	18600001	0.984873	1.02953	2
12	18650001	0.871313	1.02953	2
12	18700001	0.847796	1.02953	2
12	18750001	0.904128	1.02953	2
12	18800001	0.790374	1.02953	2
12	18850001	1.11617	1.02953	2
12	18900001	0.941811	1.02953	2
12	18950001	0.968058	1.02953	2
12	19000001	0.996403	1.02953	2
12	19050001	0.805675	1.02953	2
12	19100001	1.13296	1.02953	2
12	19150001	1.03561	1.02953	2
12	19200001	1.24237	1.02953	2
12	19250001	0.987337	1.02953	2
12	19300001	1.15318	1.02953	2
12	19350001	1.039	1.02953	2
12	19400001	1.25531	1.02953	2
12	19450001	1.0816	1.02953	2
12	19500001	0.877802	1.02953	2
12	19550001	0.95087	1.02953	2
12	19600001	1.22294	1.02953	2
12	19650001	0.928331	1.02953	2
12	19700001	1.06902	1.02953	2
12	19750001	0.824789	1.02953	2
12	19800001	0.819783	1.02953	2
12	19850001	1.12587	1.02953	2
12	19900001	1.01688	1.02953	2
12	19950001	1.0728	1.02953	2
12	20000001	1.39538	1.02953	2
12	20050001	1.20451	1.02953	2
12	20100001	1.46865	1.02953	2
12	20150001	0.797059	1.02953	2
12	20200001	0.824489	1.02953	2
12	20250001	0.986465	1.02953	2
12	20300001	0.891766	1.02953	2
12	20350001	1.09724	1.02953	2
12	20400001	0.939789	1.02953	2
12	20450001	1.02611	1.02953	2
12	20500001	1.15868	1.02953	2
12	20550001	1.16391	1.02953	2
12	20600001	0.907113	1.02953	2
12	20650001	0.868414	1.02953	2
12	20700001	1.27913	1.02953	2
12	20750001	0.990934	1.02953	2
12	20800001	0.853752	1.02953	2
12	20850001	1.06767	1.02953	2
12	20900001	0.928619	1.02953	2
12	20950001	1.05633	1.02953	2
12	21000001	0.749019	1.02953	2
12	21050001	0.760384	1.02953	2
12	21100001	0.99505	1.02953	2
12	21150001	0.952674	1.02953	2
12	21200001	1.04018	1.02953	2
12	21250001	1.30242	1.02953	2
12	21300001	1.23547	1.02953	2
12	21350001	0.983402	1.02953	2
12	21400001	1.04533	1.02953	2
12	21450001	1.2225	1.02953	2
12	21500001	1.12893	1.02953	2
12	21550001	0.82382	1.02953	2
12	21600001	0.904932	1.02953	2
12	21650001	1.21512	1.02953	2
12	21700001	0.951943	1.02953	2
12	21750001	0.922532	1.02953	2
12	21800001	0.76079	1.02953	2
12	21850001	1.1767	1.02953	2
12	21900001	0.924355	1.02953	2
12	21950001	1.03147	1.02953	2
12	22000001	1.05365	1.02953	2
12	22050001	0.980422	1.02953	2
12	22100001	1.16813	1.02953	2
12	22150001	1.23452	1.02953	2
12	22200001	0.964268	1.02953	2
12	22250001	0.941189	1.02953	2
12	22300001	1.3639	1.02953	2
12	22350001	0.819222	1.02953	2
12	22400001	0.806402	1.02953	2
12	22450001	0.7511	1.02953	2
12	22500001	1.18938	1.02953	2
12	22550001	0.793011	1.02953	2
12	22600001	1.16462	1.02953	2
12	22650001	0.902077	1.02953	2
12	22700001	1.21716	1.02953	2
12	22750001	1.16536	1.02953	2
12	22800001	1.04238	1.02953	2
12	22850001	1.206	1.02953	2
12	22900001	1.1466	1.02953	2
12	22950001	0.92221	1.02953	2
12	23000001	0.952016	1.02953	2
12	23050001	1.04741	1.02953	2
12	23100001	1.02093	1.02953	2
12	23150001	1.0332	1.02953	2
12	23200001	0.854701	1.02953	2
12	23250001	0.961895	1.02953	2
12	23300001	1.05502	1.02953	2
12	23350001	0.909398	1.02953	2
12	23400001	0.735566	1.02953	2
12	23450001	0.914974	1.02953	2
12	23500001	0.857926	1.02953	2
12	23550001	1.00079	1.02953	2
12	23600001	1.18456	1.02953	2
12	23650001	0.856264	1.02953	2
12	23700001	0.990639	1.02953	2
12	23750001	0.915932	1.02953	2
12	23800001	0.962807	1.02953	2
12	23850001	1.03818	1.02953	2
12	23900001	0.988187	1.02953	2
12	23950001	1.07395	1.02953	2
12	24000001	1.17387	1.02953	2
12	24050001	1.16009	1.02953	2
12	24100001	0.964693	1.02953	2
12	24150001	1.10703	1.02953	2
12	24200001	1.06533	1.02953	2
12	24250001	1.07359	1.02953	2
12	24300001	0.826594	1.02953	2
12	24350001	0.951134	1.02953	2
12	24400001	1.17447	1.02953	2
12	24450001	1.08038	1.02953	2
12	24500001	0.95601	1.02953	2
12	24550001	1.03439	1.02953	2
12	24600001	1.19987	1.02953	2
12	24650001	1.03845	1.02953	2
12	24700001	1.10803	1.02953	2
12	24750001	1.16389	1.02953	2
12	24800001	1.20677	1.02953	2
12	24850001	0.761886	1.02953	2
12	24900001	1.33661	1.02953	2
12	24950001	0.997714	1.02953	2
12	25000001	1.21728	1.02953	2
12	25050001	1.09582	1.02953	2
12	25100001	1.011	1.02953	2
12	25150001	1.01469	1.02953	2
12	25200001	0.804144	1.02953	2
12	25250001	1.09799	1.02953	2
12	25300001	1.1264	1.02953	2
12	25350001	1.1091	1.02953	2
12	25400001	1.18293	1.02953	2
12	25450001	0.860717	1.02953	2
12	25500001	0.806396	1.02953	2
12	25550001	1.1619	1.02953	2
12	25600001	0.892218	1.02953	2
12	25650001	1.23397	1.02953	2
12	25700001	1.23721	1.02953	2
12	25750001	1.00734	1.02953	2
12	25800001	0.923556	1.02953	2
12	25850001	1.34731	1.02953	2
12	25900001	1.31095	1.02953	2
12	25950001	1.42982	1.02953	2
12	26000001	1.05674	1.02953	2
12	26050001	1.06844	1.02953	2
12	26100001	0.83427	1.02953	2
12	26150001	0.978566	1.02953	2
12	26200001	0.968763	1.02953	2
12	26250001	0.999061	1.02953	2
12	26300001	1.08131	1.02953	2
12	26350001	1.24072	1.02953	2
12	26400001	1.03831	1.02953	2
12	26450001	0.965812	1.02953	2
12	26500001	0.960174	1.02953	2
12	26550001	0.977038	1.02953	2
12	26600001	0.991574	1.02953	2
12	26650001	0.924595	1.02953	2
12	26700001	0.933878	1.02953	2
12	26750001	1.24528	1.02953	2
12	26800001	1.24149	1.02953	2
12	26850001	1.40665	1.02953	2
12	26900001	0.992191	1.02953	2
12	26950001	1.28363	1.02953	2
12	27000001	0.74707	1.02953	2
12	27050001	1.17779	1.02953	2
12	27100001	0.911914	1.02953	2
12	27150001	0.982498	1.02953	2
12	27200001	0.982074	1.02953	2
12	27250001	1.03895	1.02953	2
12	27300001	1.46527	1.02953	2
12	27350001	1.3172	1.02953	2
12	27400001	1.02409	1.02953	2
12	27450001	1.13416	1.02953	2
12	27500001	1.06295	1.02953	2
12	27550001	1.19561	1.02953	2
12	27600001	1.00643	1.02953	2
12	27650001	0.977242	1.02953	2
12	27700001	1.02227	1.02953	2
12	27750001	1.17112	1.02953	2
12	27800001	1.03353	1.02953	2
12	27850001	1.04277	1.02953	2
12	27900001	0.825651	1.02953	2
12	27950001	1.33473	1.02953	2
12	28000001	0.995466	1.02953	2
12	28050001	1.04948	1.02953	2
12	28100001	1.07259	1.02953	2
12	28150001	1.02194	1.02953	2
12	28200001	0.94908	1.02953	2
12	28250001	1.24229	1.02953	2
12	28300001	0.961299	1.02953	2
12	28350001	0.941453	1.02953	2
12	28400001	0.754938	1.02953	2
12	28450001	1.46102	1.02953	2
12	28500001	1.13733	1.02953	2
12	28550001	0.922204	1.02953	2
12	28600001	0.844012	1.02953	2
12	28650001	1.19838	1.02953	2
12	28700001	1.0204	1.02953	2
12	28750001	1.20339	1.02953	2
12	28800001	0.904135	1.02953	2
12	28850001	0.900257	1.02953	2
12	28900001	0.990128	1.02953	2
12	28950001	1.24973	1.02953	2
12	29000001	1.16337	1.02953	2
12	29050001	1.13478	1.02953	2
12	29100001	1.03805	1.02953	2
12	29150001	1.00015	1.02953	2
12	29200001	1.29135	1.02953	2
12	29250001	1.0695	1.02953	2
12	29300001	1.0493	1.02953	2
12	29350001	1.27482	1.02953	2
12	29400001	0.995118	1.02953	2
12	29450001	0.748298	1.02953	2
12	29500001	0.876278	1.02953	2
12	29550001	1.06694	1.02953	2
12	29600001	0.984486	1.02953	2
12	29650001	1.00564	1.02953	2
12	29700001	1.25527	1.02953	2
12	29750001	1.22146	1.02953	2
12	29800001	0.736925	1.02953	2
12	29850001	1.15211	1.02953	2
12	29900001	0.867575	1.02953	2
12	29950001	0.952684	1.02953	2
12	30000001	0.885032	1.02953	2
12	30050001	1.14553	1.02953	2
12	30100001	0.952386	1.02953	2
12	30150001	1.02099	1.02953	2
12	30200001	0.837968	1.02953	2
12	30250001	1.08185	1.02953	2
12	30300001	1.13779	1.02953	2
12	30350001	1.02417	1.02953	2
12	30400001	0.886565	1.02953	2
12	30450001	0.671896	1.02953	2
12	30500001	0.629651	1.02953	2
12	30550001	1.14179	1.02953	2
12	30600001	1.16532	1.02953	2
12	30650001	1.14336	1.02953	2
12	30700001	0.975586	1.02953	2
12	30750001	1.05565	1.02953	2
12	30800001	1.15741	1.02953	2
12	30850001	0.994609	1.02953	2
12	30900001	1.17371	1.02953	2
12	30950001	0.736931	1.02953	2
12	31000001	1.20219	1.02953	2
12	31050001	0.728326	1.02953	2
12	31100001	0.706066	1.02953	2
12	31150001	0.605998	1.02953	2
12	31200001	0.659115	1.02953	2
12	31250001	1.25282	1.02953	2
12	31300001	1.9276	1.6969	3
12	31350001	1.46621	1.6969	3
12	31400001	1.15929	0.94596	2
12	31450001	0.818033	0.94596	2
12	31500001	0.70121	0.94596	2
12	31550001	0.922164	0.94596	2
12	31600001	1.08964	0.94596	2
12	31650001	1.0486	0.94596	2
12	31700001	0.935543	0.94596	2
12	31750001	0.781456	0.94596	2
12	31800001	1.1598	0.94596	2
12	31850001	0.902424	0.94596	2
12	31900001	0.968695	0.94596	2
12	31950001	0.833357	0.94596	2
12	32000001	1.05387	0.94596	2
12	32050001	0.685879	0.94596	2
12	32100001	1.0973	0.94596	2
12	32150001	0.826129	0.94596	2
12	32200001	0.94596	0.94596	2
12	32250001	1.05272	0.94596	2
12	32300001	1.11329	0.94596	2
12	32350001	0.942085	0.94596	2
12	32400001	0.889831	0.94596	2
12	32450001	0.985696	0.94596	2
12	32500001	1.18346	0.94596	2
12	32550001	0.955996	0.94596	2
12	32600001	0.832695	0.94596	2
12	32650001	1.13661	0.94596	2
12	32700001	0.835174	0.94596	2
12	32750001	1.04559	0.94596	2
12	32800001	0.847033	0.94596	2
12	32850001	0.99203	0.94596	2
12	32900001	0.649498	0.94596	2
12	32950001	1.05897	0.94596	2
12	33000001	0.749697	0.94596	2
12	33050001	1.14101	0.94596	2
12	33100001	0.708817	0.94596	2
12	33150001	0.982187	0.94596	2
12	33200001	0.910719	0.94596	2
12	33250001	1.10323	0.94596	2
12	33300001	0.838165	0.94596	2
12	33350001	1.05508	0.94596	2
12	33400001	0.740033	0.94596	2
12	33450001	1.25464	0.94596	2
12	33500001	0.855243	0.94596	2
12	33550001	0.916465	0.94596	2
12	33600001	1.16	0.94596	2
12	33650001	1.05008	0.94596	2
12	33700001	1.29822	0.94596	2
12	33750001	1.04545	0.94596	2
12	33800001	1.05209	0.94596	2
12	33850001	0.926013	0.94596	2
12	33900001	1.00292	0.94596	2
12	33950001	0.84085	0.94596	2
12	34000001	1.03092	0.94596	2
12	34050001	0.926036	0.94596	2
12	34100001	0.92337	0.94596	2
12	34150001	0.944418	0.94596	2
12	34200001	0.693183	0.94596	2
12	34250001	0.911072	0.94596	2
12	34300001	1.12569	0.94596	2
12	34350001	0.906392	0.94596	2
12	34400001	1.00355	0.94596	2
12	34450001	0.198678	0.198678	0
12	34500001	0.161446	0.198678	0
12	34550001	0.69983	0.198678	0
12	34600001	1.20687	1.20687	2
12	34650001	1.31755	1.20687	2
12	34700001	1.12724	1.20687	2
12	34750001	-1	-1	2
12	34800001	-1	-1	2
12	34850001	-1	-1	2
12	34900001	-1	-1	2
12	34950001	-1	-1	2
12	35000001	-1	-1	2
12	35050001	-1	-1	2
12	35100001	-1	-1	2
12	35150001	-1	-1	2
12	35200001	-1	-1	2
12	35250001	-1	-1	2
12	35300001	-1	-1	2
12	35350001	-1	-1	2
12	35400001	-1	-1	2
12	35450001	-1	-1	2
12	35500001	-1	-1	2
12	35550001	-1	-1	2
12	35600001	-1	-1	2
12	35650001	-1	-1	2
12	35700001	-1	-1	2
12	35750001	-1	-1	2
12	35800001	-1	-1	2
12	35850001	-1	-1	2
12	35900001	-1	-1	2
12	35950001	-1	-1	2
12	36000001	-1	-1	2
12	36050001	-1	-1	2
12	36100001	-1	-1	2
12	36150001	0	0	0
12	36200001	0	0	0
12	36250001	0	0	0
12	36300001	0	0	0
12	36350001	0	0	0
12	36400001	0	0	0
12	36450001	0	0	0
12	36500001	0	0	0
12	36550001	0	0	0
12	36600001	0	0	0
12	36650001	0	0	0
12	36700001	0	0	0
12	36750001	0	0	0
12	36800001	0	0	0
12	36850001	0	0	0
12	36900001	0	0	0
12	36950001	0	0	0
12	37000001	0	0	0
12	37050001	0	0	0
12	37100001	0	0	0
12	37150001	0	0	0
12	37200001	0	0	0
12	37250001	0	0	0
12	37300001	0	0	0
12	37350001	0	0	0
12	37400001	0	0	0
12	37450001	0	0	0
12	37500001	0	0	0
12	37550001	0	0	0
12	37600001	0	0	0
12	37650001	0	0	0
12	37700001	0	0	0
12	37750001	0	0	0
12	37800001	0	0	0
12	37850001	1.04618	0.999618	2
12	37900001	1.12263	0.999618	2
12	37950001	1.24057	0.999618	2
12	38000001	0.912087	0.999618	2
12	38050001	1.15522	0.999618	2
12	38100001	1.21172	0.999618	2
12	38150001	0.912906	0.999618	2
12	38200001	0.989469	0.999618	2
12	38250001	1.01099	0.999618	2
12	38300001	1.11823	0.999618	2
12	38350001	1.13478	0.999618	2
12	38400001	0.735618	0.999618	2
12	38450001	0.681692	0.999618	2
12	38500001	1.1478	0.999618	2
12	38550001	0.938975	0.999618	2
12	38600001	0.835329	0.999618	2
12	38650001	1.08638	0.999618	2
12	38700001	1.13366	0.999618	2
12	38750001	0.861541	0.999618	2
12	38800001	1.17316	0.999618	2
12	38850001	0.831845	0.999618	2
12	38900001	1.08547	0.999618	2
12	38950001	1.09518	0.999618	2
12	39000001	1.0668	0.999618	2
12	39050001	1.05979	0.999618	2
12	39100001	0.956311	0.999618	2
12	39150001	1.3126	0.999618	2
12	39200001	1.0639	0.999618	2
12	39250001	1.15276	0.999618	2
12	39300001	1.13607	0.999618	2
12	39350001	1.03263	0.999618	2
12	39400001	1.0732	0.999618	2
12	39450001	0.887653	0.999618	2
12	39500001	0.858662	0.999618	2
12	39550001	0.883448	0.999618	2
12	39600001	1.08639	0.999618	2
12	39650001	1.05056	0.999618	2
12	39700001	1.23248	0.999618	2
12	39750001	1.05581	0.999618	2
12	39800001	0.999883	0.999618	2
12	39850001	0.891955	0.999618	2
12	39900001	0.923156	0.999618	2
12	39950001	0.929993	0.999618	2
12	40000001	1.22291	0.999618	2
12	40050001	0.879146	0.999618	2
12	40100001	1.20319	0.999618	2
12	40150001	0.877108	0.999618	2
12	40200001	1.03753	0.999618	2
12	40250001	0.924982	0.999618	2
12	40300001	1.20595	0.999618	2
12	40350001	1.03698	0.999618	2
12	40400001	1.10622	0.999618	2
12	40450001	0.928088	0.999618	2
12	40500001	0.907122	0.999618	2
12	40550001	1.14919	0.999618	2
12	40600001	0.936202	0.999618	2
12	40650001	1.3453	0.999618	2
12	40700001	1.10109	0.999618	2
12	40750001	1.04169	0.999618	2
12	40800001	0.953671	0.999618	2
12	40850001	1.13587	0.999618	2
12	40900001	0.99937	0.999618	2
12	40950001	0.867112	0.999618	2
12	41000001	0.831839	0.999618	2
12	41050001	0.955842	0.999618	2
12	41100001	1.24526	0.999618	2
12	41150001	0.850832	0.999618	2
12	41200001	0.911784	0.999618	2
12	41250001	0.780606	0.999618	2
12	41300001	0.8361	0.999618	2
12	41350001	1.2323	0.999618	2
12	41400001	0.75613	0.999618	2
12	41450001	0.935727	0.999618	2
12	41500001	0.947901	0.999618	2
12	41550001	0.984363	0.999618	2
12	41600001	0.82372	0.999618	2
12	41650001	1.1454	0.999618	2
12	41700001	1.06278	0.999618	2
12	41750001	1.01143	0.999618	2
12	41800001	0.845033	0.999618	2
12	41850001	0.86492	0.999618	2
12	41900001	0.958341	0.999618	2
12	41950001	0.664086	0.999618	2
12	42000001	0.89243	0.999618	2
12	42050001	1.08586	0.999618	2
12	42100001	1.11461	0.999618	2
12	42150001	1.06551	0.999618	2
12	42200001	0.849485	0.999618	2
12	42250001	0.945306	0.999618	2
12	42300001	0.809347	0.999618	2
12	42350001	1.0601	0.999618	2
12	42400001	0.820313	0.999618	2
12	42450001	1.17334	0.999618	2
12	42500001	1.05405	0.999618	2
12	42550001	0.995915	0.999618	2
12	42600001	0.95886	0.999618	2
12	42650001	0.881102	0.999618	2
12	42700001	0.589885	0.999618	2
12	42750001	0.774605	0.999618	2
12	42800001	0.974911	0.999618	2
12	42850001	0.809447	0.999618	2
12	42900001	0.652723	0.999618	2
12	42950001	0.824087	0.999618	2
12	43000001	1.08006	0.999618	2
12	43050001	1.09222	0.999618	2
12	43100001	1.23417	0.999618	2
12	43150001	1.09564	0.999618	2
12	43200001	1.06106	0.999618	2
12	43250001	0.949047	0.999618	2
12	43300001	0.82238	0.999618	2
12	43350001	0.770359	0.999618	2
12	43400001	1.16071	0.999618	2
12	43450001	0.840965	0.999618	2
12	43500001	0.991943	0.999618	2
12	43550001	1.28401	0.999618	2
12	43600001	0.873721	0.999618	2
12	43650001	0.896463	0.999618	2
12	43700001	0.988417	0.999618	2
12	43750001	1.20158	0.999618	2
12	43800001	1.03472	0.999618	2
12	43850001	1.10023	0.999618	2
12	43900001	1.06791	0.999618	2
12	43950001	0.911421	0.999618	2
12	44000001	0.97344	0.999618	2
12	44050001	1.27023	0.999618	2
12	44100001	1.10627	0.999618	2
12	44150001	0.901872	0.999618	2
12	44200001	1.01585	0.999618	2
12	44250001	1.08986	0.999618	2
12	44300001	0.872397	0.999618	2
12	44350001	1.04713	0.999618	2
12	44400001	0.95249	0.999618	2
12	44450001	0.966917	0.999618	2
12	44500001	0.700462	0.999618	2
12	44550001	1.27885	0.999618	2
12	44600001	1.08406	0.999618	2
12	44650001	1.33581	0.999618	2
12	44700001	1.02466	0.999618	2
12	44750001	0.849053	0.999618	2
12	44800001	0.931383	0.999618	2
12	44850001	1.05921	0.999618	2
12	44900001	1.31782	0.999618	2
12	44950001	1.11397	0.999618	2
12	45000001	1.07214	0.999618	2
12	45050001	0.92325	0.999618	2
12	45100001	0.954471	0.999618	2
12	45150001	0.993187	0.999618	2
12	45200001	0.789233	0.999618	2
12	45250001	1.1344	0.999618	2
12	45300001	0.918872	0.999618	2
12	45350001	0.992823	0.999618	2
12	45400001	1.06104	0.999618	2
12	45450001	1.0775	0.999618	2
12	45500001	0.990301	0.999618	2
12	45550001	0.997575	0.999618	2
12	45600001	1.14934	0.999618	2
12	45650001	1.18437	0.999618	2
12	45700001	0.852343	0.999618	2
12	45750001	1.18182	0.999618	2
12	45800001	0.948708	0.999618	2
12	45850001	1.13401	0.999618	2
12	45900001	0.805186	0.999618	2
12	45950001	1.23274	0.999618	2
12	46000001	1.065	0.999618	2
12	46050001	1.03656	0.999618	2
12	46100001	0.75591	0.999618	2
12	46150001	0.900504	0.999618	2
12	46200001	0.999867	0.999618	2
12	46250001	1.07059	0.999618	2
12	46300001	0.985905	0.999618	2
12	46350001	1.14962	1.18249	2
12	46400001	1.40994	1.18249	2
12	46450001	1.63305	1.18249	2
12	46500001	1.35584	1.18249	2
12	46550001	1.41137	1.18249	2
12	46600001	0.994832	1.18249	2
12	46650001	1.2913	1.18249	2
12	46700001	1.23338	1.18249	2
12	46750001	1.22959	1.18249	2
12	46800001	1.18172	1.18249	2
12	46850001	1.278	1.18249	2
12	46900001	1.20892	1.18249	2
12	46950001	0.990584	1.18249	2
12	47000001	1.08515	1.18249	2
12	47050001	1.22853	1.18249	2
12	47100001	1.04617	1.18249	2
12	47150001	1.03343	1.18249	2
12	47200001	1.15676	1.18249	2
12	47250001	0.9954	1.18249	2
12	47300001	1.1346	1.18249	2
12	47350001	1.13133	1.18249	2
12	47400001	1.18326	1.18249	2
12	47450001	1.30537	1.18249	2
12	47500001	1.11719	1.18249	2
12	47550001	1.02207	0.95483	2
12	47600001	0.705262	0.95483	2
12	47650001	1.08642	0.95483	2
12	47700001	1.07302	0.95483	2
12	47750001	0.959762	0.95483	2
12	47800001	1.14042	0.95483	2
12	47850001	0.760984	0.95483	2
12	47900001	0.917138	0.95483	2
12	47950001	1.10931	0.95483	2
12	48000001	1.31567	0.95483	2
12	48050001	1.34484	0.95483	2
12	48100001	0.928078	0.95483	2
12	48150001	0.592674	0.95483	2
12	48200001	1.0492	0.95483	2
12	48250001	0.976124	0.95483	2
12	48300001	0.768299	0.95483	2
12	48350001	0.789227	0.95483	2
12	48400001	0.859452	0.95483	2
12	48450001	0.950693	0.95483	2
12	48500001	0.824683	0.95483	2
12	48550001	1.14741	0.95483	2
12	48600001	1.09874	0.95483	2
12	48650001	1.08967	0.95483	2
12	48700001	1.34475	0.95483	2
12	48750001	1.14211	0.95483	2
12	48800001	1.25192	0.95483	2
12	48850001	1.10645	0.95483	2
12	48900001	0.860053	0.95483	2
12	48950001	0.991538	0.95483	2
12	49000001	0.936601	0.95483	2
12	49050001	1.02649	0.95483	2
12	49100001	0.849958	0.95483	2
12	49150001	1.02096	0.95483	2
12	49200001	0.789471	0.95483	2
12	49250001	0.865369	0.95483	2
12	49300001	0.760435	0.95483	2
12	49350001	0.564535	0.95483	2
12	49400001	0.667405	0.95483	2
12	49450001	0.931798	0.95483	2
12	49500001	1.23024	0.95483	2
12	49550001	1.08925	0.95483	2
12	49600001	1.03464	0.95483	2
12	49650001	0.504652	0.95483	2
12	49700001	0.758544	0.95483	2
12	49750001	1.12562	0.95483	2
12	49800001	1.27565	0.95483	2
12	49850001	1.28321	0.95483	2
12	49900001	0.903534	0.95483	2
12	49950001	0.833794	0.95483	2
12	50000001	0.497713	0.95483	2
12	50050001	0.95483	0.95483	2
12	50100001	0.97236	0.95483	2
12	50150001	1.18494	0.95483	2
12	50200001	0.840505	0.95483	2
12	50250001	0.523744	0.95483	2
12	50300001	0.990727	0.95483	2
12	50350001	0.909899	0.95483	2
12	50400001	0.874187	0.95483	2
12	50450001	0.833448	0.95483	2
12	50500001	0.813259	0.95483	2
12	50550001	1.18105	0.95483	2
12	50600001	1.00616	0.95483	2
12	50650001	1.0738	0.95483	2
12	50700001	1.09252	0.95483	2
12	50750001	0.811337	0.95483	2
12	50800001	1.30898	0.95483	2
12	50850001	0.995895	0.95483	2
12	50900001	1.21034	0.95483	2
12	50950001	1.00867	0.95483	2
12	51000001	1.13264	0.95483	2
12	51050001	1.15796	0.95483	2
12	51100001	1.03769	0.95483	2
12	51150001	0.979599	0.95483	2
12	51200001	1.39568	0.95483	2
12	51250001	1.03876	0.95483	2
12	51300001	0.837572	0.95483	2
12	51350001	1.11855	0.95483	2
12	51400001	0.728219	0.95483	2
12	51450001	1.02591	0.95483	2
12	51500001	1.04052	0.95483	2
12	51550001	0.947617	0.95483	2
12	51600001	0.891401	0.95483	2
12	51650001	0.920204	0.95483	2
12	51700001	1.02218	0.95483	2
12	51750001	1.05284	0.95483	2
12	51800001	0.981294	0.95483	2
12	51850001	1.16026	0.95483	2
12	51900001	1.42827	0.95483	2
12	51950001	1.13222	0.95483	2
12	52000001	0.904911	0.95483	2
12	52050001	1.03078	0.95483	2
12	52100001	1.15691	0.95483	2
12	52150001	1.0732	0.95483	2
12	52200001	0.761388	0.95483	2
12	52250001	0.694275	0.95483	2
12	52300001	0.911661	0.95483	2
12	52350001	0.999736	0.95483	2
12	52400001	0.402919	0.95483	2
12	52450001	0.661705	0.95483	2
12	52500001	0.594841	0.95483	2
12	52550001	0.670153	0.95483	2
12	52600001	1.41096	0.95483	2
12	52650001	0.942987	0.95483	2
12	52700001	0.652941	0.95483	2
12	52750001	0.612228	0.95483	2
12	52800001	0.91425	0.95483	2
12	52850001	0.80355	0.95483	2
12	52900001	0.704632	0.95483	2
12	52950001	0.842111	0.95483	2
12	53000001	1.09335	0.95483	2
12	53050001	0.989225	0.95483	2
12	53100001	0.661773	0.95483	2
12	53150001	0.915167	0.95483	2
12	53200001	1.11018	0.95483	2
12	53250001	0.818617	0.95483	2
12	53300001	0.631176	0.95483	2
12	53350001	0.89973	0.95483	2
12	53400001	0.652019	0.95483	2
12	53450001	0.755875	0.95483	2
12	53500001	1.08226	0.95483	2
12	53550001	0.725176	0.95483	2
12	53600001	1.10127	0.95483	2
12	53650001	0.749686	0.95483	2
12	53700001	0.944337	0.95483	2
12	53750001	0.945716	0.95483	2
12	53800001	0.857311	0.95483	2
12	53850001	0.876961	0.95483	2
12	53900001	0.73674	0.95483	2
12	53950001	1.18409	0.95483	2
12	54000001	0.884238	0.95483	2
12	54050001	0.929869	0.95483	2
12	54100001	1.09047	0.95483	2
12	54150001	1.1149	0.95483	2
12	54200001	1.06795	0.95483	2
12	54250001	1.19437	0.95483	2
12	54300001	1.14229	0.95483	2
12	54350001	0.525928	0.95483	2
12	54400001	0.87688	0.95483	2
12	54450001	1.08681	0.95483	2
12	54500001	0.752009	0.95483	2
12	54550001	0.703599	0.95483	2
12	54600001	1.00738	0.95483	2
12	54650001	1.28819	0.95483	2
12	54700001	0.955488	0.95483	2
12	54750001	0.828026	0.95483	2
12	54800001	1.20902	1.08814	2
12	54850001	0.983901	1.08814	2
12	54900001	1.32484	1.08814	2
12	54950001	0.889361	1.08814	2
12	55000001	1.10924	1.08814	2
12	55050001	1.10656	1.08814	2
12	55100001	0.952785	1.08814	2
12	55150001	1.04703	1.08814	2
12	55200001	1.13775	1.08814	2
12	55250001	1.03443	1.08814	2
12	55300001	1.0748	1.08814	2
12	55350001	1.45924	1.08814	2
12	55400001	0.89626	1.08814	2
12	55450001	1.20541	1.08814	2
12	55500001	1.12363	1.08814	2
12	55550001	1.2867	1.08814	2
12	55600001	1.04064	1.08814	2
12	55650001	1.04995	1.08814	2
12	55700001	1.08458	1.08814	2
12	55750001	1.50474	1.08814	2
12	55800001	1.20103	1.08814	2
12	55850001	1.57939	1.08814	2
12	55900001	1.16431	1.08814	2
12	55950001	1.31774	1.08814	2
12	56000001	0.781831	1.08814	2
12	56050001	0.89781	1.08814	2
12	56100001	1.01587	1.08814	2
12	56150001	1.30413	1.08814	2
12	56200001	0.885114	1.08814	2
12	56250001	1.01634	1.08814	2
12	56300001	1.0917	1.08814	2
12	56350001	1.15048	1.08814	2
12	56400001	1.1557	1.08814	2
12	56450001	0.992949	1.08814	2
12	56500001	0.970167	1.08814	2
12	56550001	1.02224	1.08814	2
12	56600001	0.732845	0.839093	2
12	56650001	1.05082	0.839093	2
12	56700001	0.851611	0.839093	2
12	56750001	0.719008	0.839093	2
12	56800001	0.661662	0.839093	2
12	56850001	0.932144	0.839093	2
12	56900001	0.83665	0.839093	2
12	56950001	0.76204	0.839093	2
12	57000001	1.06347	0.839093	2
12	57050001	0.564193	0.839093	2
12	57100001	0.878351	0.839093	2
12	57150001	0.72586	0.839093	2
12	57200001	1.14264	0.839093	2
12	57250001	0.833407	0.839093	2
12	57300001	1.33136	0.839093	2
12	57350001	0.994559	0.839093	2
12	57400001	1.05714	0.839093	2
12	57450001	0.909433	0.839093	2
12	57500001	0.629721	0.839093	2
12	57550001	0.401255	0.839093	2
12	57600001	0.400865	0.839093	2
12	57650001	1.21997	0.839093	2
12	57700001	1.2025	0.839093	2
12	57750001	0.930516	0.839093	2
12	57800001	0.832591	0.839093	2
12	57850001	0.94114	0.839093	2
12	57900001	0.60192	0.839093	2
12	57950001	0.872854	0.839093	2
12	58000001	0.815857	0.839093	2
12	58050001	0.953024	0.839093	2
12	58100001	0.746951	0.839093	2
12	58150001	0.958085	0.839093	2
12	58200001	0.841536	0.839093	2
12	58250001	0.761107	0.839093	2
12	58300001	0.709612	0.839093	2
12	58350001	0.652622	0.839093	2
12	58400001	0.984579	0.839093	2
12	58450001	0.72935	0.839093	2
12	58500001	1.18286	1.01114	2
12	58550001	1.06777	1.01114	2
12	58600001	0.891134	1.01114	2
12	58650001	0.959082	1.01114	2
12	58700001	0.952547	1.01114	2
12	58750001	1.01402	1.01114	2
12	58800001	0.93356	1.01114	2
12	58850001	0.981528	1.01114	2
12	58900001	0.943831	1.01114	2
12	58950001	0.85329	1.01114	2
12	59000001	1.20892	1.01114	2
12	59050001	1.25781	1.01114	2
12	59100001	1.03892	1.01114	2
12	59150001	1.05814	1.01114	2
12	59200001	1.02539	1.01114	2
12	59250001	1.22343	1.01114	2
12	59300001	1.03413	1.01114	2
12	59350001	0.879763	1.01114	2
12	59400001	0.966109	1.01114	2
12	59450001	1.22324	1.01114	2
12	59500001	1.02709	1.01114	2
12	59550001	1.02071	1.01114	2
12	59600001	1.16209	1.01114	2
12	59650001	0.941331	1.01114	2
12	59700001	0.886972	1.01114	2
12	59750001	1.14599	1.01114	2
12	59800001	1.0592	1.01114	2
12	59850001	1.08069	1.01114	2
12	59900001	1.07039	1.01114	2
12	59950001	1.27439	1.01114	2
12	60000001	1.10949	1.01114	2
12	60050001	1.21018	1.01114	2
12	60100001	0.940156	1.01114	2
12	60150001	1.0596	1.01114	2
12	60200001	0.871784	1.01114	2
12	60250001	1.14441	1.01114	2
12	60300001	0.824946	1.01114	2
12	60350001	0.864098	1.01114	2
12	60400001	1.00676	1.01114	2
12	60450001	1.09159	1.01114	2
12	60500001	0.801333	1.01114	2
12	60550001	0.89706	1.01114	2
12	60600001	1.13524	1.01114	2
12	60650001	0.868104	1.01114	2
12	60700001	0.958251	1.01114	2
12	60750001	0.966443	1.01114	2
12	60800001	1.02553	1.01114	2
12	60850001	0.95255	1.01114	2
12	60900001	0.881561	1.01114	2
12	60950001	0.970708	1.01114	2
12	61000001	1.00752	1.01114	2
12	61050001	1.22505	1.01114	2
12	61100001	0.806992	1.01114	2
12	61150001	1.0065	1.01114	2
12	61200001	1.10232	1.01114	2
12	61250001	0.868166	1.01114	2
12	61300001	1.09863	1.01114	2
12	61350001	1.11888	1.01114	2
12	61400001	1.23801	1.01114	2
12	61450001	0.755332	1.01114	2
12	61500001	0.974275	1.01114	2
12	61550001	0.811919	1.01114	2
12	61600001	1.17185	1.01114	2
12	61650001	0.86044	1.01114	2
12	61700001	0.952327	1.01114	2
12	61750001	1.06108	1.01114	2
12	61800001	0.803453	1.01114	2
12	61850001	0.996144	1.01114	2
12	61900001	0.902953	1.01114	2
12	61950001	1.16535	1.01114	2
12	62000001	0.99697	1.01114	2
12	62050001	1.24524	1.01114	2
12	62100001	1.10457	1.01114	2
12	62150001	1.10434	1.01114	2
12	62200001	1.29216	1.01114	2
12	62250001	0.898357	1.01114	2
12	62300001	1.05725	1.01114	2
12	62350001	1.12758	1.01114	2
12	62400001	0.940905	1.01114	2
12	62450001	1.04261	1.01114	2
12	62500001	1.30192	1.01114	2
12	62550001	0.969897	1.01114	2
12	62600001	0.971726	1.01114	2
12	62650001	0.947973	1.01114	2
12	62700001	0.975149	1.01114	2
12	62750001	1.27503	1.01114	2
12	62800001	1.11719	1.01114	2
12	62850001	1.04876	1.01114	2
12	62900001	1.00358	1.01114	2
12	62950001	1.23962	1.01114	2
12	63000001	1.34138	1.01114	2
12	63050001	0.91754	1.01114	2
12	63100001	0.960507	1.01114	2
12	63150001	0.706713	1.01114	2
12	63200001	1.14151	1.01114	2
12	63250001	0.952357	1.01114	2
12	63300001	0.882782	1.01114	2
12	63350001	1.27419	1.01114	2
12	63400001	1.07165	1.01114	2
12	63450001	1.14633	1.01114	2
12	63500001	0.871115	1.01114	2
12	63550001	1.17796	1.01114	2
12	63600001	0.928476	1.01114	2
12	63650001	1.02186	1.01114	2
12	63700001	1.18457	1.01114	2
12	63750001	0.855771	1.01114	2
12	63800001	1.08272	1.01114	2
12	63850001	1.20111	1.01114	2
12	63900001	0.878223	1.01114	2
12	63950001	1.14224	1.01114	2
12	64000001	1.11267	1.01114	2
12	64050001	0.886539	1.01114	2
12	64100001	1.18203	1.01114	2
12	64150001	1.22747	1.01114	2
12	64200001	0.982476	1.01114	2
12	64250001	0.986516	1.01114	2
12	64300001	0.993129	1.01114	2
12	64350001	1.27677	1.01114	2
12	64400001	1.17131	1.01114	2
12	64450001	1.16023	1.01114	2
12	64500001	0.905824	1.01114	2
12	64550001	0.635387	1.01114	2
12	64600001	1.02848	1.01114	2
12	64650001	0.927782	1.01114	2
12	64700001	1.07652	1.01114	2
12	64750001	0.743679	1.01114	2
12	64800001	1.04408	1.01114	2
12	64850001	0.952131	1.01114	2
12	64900001	0.986314	1.01114	2
12	64950001	0.994378	1.01114	2
12	65000001	0.726261	1.01114	2
12	65050001	0.912794	1.01114	2
12	65100001	0.982246	1.01114	2
12	65150001	0.954972	1.01114	2
12	65200001	1.11814	1.01114	2
12	65250001	1.17782	1.01114	2
12	65300001	0.711318	1.01114	2
12	65350001	0.590719	1.01114	2
12	65400001	1.00567	1.01114	2
12	65450001	1.22325	1.01114	2
12	65500001	0.889739	1.01114	2
12	65550001	1.27928	1.01114	2
12	65600001	0.878785	1.01114	2
12	65650001	0.664496	1.01114	2
12	65700001	0.778401	1.01114	2
12	65750001	1.1795	1.01114	2
12	65800001	0.822676	1.01114	2
12	65850001	1.01754	1.01114	2
12	65900001	0.845796	1.01114	2
12	65950001	1.09178	1.01114	2
12	66000001	0.858053	1.01114	2
12	66050001	0.951938	1.01114	2
12	66100001	0.954566	1.01114	2
12	66150001	0.860685	1.01114	2
12	66200001	1.20676	1.01114	2
12	66250001	1.18231	1.01114	2
12	66300001	0.97421	1.01114	2
12	66350001	1.06128	1.01114	2
12	66400001	1.11477	1.01114	2
12	66450001	1.26692	1.01114	2
12	66500001	1.1315	1.01114	2
12	66550001	0.925905	1.01114	2
12	66600001	1.11938	1.01114	2
12	66650001	0.959756	1.01114	2
12	66700001	0.711084	1.01114	2
12	66750001	0.731845	1.01114	2
12	66800001	0.841971	1.01114	2
12	66850001	1.07151	1.01114	2
12	66900001	0.968848	1.01114	2
12	66950001	0.76664	1.01114	2
12	67000001	0.996521	1.01114	2
12	67050001	1.10193	1.01114	2
12	67100001	1.28919	1.01114	2
12	67150001	1.04339	1.01114	2
12	67200001	1.19269	1.01114	2
12	67250001	1.26778	1.01114	2
12	67300001	1.00259	1.01114	2
12	67350001	1.01174	1.01114	2
12	67400001	0.833151	1.01114	2
12	67450001	1.27986	1.01114	2
12	67500001	0.930127	1.01114	2
12	67550001	0.926965	1.01114	2
12	67600001	1.113	1.01114	2
12	67650001	1.29383	1.01114	2
12	67700001	1.11942	1.01114	2
12	67750001	0.80537	1.01114	2
12	67800001	0.88862	1.01114	2
12	67850001	1.03948	1.01114	2
12	67900001	0.96784	1.01114	2
12	67950001	0.821002	1.01114	2
12	68000001	1.02528	1.01114	2
12	68050001	1.02562	1.01114	2
12	68100001	1.15425	1.01114	2
12	68150001	1.14482	1.01114	2
12	68200001	0.703547	1.01114	2
12	68250001	0.983552	1.01114	2
12	68300001	0.959155	1.01114	2
12	68350001	1.03216	1.01114	2
12	68400001	0.974867	1.01114	2
12	68450001	0.882405	1.01114	2
12	68500001	1.11899	1.01114	2
12	68550001	0.998923	1.01114	2
12	68600001	1.03532	1.01114	2
12	68650001	1.03685	1.01114	2
12	68700001	1.00427	1.01114	2
12	68750001	0.844739	1.01114	2
12	68800001	0.775668	1.01114	2
12	68850001	0.935144	1.01114	2
12	68900001	1.00095	1.01114	2
12	68950001	0.970989	1.01114	2
12	69000001	0.930881	1.01114	2
12	69050001	1.14077	1.01114	2
12	69100001	1.04221	1.01114	2
12	69150001	0.926256	1.01114	2
12	69200001	1.09055	1.01114	2
12	69250001	0.970209	1.01114	2
12	69300001	0.961447	1.01114	2
12	69350001	1.25103	1.01114	2
12	69400001	1.0985	1.01114	2
12	69450001	1.0329	1.01114	2
12	69500001	0.728117	1.01114	2
12	69550001	0.938504	1.01114	2
12	69600001	0.774328	1.01114	2
12	69650001	1.39528	1.01114	2
12	69700001	0.842053	1.01114	2
12	69750001	1.04833	1.01114	2
12	69800001	0.761001	1.01114	2
12	69850001	0.961773	1.01114	2
12	69900001	0.922824	1.01114	2
12	69950001	0.865107	1.01114	2
12	70000001	1.00997	1.01114	2
12	70050001	0.952853	1.01114	2
12	70100001	1.30338	1.01114	2
12	70150001	1.05921	1.01114	2
12	70200001	1.09904	1.01114	2
12	70250001	1.28596	1.01114	2
12	70300001	0.96057	1.01114	2
12	70350001	1.00143	1.01114	2
12	70400001	1.06992	1.01114	2
12	70450001	0.962355	1.01114	2
12	70500001	1.06159	1.01114	2
12	70550001	1.22469	1.01114	2
12	70600001	0.764946	1.01114	2
12	70650001	0.948019	1.01114	2
12	70700001	0.667244	1.01114	2
12	70750001	0.790186	1.01114	2
12	70800001	0.997354	1.01114	2
12	70850001	1.06685	1.01114	2
12	70900001	0.99269	1.01114	2
12	70950001	0.710125	1.01114	2
12	71000001	1.03816	1.01114	2
12	71050001	1.03259	1.01114	2
12	71100001	0.983513	1.01114	2
12	71150001	1.13866	1.01114	2
12	71200001	0.833616	1.01114	2
12	71250001	0.972376	1.01114	2
12	71300001	0.984186	1.01114	2
12	71350001	0.842931	1.01114	2
12	71400001	1.02669	1.01114	2
12	71450001	0.770882	1.01114	2
12	71500001	1.40774	1.01114	2
12	71550001	1.35764	1.01114	2
12	71600001	1.09929	1.01114	2
12	71650001	0.968583	1.01114	2
12	71700001	1.11791	1.01114	2
12	71750001	1.01721	1.01114	2
12	71800001	0.947509	1.01114	2
12	71850001	0.683014	1.01114	2
12	71900001	1.16157	1.01114	2
12	71950001	1.10964	1.01114	2
12	72000001	0.988772	1.01114	2
12	72050001	0.969371	1.01114	2
12	72100001	0.967143	1.01114	2
12	72150001	0.879004	1.01114	2
12	72200001	1.02557	1.01114	2
12	72250001	0.842348	1.01114	2
12	72300001	0.896482	1.01114	2
12	72350001	0.897439	1.01114	2
12	72400001	0.646784	1.01114	2
12	72450001	1.06376	1.01114	2
12	72500001	0.979479	1.01114	2
12	72550001	1.2069	1.01114	2
12	72600001	1.05922	1.01114	2
12	72650001	0.987062	1.01114	2
12	72700001	0.993569	1.01114	2
12	72750001	1.20641	1.01114	2
12	72800001	1.07207	1.01114	2
12	72850001	0.879421	1.01114	2
12	72900001	1.05372	1.01114	2
12	72950001	1.11694	1.01114	2
12	73000001	0.898535	1.01114	2
12	73050001	1.32665	1.01114	2
12	73100001	1.18602	1.01114	2
12	73150001	0.934693	1.01114	2
12	73200001	1.01364	1.01114	2
12	73250001	0.883075	1.01114	2
12	73300001	0.816433	1.01114	2
12	73350001	0.995089	1.01114	2
12	73400001	0.935117	1.01114	2
12	73450001	0.77858	1.01114	2
12	73500001	0.871118	1.01114	2
12	73550001	0.672451	1.01114	2
12	73600001	1.30232	1.01114	2
12	73650001	1.05902	1.01114	2
12	73700001	1.1573	1.01114	2
12	73750001	1.02662	1.01114	2
12	73800001	0.750278	1.01114	2
12	73850001	1.01271	1.01114	2
12	73900001	0.93658	1.01114	2
12	73950001	1.14963	1.01114	2
12	74000001	0.695713	1.01114	2
12	74050001	0.906652	1.01114	2
12	74100001	1.08416	1.01114	2
12	74150001	1.04097	1.01114	2
12	74200001	0.931383	1.01114	2
12	74250001	1.19272	1.01114	2
12	74300001	1.056	1.01114	2
12	74350001	0.986939	1.01114	2
12	74400001	1.11218	1.01114	2
12	74450001	0.992433	1.01114	2
12	74500001	1.15537	1.01114	2
12	74550001	0.732971	1.01114	2
12	74600001	0.951745	1.01114	2
12	74650001	0.764537	1.01114	2
12	74700001	1.21278	1.01114	2
12	74750001	-1	1.01114	2
12	74800001	-1	1.01114	2
12	74850001	-1	1.01114	2
12	74900001	-1	1.01114	2
12	74950001	-1	1.01114	2
12	75000001	-1	1.01114	2
12	75050001	1.08078	1.01114	2
12	75100001	1.11778	1.01114	2
12	75150001	1.05813	1.01114	2
12	75200001	1.14185	1.01114	2
12	75250001	1.22149	1.01114	2
12	75300001	1.00551	1.01114	2
12	75350001	0.789159	1.01114	2
12	75400001	1.07207	1.01114	2
12	75450001	0.894176	1.01114	2
12	75500001	0.987615	1.01114	2
12	75550001	1.03425	1.01114	2
12	75600001	0.950296	1.01114	2
12	75650001	1.00383	1.01114	2
12	75700001	0.65461	1.01114	2
12	75750001	1.1	1.01114	2
12	75800001	1.03391	1.01114	2
12	75850001	1.08361	1.01114	2
12	75900001	1.13762	1.01114	2
12	75950001	1.30613	1.01114	2
12	76000001	1.06996	1.01114	2
12	76050001	1.33478	1.01114	2
12	76100001	1.10876	1.01114	2
12	76150001	0.798646	1.01114	2
12	76200001	1.20921	1.01114	2
12	76250001	1.00657	1.01114	2
12	76300001	0.864629	1.01114	2
12	76350001	0.831977	1.01114	2
12	76400001	1.04433	1.01114	2
12	76450001	1.04957	1.01114	2
12	76500001	0.911108	1.01114	2
12	76550001	1.08477	1.01114	2
12	76600001	0.790907	1.01114	2
12	76650001	1.05672	1.01114	2
12	76700001	0.993886	1.01114	2
12	76750001	0.998386	1.01114	2
12	76800001	0.952293	1.01114	2
12	76850001	1.11977	1.01114	2
12	76900001	1.00238	1.01114	2
12	76950001	1.01165	1.01114	2
12	77000001	0.950919	1.01114	2
12	77050001	0.68382	1.01114	2
12	77100001	0.85739	1.01114	2
12	77150001	0.89063	1.01114	2
12	77200001	1.00084	1.01114	2
12	77250001	0.788012	1.01114	2
12	77300001	1.10173	1.01114	2
12	77350001	0.678538	1.01114	2
12	77400001	1.06303	1.01114	2
12	77450001	1.01966	1.01114	2
12	77500001	1.20547	1.01114	2
12	77550001	1.16922	1.01114	2
12	77600001	1.14176	1.01114	2
12	77650001	0.886087	1.01114	2
12	77700001	0.873673	1.01114	2
12	77750001	1.07785	1.01114	2
12	77800001	0.764675	1.01114	2
12	77850001	0.761401	1.01114	2
12	77900001	0.854953	1.01114	2
12	77950001	0.894972	1.01114	2
12	78000001	0.885619	1.01114	2
12	78050001	0.956212	1.01114	2
12	78100001	1.06614	1.01114	2
12	78150001	0.944248	1.01114	2
12	78200001	0.9574	1.01114	2
12	78250001	0.884351	1.01114	2
12	78300001	1.14628	1.01114	2
12	78350001	1.07272	1.01114	2
12	78400001	1.10608	1.01114	2
12	78450001	1.09329	1.01114	2
12	78500001	0.808306	1.01114	2
12	78550001	1.05479	1.01114	2
12	78600001	1.074	1.01114	2
12	78650001	1.02882	1.01114	2
12	78700001	1.16916	1.01114	2
12	78750001	1.17856	1.01114	2
12	78800001	0.99716	1.01114	2
12	78850001	0.934362	1.01114	2
12	78900001	1.27977	1.01114	2
12	78950001	0.985436	1.01114	2
12	79000001	1.22366	1.01114	2
12	79050001	1.1015	1.01114	2
12	79100001	0.796083	1.01114	2
12	79150001	1.0122	1.01114	2
12	79200001	0.999215	1.01114	2
12	79250001	1.32581	1.01114	2
12	79300001	0.973935	1.01114	2
12	79350001	0.901571	1.01114	2
12	79400001	1.11224	1.01114	2
12	79450001	0.754316	1.01114	2
12	79500001	0.706002	1.01114	2
12	79550001	0.887761	1.01114	2
12	79600001	1.22214	1.01114	2
12	79650001	0.809016	1.01114	2
12	79700001	1.08226	1.01114	2
12	79750001	0.956014	1.01114	2
12	79800001	1.19146	1.01114	2
12	79850001	0.901787	1.01114	2
12	79900001	0.939688	1.01114	2
12	79950001	1.16795	1.01114	2
12	80000001	1.01221	1.01114	2
12	80050001	1.08645	1.01114	2
12	80100001	0.72561	1.01114	2
12	80150001	1.11345	1.01114	2
12	80200001	1.49389	1.01114	2
12	80250001	1.29623	1.01114	2
12	80300001	0.962227	1.01114	2
12	80350001	1.0358	1.01114	2
12	80400001	0.644237	1.01114	2
12	80450001	1.07839	1.01114	2
12	80500001	1.06929	1.01114	2
12	80550001	1.0065	1.01114	2
12	80600001	0.744182	1.01114	2
12	80650001	0.86975	1.01114	2
12	80700001	1.11626	1.01114	2
12	80750001	1.03396	1.01114	2
12	80800001	0.727519	1.01114	2
12	80850001	0.615317	1.01114	2
12	80900001	0.827853	1.01114	2
12	80950001	0.934866	1.01114	2
12	81000001	0.922179	1.01114	2
12	81050001	0.841809	1.01114	2
12	81100001	1.02231	1.01114	2
12	81150001	0.971603	1.01114	2
12	81200001	1.11296	1.01114	2
12	81250001	0.985203	1.01114	2
12	81300001	1.03054	1.01114	2
12	81350001	1.2062	1.01114	2
12	81400001	0.9196	1.01114	2
12	81450001	0.781136	1.01114	2
12	81500001	1.1059	1.01114	2
12	81550001	1.21722	1.01114	2
12	81600001	0.965549	1.01114	2
12	81650001	0.870464	1.01114	2
12	81700001	1.0956	1.01114	2
12	81750001	1.07546	1.01114	2
12	81800001	0.927749	1.01114	2
12	81850001	1.02368	1.01114	2
12	81900001	1.15174	1.01114	2
12	81950001	1.0507	1.01114	2
12	82000001	1.20811	1.01114	2
12	82050001	1.06125	1.01114	2
12	82100001	0.769654	1.01114	2
12	82150001	1.05853	1.01114	2
12	82200001	1.23183	1.01114	2
12	82250001	1.0576	1.01114	2
12	82300001	0.827282	1.01114	2
12	82350001	1.15747	1.01114	2
12	82400001	1.2451	1.01114	2
12	82450001	1.12719	1.01114	2
12	82500001	0.811123	1.01114	2
12	82550001	0.952663	1.01114	2
12	82600001	1.0769	1.01114	2
12	82650001	1.0414	1.01114	2
12	82700001	0.896276	1.01114	2
12	82750001	0.956847	1.01114	2
12	82800001	1.17783	1.01114	2
12	82850001	0.981666	1.01114	2
12	82900001	1.23605	1.01114	2
12	82950001	0.774999	1.01114	2
12	83000001	1.32417	1.01114	2
12	83050001	0.799186	1.01114	2
12	83100001	1.11294	1.01114	2
12	83150001	0.969369	1.01114	2
12	83200001	0.834247	1.01114	2
12	83250001	0.96685	1.01114	2
12	83300001	1.21343	1.01114	2
12	83350001	0.685335	1.01114	2
12	83400001	0.926438	1.01114	2
12	83450001	0.909683	1.01114	2
12	83500001	0.934617	1.01114	2
12	83550001	0.591446	1.01114	2
12	83600001	1.25957	1.01114	2
12	83650001	1.08067	1.01114	2
12	83700001	0.872033	1.01114	2
12	83750001	0.892549	1.01114	2
12	83800001	1.08414	1.01114	2
12	83850001	1.08221	1.01114	2
12	83900001	0.917038	1.01114	2
12	83950001	1.06788	1.01114	2
12	84000001	0.81807	1.01114	2
12	84050001	0.720722	1.01114	2
12	84100001	0.968127	1.01114	2
12	84150001	0.702461	1.01114	2
12	84200001	1.22217	1.01114	2
12	84250001	0.771004	1.01114	2
12	84300001	0.890947	1.01114	2
12	84350001	1.05175	1.01114	2
12	84400001	0.902769	1.01114	2
12	84450001	1.08449	1.01114	2
12	84500001	0.698401	1.01114	2
12	84550001	0.948478	1.01114	2
12	84600001	0.690414	1.01114	2
12	84650001	0.97687	1.01114	2
12	84700001	0.876877	1.01114	2
12	84750001	1.12903	1.01114	2
12	84800001	1.01722	1.01114	2
12	84850001	0.898083	1.01114	2
12	84900001	1.43177	1.01114	2
12	84950001	0.98685	1.01114	2
12	85000001	1.38526	1.01114	2
12	85050001	0.801082	1.01114	2
12	85100001	1.26295	1.01114	2
12	85150001	0.94755	1.01114	2
12	85200001	1.13246	1.01114	2
12	85250001	0.971663	1.01114	2
12	85300001	0.943426	1.01114	2
12	85350001	1.13542	1.01114	2
12	85400001	1.08317	1.01114	2
12	85450001	1.14827	1.01114	2
12	85500001	1.05423	1.01114	2
12	85550001	0.980654	1.01114	2
12	85600001	0.989233	1.01114	2
12	85650001	1.12777	1.01114	2
12	85700001	1.13236	1.01114	2
12	85750001	1.1635	1.01114	2
12	85800001	0.910075	1.01114	2
12	85850001	1.01345	1.01114	2
12	85900001	1.13103	1.01114	2
12	85950001	1.01412	1.01114	2
12	86000001	1.25864	1.01114	2
12	86050001	0.776871	1.01114	2
12	86100001	1.01097	1.01114	2
12	86150001	1.00619	1.01114	2
12	86200001	0.904927	1.01114	2
12	86250001	1.12462	1.01114	2
12	86300001	1.32657	1.01114	2
12	86350001	0.997636	1.01114	2
12	86400001	0.806396	1.01114	2
12	86450001	1.10465	1.01114	2
12	86500001	1.01132	1.01114	2
12	86550001	1.3661	1.01114	2
12	86600001	1.16979	1.01114	2
12	86650001	1.21525	1.01114	2
12	86700001	0.805596	1.01114	2
12	86750001	1.10029	1.01114	2
12	86800001	1.03104	1.01114	2
12	86850001	0.827017	1.01114	2
12	86900001	0.983075	1.01114	2
12	86950001	0.876762	1.01114	2
12	87000001	1.39463	1.01114	2
12	87050001	0.888598	1.01114	2
12	87100001	0.858142	1.01114	2
12	87150001	1.0734	1.01114	2
12	87200001	0.858806	1.01114	2
12	87250001	0.962084	1.01114	2
12	87300001	0.976237	1.01114	2
12	87350001	0.896606	1.01114	2
12	87400001	0.596189	1.01114	2
12	87450001	0.931939	1.01114	2
12	87500001	1.00714	1.01114	2
12	87550001	1.23678	1.01114	2
12	87600001	0.875168	1.01114	2
12	87650001	1.11233	1.01114	2
12	87700001	1.09007	1.01114	2
12	87750001	1.20758	1.01114	2
12	87800001	1.03203	1.01114	2
12	87850001	1.01757	1.01114	2
12	87900001	0.955856	1.01114	2
12	87950001	1.07984	1.01114	2
12	88000001	1.11614	1.01114	2
12	88050001	1.00858	1.01114	2
12	88100001	0.985934	1.01114	2
12	88150001	1.00194	1.01114	2
12	88200001	1.14063	1.01114	2
12	88250001	1.23761	1.01114	2
12	88300001	0.8682	1.01114	2
12	88350001	1.20269	1.01114	2
12	88400001	1.17881	1.01114	2
12	88450001	0.961674	1.01114	2
12	88500001	1.18046	1.01114	2
12	88550001	1.01597	1.01114	2
12	88600001	1.14736	1.01114	2
12	88650001	1.10591	1.01114	2
12	88700001	0.990884	1.01114	2
12	88750001	1.18023	1.01114	2
12	88800001	1.06677	1.01114	2
12	88850001	1.10249	1.01114	2
12	88900001	1.11916	1.01114	2
12	88950001	0.818026	1.01114	2
12	89000001	1.31901	1.01114	2
12	89050001	1.1895	1.01114	2
12	89100001	1.17777	1.01114	2
12	89150001	0.756826	1.01114	2
12	89200001	1.02322	1.01114	2
12	89250001	1.00075	1.01114	2
12	89300001	1.19877	1.01114	2
12	89350001	0.946095	1.01114	2
12	89400001	0.948604	1.01114	2
12	89450001	0.980112	1.01114	2
12	89500001	1.05981	1.01114	2
12	89550001	0.939234	1.01114	2
12	89600001	0.906581	1.01114	2
12	89650001	0.934006	1.01114	2
12	89700001	0.924858	1.01114	2
12	89750001	1.06422	1.01114	2
12	89800001	1.04333	1.01114	2
12	89850001	1.00618	1.01114	2
12	89900001	0.979188	1.01114	2
12	89950001	0.864179	1.01114	2
12	90000001	0.838216	1.01114	2
12	90050001	0.940168	1.01114	2
12	90100001	1.00357	1.01114	2
12	90150001	0.881192	1.01114	2
12	90200001	0.860291	1.01114	2
12	90250001	0.783905	1.01114	2
12	90300001	1.0124	1.01114	2
12	90350001	1.0068	1.01114	2
12	90400001	1.32879	1.01114	2
12	90450001	1.24691	1.01114	2
12	90500001	1.05214	1.01114	2
12	90550001	1.18893	1.01114	2
12	90600001	0.973077	1.01114	2
12	90650001	1.09052	1.01114	2
12	90700001	1.07692	1.01114	2
12	90750001	0.746095	1.01114	2
12	90800001	1.0199	1.01114	2
12	90850001	1.13883	1.01114	2
12	90900001	1.05383	1.01114	2
12	90950001	1.02881	1.01114	2
12	91000001	0.898841	1.01114	2
12	91050001	0.91966	1.01114	2
12	91100001	0.919441	1.01114	2
12	91150001	1.13985	1.01114	2
12	91200001	1.20146	1.01114	2
12	91250001	1.13967	1.01114	2
12	91300001	0.87904	1.01114	2
12	91350001	1.2053	1.01114	2
12	91400001	1.27758	1.01114	2
12	91450001	1.14938	1.01114	2
12	91500001	1.18969	1.01114	2
12	91550001	0.906522	1.01114	2
12	91600001	1.29084	1.01114	2
12	91650001	1.10432	1.01114	2
12	91700001	0.982123	1.01114	2
12	91750001	1.02466	1.01114	2
12	91800001	1.034	1.01114	2
12	91850001	1.00677	1.01114	2
12	91900001	1.23148	1.01114	2
12	91950001	0.926019	1.01114	2
12	92000001	0.869059	1.01114	2
12	92050001	1.17435	1.01114	2
12	92100001	1.23814	1.01114	2
12	92150001	0.906456	1.01114	2
12	92200001	1.09142	1.01114	2
12	92250001	1.09919	1.01114	2
12	92300001	1.13158	1.01114	2
12	92350001	1.2571	1.01114	2
12	92400001	1.21965	1.01114	2
12	92450001	0.939363	1.01114	2
12	92500001	1.26335	1.01114	2
12	92550001	1.32956	1.01114	2
12	92600001	0.979946	1.01114	2
12	92650001	1.09822	1.01114	2
12	92700001	0.900361	1.01114	2
12	92750001	1.0896	1.01114	2
12	92800001	1.0167	1.01114	2
12	92850001	1.31765	1.01114	2
12	92900001	0.901587	1.01114	2
12	92950001	1.29114	1.01114	2
12	93000001	1.36151	1.01114	2
12	93050001	1.32525	1.01114	2
12	93100001	1.31756	1.01114	2
12	93150001	1.07606	1.01114	2
12	93200001	1.15825	1.01114	2
12	93250001	0.961854	1.01114	2
12	93300001	0.959237	1.01114	2
12	93350001	1.22378	1.01114	2
12	93400001	1.2592	1.01114	2
12	93450001	1.13402	1.01114	2
12	93500001	0.756267	1.01114	2
12	93550001	1.14387	1.01114	2
12	93600001	1.19983	1.01114	2
12	93650001	0.888637	1.01114	2
12	93700001	0.830342	1.01114	2
12	93750001	1.25577	1.01114	2
12	93800001	0.933985	1.01114	2
12	93850001	1.21457	1.01114	2
12	93900001	1.21454	1.01114	2
12	93950001	0.881917	1.01114	2
12	94000001	1.1794	1.01114	2
12	94050001	0.953385	1.01114	2
12	94100001	1.31296	1.01114	2
12	94150001	1.13131	1.01114	2
12	94200001	0.862498	1.01114	2
12	94250001	1.00791	1.01114	2
12	94300001	0.931862	1.01114	2
12	94350001	1.25145	1.01114	2
12	94400001	1.28853	1.01114	2
12	94450001	1.22642	1.01114	2
12	94500001	1.10681	1.01114	2
12	94550001	1.04166	1.01114	2
12	94600001	0.919186	1.01114	2
12	94650001	0.759921	1.01114	2
12	94700001	0.925223	1.01114	2
12	94750001	1.05457	1.01114	2
12	94800001	1.07327	1.01114	2
12	94850001	1.10539	1.01114	2
12	94900001	0.852105	1.01114	2
12	94950001	1.14402	1.01114	2
12	95000001	1.19911	1.01114	2
12	95050001	0.773425	1.01114	2
12	95100001	0.998246	1.01114	2
12	95150001	1.43523	1.01114	2
12	95200001	1.05647	1.01114	2
12	95250001	0.844477	1.01114	2
12	95300001	0.980268	1.01114	2
12	95350001	0.775391	1.01114	2
12	95400001	0.844472	1.01114	2
12	95450001	0.794783	1.01114	2
12	95500001	0.856841	1.01114	2
12	95550001	1.1205	1.01114	2
12	95600001	0.764418	1.01114	2
12	95650001	0.701614	1.01114	2
12	95700001	0.836547	1.01114	2
12	95750001	0.875338	1.01114	2
12	95800001	0.837424	1.01114	2
12	95850001	1.31337	1.01114	2
12	95900001	1.27075	1.01114	2
12	95950001	0.861625	1.01114	2
12	96000001	0.710455	1.01114	2
12	96050001	1.11079	1.01114	2
12	96100001	1.03702	1.01114	2
12	96150001	1.07022	1.01114	2
12	96200001	1.19472	1.01114	2
12	96250001	1.08749	1.01114	2
12	96300001	1.15566	1.01114	2
12	96350001	1.05286	1.01114	2
12	96400001	0.922154	1.01114	2
12	96450001	1.05744	1.01114	2
12	96500001	0.783541	1.01114	2
12	96550001	1.04754	1.01114	2
12	96600001	0.969821	1.01114	2
12	96650001	1.25371	1.01114	2
12	96700001	0.931825	1.01114	2
12	96750001	1.00421	1.01114	2
12	96800001	0.971087	1.01114	2
12	96850001	0.904241	1.01114	2
12	96900001	1.02679	1.01114	2
12	96950001	1.18172	1.01114	2
12	97000001	0.784062	1.01114	2
12	97050001	1.10436	1.01114	2
12	97100001	0.919677	1.01114	2
12	97150001	0.891336	1.01114	2
12	97200001	0.89241	1.01114	2
12	97250001	0.710497	1.01114	2
12	97300001	1.17625	1.01114	2
12	97350001	1.31273	1.01114	2
12	97400001	1.06664	1.01114	2
12	97450001	1.02778	1.01114	2
12	97500001	1.09789	1.01114	2
12	97550001	1.00327	1.01114	2
12	97600001	1.05782	1.01114	2
12	97650001	1.22866	1.01114	2
12	97700001	0.831513	1.01114	2
12	97750001	0.704062	1.01114	2
12	97800001	1.22204	1.01114	2
12	97850001	1.08071	1.01114	2
12	97900001	1.23594	1.01114	2
12	97950001	1.18079	1.01114	2
12	98000001	1.07455	1.01114	2
12	98050001	1.15678	1.01114	2
12	98100001	0.779356	1.01114	2
12	98150001	0.851915	1.01114	2
12	98200001	0.789412	1.01114	2
12	98250001	0.881124	1.01114	2
12	98300001	1.0375	1.01114	2
12	98350001	1.0571	1.01114	2
12	98400001	0.734381	1.01114	2
12	98450001	1.07059	1.01114	2
12	98500001	1.03687	1.01114	2
12	98550001	0.884623	1.01114	2
12	98600001	0.882712	1.01114	2
12	98650001	1.1212	1.01114	2
12	98700001	1.08564	1.01114	2
12	98750001	0.893973	1.01114	2
12	98800001	0.996759	1.01114	2
12	98850001	1.07214	1.01114	2
12	98900001	1.08827	1.01114	2
12	98950001	1.06299	1.01114	2
12	99000001	1.07072	1.01114	2
12	99050001	0.855403	1.01114	2
12	99100001	1.07008	1.01114	2
12	99150001	1.0232	1.01114	2
12	99200001	1.07224	1.01114	2
12	99250001	0.93556	1.01114	2
12	99300001	1.06388	1.01114	2
12	99350001	0.909931	1.01114	2
12	99400001	1.00171	1.01114	2
12	99450001	0.969673	1.01114	2
12	99500001	0.845133	1.01114	2
12	99550001	0.980502	1.01114	2
12	99600001	0.952337	1.01114	2
12	99650001	1.15006	1.01114	2
12	99700001	0.982389	1.01114	2
12	99750001	1.15205	1.01114	2
12	99800001	1.00893	1.01114	2
12	99850001	1.11725	1.01114	2
12	99900001	0.814989	1.01114	2
12	99950001	0.844235	1.01114	2
12	100000001	1.0799	1.01114	2
12	100050001	1.20497	1.01114	2
12	100100001	1.03597	1.01114	2
12	100150001	0.948094	1.01114	2
12	100200001	1.06195	1.01114	2
12	100250001	0.829101	1.01114	2
12	100300001	0.922422	1.01114	2
12	100350001	1.14596	1.01114	2
12	100400001	0.883976	1.01114	2
12	100450001	0.78029	1.01114	2
12	100500001	1.02036	1.01114	2
12	100550001	0.877211	1.01114	2
12	100600001	0.819577	1.01114	2
12	100650001	0.882999	1.01114	2
12	100700001	0.932238	1.01114	2
12	100750001	0.746787	1.01114	2
12	100800001	0.891436	1.01114	2
12	100850001	0.841532	1.01114	2
12	100900001	0.929261	1.01114	2
12	100950001	1.0377	1.01114	2
12	101000001	0.756005	1.01114	2
12	101050001	0.981725	1.01114	2
12	101100001	0.992526	1.01114	2
12	101150001	0.813475	1.01114	2
12	101200001	1.09367	1.01114	2
12	101250001	1.02435	1.01114	2
12	101300001	1.13107	1.01114	2
12	101350001	0.958029	1.01114	2
12	101400001	0.859617	1.01114	2
12	101450001	0.859919	1.01114	2
12	101500001	0.779071	1.01114	2
12	101550001	1.06451	1.01114	2
12	101600001	1.03764	1.01114	2
12	101650001	1.14101	1.01114	2
12	101700001	0.679728	1.01114	2
12	101750001	1.30751	1.01114	2
12	101800001	0.940599	1.01114	2
12	101850001	0.696033	1.01114	2
12	101900001	1.25482	1.01114	2
12	101950001	0.947816	1.01114	2
12	102000001	0.797419	1.01114	2
12	102050001	1.00791	1.01114	2
12	102100001	1.1135	1.01114	2
12	102150001	1.00987	1.01114	2
12	102200001	1.18812	1.01114	2
12	102250001	0.724984	1.01114	2
12	102300001	0.72711	1.01114	2
12	102350001	0.965929	1.01114	2
12	102400001	0.741221	1.01114	2
12	102450001	1.25561	1.01114	2
12	102500001	1.22277	1.01114	2
12	102550001	1.12147	1.01114	2
12	102600001	1.29504	1.01114	2
12	102650001	1.08689	1.01114	2
12	102700001	1.08759	1.01114	2
12	102750001	1.27267	1.01114	2
12	102800001	1.07787	1.01114	2
12	102850001	0.983856	1.01114	2
12	102900001	1.02308	1.01114	2
12	102950001	1.07019	1.01114	2
12	103000001	1.1867	1.01114	2
12	103050001	1.14496	1.01114	2
12	103100001	1.1555	1.01114	2
12	103150001	0.917263	1.01114	2
12	103200001	1.22139	1.01114	2
12	103250001	0.988226	1.01114	2
12	103300001	0.922188	1.01114	2
12	103350001	1.23751	1.01114	2
12	103400001	0.994862	1.01114	2
12	103450001	1.18293	1.01114	2
12	103500001	0.900461	1.01114	2
12	103550001	0.990027	1.01114	2
12	103600001	1.00421	1.01114	2
12	103650001	0.998123	1.01114	2
12	103700001	1.05131	1.01114	2
12	103750001	0.974259	1.01114	2
12	103800001	1.04106	1.01114	2
12	103850001	0.831528	1.01114	2
12	103900001	1.22945	1.01114	2
12	103950001	1.05796	1.01114	2
12	104000001	0.913261	1.01114	2
12	104050001	0.970312	1.01114	2
12	104100001	0.917868	1.01114	2
12	104150001	0.778205	1.01114	2
12	104200001	1.10096	1.01114	2
12	104250001	1.00104	1.01114	2
12	104300001	1.10165	1.01114	2
12	104350001	1.02331	1.01114	2
12	104400001	1.1981	1.01114	2
12	104450001	0.927164	1.01114	2
12	104500001	0.787271	1.01114	2
12	104550001	1.29084	1.01114	2
12	104600001	0.797434	1.01114	2
12	104650001	0.809177	1.01114	2
12	104700001	1.31684	1.01114	2
12	104750001	0.905153	1.01114	2
12	104800001	1.14795	1.01114	2
12	104850001	0.913497	1.01114	2
12	104900001	0.961223	1.01114	2
12	104950001	1.01937	1.01114	2
12	105000001	0.858442	1.01114	2
12	105050001	1.01251	1.01114	2
12	105100001	0.905337	1.01114	2
12	105150001	1.34232	1.01114	2
12	105200001	1.36851	1.01114	2
12	105250001	0.954372	1.01114	2
12	105300001	1.33998	1.01114	2
12	105350001	0.947754	1.01114	2
12	105400001	1.07622	1.01114	2
12	105450001	0.760143	1.01114	2
12	105500001	1.39973	1.01114	2
12	105550001	1.34153	1.01114	2
12	105600001	0.960016	1.01114	2
12	105650001	1.31515	1.01114	2
12	105700001	1.10878	1.01114	2
12	105750001	1.02375	1.01114	2
12	105800001	1.25406	1.01114	2
12	105850001	0.712114	1.01114	2
12	105900001	0.950667	1.01114	2
12	105950001	1.00319	1.01114	2
12	106000001	0.841344	1.01114	2
12	106050001	1.19129	1.01114	2
12	106100001	0.802017	1.01114	2
12	106150001	1.28442	1.01114	2
12	106200001	1.34456	1.01114	2
12	106250001	1.09651	1.01114	2
12	106300001	1.09953	1.01114	2
12	106350001	0.981768	1.01114	2
12	106400001	1.06509	1.01114	2
12	106450001	1.03218	1.01114	2
12	106500001	0.943136	1.01114	2
12	106550001	1.11575	1.01114	2
12	106600001	1.04473	1.01114	2
12	106650001	0.838927	1.01114	2
12	106700001	1.08377	1.01114	2
12	106750001	1.09434	1.01114	2
12	106800001	1.0754	1.01114	2
12	106850001	1.00627	1.01114	2
12	106900001	1.30301	1.01114	2
12	106950001	0.840745	1.01114	2
12	107000001	1.34337	1.01114	2
12	107050001	1.01408	1.01114	2
12	107100001	0.991712	1.01114	2
12	107150001	1.22344	1.01114	2
12	107200001	0.984522	1.01114	2
12	107250001	0.960453	1.01114	2
12	107300001	1.50004	1.01114	2
12	107350001	0.953409	1.01114	2
12	107400001	1.46745	1.01114	2
12	107450001	1.11863	1.01114	2
12	107500001	0.974812	1.01114	2
12	107550001	0.96895	1.01114	2
12	107600001	0.932168	1.01114	2
12	107650001	1.16595	1.01114	2
12	107700001	1.08332	1.01114	2
12	107750001	0.967191	1.01114	2
12	107800001	1.07472	1.01114	2
12	107850001	-1	1.01114	2
12	107900001	-1	1.01114	2
12	107950001	1.30134	1.01114	2
12	108000001	0.844306	1.01114	2
12	108050001	0.913406	1.01114	2
12	108100001	1.21302	1.01114	2
12	108150001	1.53663	1.01114	2
12	108200001	0.871872	1.01114	2
12	108250001	1.19417	1.01114	2
12	108300001	0.874317	1.01114	2
12	108350001	0.999516	1.01114	2
12	108400001	1.19298	1.01114	2
12	108450001	1.44772	1.01114	2
12	108500001	0.865501	1.01114	2
12	108550001	1.19509	1.01114	2
12	108600001	0.873171	1.01114	2
12	108650001	1.14418	1.01114	2
12	108700001	1.07981	1.01114	2
12	108750001	1.15598	1.01114	2
12	108800001	0.871941	0.941933	2
12	108850001	0.864047	0.941933	2
12	108900001	0.60171	0.941933	2
12	108950001	0.738552	0.941933	2
12	109000001	0.575487	0.941933	2
12	109050001	1.0471	0.941933	2
12	109100001	0.923746	0.941933	2
12	109150001	0.610262	0.941933	2
12	109200001	0.944843	0.941933	2
12	109250001	1.09223	0.941933	2
12	109300001	1.13569	0.941933	2
12	109350001	0.482454	0.941933	2
12	109400001	0.607253	0.941933	2
12	109450001	0.907945	0.941933	2
12	109500001	0.945176	0.941933	2
12	109550001	1.13755	0.941933	2
12	109600001	0.731474	0.941933	2
12	109650001	0.875211	0.941933	2
12	109700001	0.655932	0.941933	2
12	109750001	1.2559	0.941933	2
12	109800001	0.831902	0.941933	2
12	109850001	1.30973	0.941933	2
12	109900001	0.751818	0.941933	2
12	109950001	0.787198	0.941933	2
12	110000001	0.753293	0.941933	2
12	110050001	1.22287	0.941933	2
12	110100001	0.958496	0.941933	2
12	110150001	0.624189	0.941933	2
12	110200001	0.636247	0.941933	2
12	110250001	0.90946	0.941933	2
12	110300001	1.22121	0.941933	2
12	110350001	0.990699	0.941933	2
12	110400001	0.973814	0.941933	2
12	110450001	0.975416	0.941933	2
12	110500001	1.08934	0.941933	2
12	110550001	0.935	0.941933	2
12	110600001	1.17249	0.941933	2
12	110650001	0.574519	0.941933	2
12	110700001	0.961475	0.941933	2
12	110750001	1.27682	0.941933	2
12	110800001	0.871986	0.941933	2
12	110850001	1.00785	0.941933	2
12	110900001	0.521377	0.941933	2
12	110950001	0.835499	0.941933	2
12	111000001	0.952284	0.941933	2
12	111050001	0.724088	0.941933	2
12	111100001	0.974416	0.941933	2
12	111150001	0.855931	0.941933	2
12	111200001	0.937816	0.941933	2
12	111250001	1.16154	0.941933	2
12	111300001	0.852197	0.941933	2
12	111350001	0.833814	0.941933	2
12	111400001	0.895019	0.941933	2
12	111450001	0.703616	0.941933	2
12	111500001	0.968715	0.941933	2
12	111550001	0.971669	0.941933	2
12	111600001	1.00712	0.941933	2
12	111650001	0.714825	0.941933	2
12	111700001	0.892456	0.941933	2
12	111750001	0.605087	0.941933	2
12	111800001	0.743789	0.941933	2
12	111850001	0.927463	0.941933	2
12	111900001	1.13079	0.941933	2
12	111950001	1.38896	0.941933	2
12	112000001	0.958722	0.941933	2
12	112050001	0.96049	0.941933	2
12	112100001	0.915569	0.941933	2
12	112150001	0.790552	0.941933	2
12	112200001	1.18176	0.941933	2
12	112250001	0.940158	0.941933	2
12	112300001	0.830254	0.941933	2
12	112350001	1.2798	0.941933	2
12	112400001	1.16084	0.941933	2
12	112450001	0.924378	0.941933	2
12	112500001	0.93663	0.941933	2
12	112550001	0.894551	0.941933	2
12	112600001	0.885769	0.941933	2
12	112650001	1.29545	0.941933	2
12	112700001	1.09149	0.941933	2
12	112750001	1.04816	0.941933	2
12	112800001	0.976574	0.941933	2
12	112850001	0.98126	0.941933	2
12	112900001	0.765281	0.941933	2
12	112950001	1.06165	0.941933	2
12	113000001	0.995725	0.941933	2
12	113050001	0.937509	0.941933	2
12	113100001	1.14492	0.941933	2
12	113150001	0.863833	0.941933	2
12	113200001	0.92521	0.941933	2
12	113250001	0.917706	0.941933	2
12	113300001	1.0257	0.941933	2
12	113350001	1.20994	0.941933	2
12	113400001	1.03952	0.941933	2
12	113450001	1.13524	0.941933	2
12	113500001	0.683716	0.941933	2
12	113550001	0.717294	0.941933	2
12	113600001	1.0451	0.941933	2
12	113650001	0.800371	0.941933	2
12	113700001	0.727886	0.941933	2
12	113750001	0.652656	0.941933	2
12	113800001	0.604124	0.941933	2
12	113850001	1.07122	0.941933	2
12	113900001	0.629254	0.941933	2
12	113950001	0.740354	0.941933	2
12	114000001	0.917743	0.941933	2
12	114050001	0.814945	0.941933	2
12	114100001	0.67799	0.941933	2
12	114150001	0.943473	0.941933	2
12	114200001	0.827937	0.941933	2
12	114250001	0.510674	0.941933	2
12	114300001	0.947637	0.941933	2
12	114350001	0.659125	0.941933	2
12	114400001	0.838768	0.941933	2
12	114450001	1.06615	0.941933	2
12	114500001	0.989812	0.941933	2
12	114550001	0.930964	0.941933	2
12	114600001	1.29559	0.941933	2
12	114650001	1.0154	0.941933	2
12	114700001	0.958961	0.941933	2
12	114750001	1.03959	0.941933	2
12	114800001	1.02417	0.941933	2
12	114850001	1.19958	0.941933	2
12	114900001	0.865319	0.941933	2
12	114950001	0.898339	0.941933	2
12	115000001	0.835932	0.941933	2
12	115050001	0.910747	0.941933	2
12	115100001	0.849836	0.941933	2
12	115150001	0.684156	0.941933	2
12	115200001	0.825563	0.941933	2
12	115250001	0.965264	0.941933	2
12	115300001	0.998546	0.941933	2
12	115350001	1.00015	0.941933	2
12	115400001	1.15426	0.941933	2
12	115450001	1.02128	0.941933	2
12	115500001	1.06556	0.941933	2
12	115550001	1.00556	0.941933	2
12	115600001	0.955854	0.941933	2
12	115650001	0.913446	0.941933	2
12	115700001	0.599171	0.941933	2
12	115750001	1.29175	0.941933	2
12	115800001	1.10747	0.941933	2
12	115850001	0.888948	0.941933	2
12	115900001	0.860727	0.941933	2
12	115950001	1.12239	0.941933	2
12	116000001	1.12506	0.941933	2
12	116050001	1.0597	0.941933	2
12	116100001	1.11965	0.941933	2
12	116150001	0.955202	0.941933	2
12	116200001	1.17197	0.941933	2
12	116250001	1.17288	0.941933	2
12	116300001	0.948486	0.941933	2
12	116350001	1.23265	0.941933	2
12	116400001	0.840875	0.941933	2
12	116450001	1.21492	0.941933	2
12	116500001	1.0805	0.941933	2
12	116550001	1.01816	0.941933	2
12	116600001	1.02903	0.941933	2
12	116650001	0.981869	0.941933	2
12	116700001	1.16872	0.941933	2
12	116750001	1.22181	0.941933	2
12	116800001	0.940393	0.941933	2
12	116850001	0.664079	0.941933	2
12	116900001	1.13843	0.941933	2
12	116950001	1.03538	0.941933	2
12	117000001	1.06672	0.941933	2
12	117050001	1.05	0.941933	2
12	117100001	0.75419	0.941933	2
12	117150001	0.950348	0.941933	2
12	117200001	0.93721	0.941933	2
12	117250001	0.759478	0.941933	2
12	117300001	1.01379	0.941933	2
12	117350001	0.748495	0.941933	2
12	117400001	1.04313	0.941933	2
12	117450001	0.543331	0.941933	2
12	117500001	0.551975	0.941933	2
12	117550001	0.823255	0.941933	2
12	117600001	0.89725	0.941933	2
12	117650001	0.726286	0.941933	2
12	117700001	0.967774	0.941933	2
12	117750001	0.625224	0.941933	2
12	117800001	0.899674	0.941933	2
12	117850001	1.03072	0.941933	2
12	117900001	0.919689	0.941933	2
12	117950001	0.908033	0.941933	2
12	118000001	1.29859	0.941933	2
12	118050001	1.03795	0.941933	2
12	118100001	0.959568	0.941933	2
12	118150001	1.01822	0.941933	2
12	118200001	0.919414	0.941933	2
12	118250001	0.881679	0.941933	2
12	118300001	0.769333	0.941933	2
12	118350001	0.936789	0.941933	2
12	118400001	1.08428	0.941933	2
12	118450001	0.768163	0.941933	2
12	118500001	0.635224	0.941933	2
12	118550001	1.22592	0.941933	2
12	118600001	0.76729	0.941933	2
12	118650001	1.15313	0.941933	2
12	118700001	0.828264	0.941933	2
12	118750001	1.08076	0.941933	2
12	118800001	1.11626	0.941933	2
12	118850001	1.06176	0.941933	2
12	118900001	0.853481	0.941933	2
12	118950001	0.957182	0.941933	2
12	119000001	1.03407	0.941933	2
12	119050001	1.14078	0.941933	2
12	119100001	0.937141	0.941933	2
12	119150001	1.21862	0.941933	2
12	119200001	1.02652	0.941933	2
12	119250001	0.950373	0.941933	2
12	119300001	1.017	0.941933	2
12	119350001	1.03784	0.941933	2
12	119400001	1.01189	0.941933	2
12	119450001	0.703086	0.941933	2
12	119500001	1.05545	0.941933	2
12	119550001	1.1193	0.941933	2
12	119600001	0.84053	0.941933	2
12	119650001	1.06497	0.941933	2
12	119700001	0.922673	0.941933	2
12	119750001	1.3113	0.941933	2
12	119800001	1.21298	0.941933	2
12	119850001	1.14771	0.941933	2
12	119900001	0.838821	0.941933	2
12	119950001	0.862875	0.941933	2
12	120000001	0.986655	0.941933	2
12	120050001	1.1936	0.941933	2
12	120100001	1.02335	0.941933	2
12	120150001	1.16636	0.941933	2
12	120200001	0.892898	0.941933	2
12	120250001	0.933636	0.941933	2
12	120300001	1.08187	0.941933	2
12	120350001	0.902619	0.941933	2
12	120400001	0.911223	0.941933	2
12	120450001	1.04913	0.941933	2
12	120500001	0.739962	0.941933	2
12	120550001	0.910839	0.941933	2
12	120600001	0.672888	0.941933	2
12	120650001	0.505844	0.941933	2
12	120700001	0.962871	0.941933	2
12	120750001	1.09059	0.941933	2
12	120800001	0.864126	0.941933	2
12	120850001	1.24703	0.941933	2
12	120900001	0.985028	0.941933	2
12	120950001	1.15142	0.941933	2
12	121000001	-1	0.941933	2
12	121050001	-1	0.941933	2
12	121100001	-1	0.941933	2
12	121150001	0.949738	0.941933	2
12	121200001	1.1175	0.941933	2
12	121250001	1.00555	0.941933	2
12	121300001	0.989891	0.941933	2
12	121350001	1.16619	0.941933	2
12	121400001	0.597975	0.941933	2
12	121450001	0.92539	0.941933	2
12	121500001	0.865207	0.941933	2
12	121550001	1.03983	0.941933	2
12	121600001	1.12313	0.941933	2
12	121650001	0.746689	0.941933	2
12	121700001	0.76664	0.941933	2
12	121750001	1.08452	0.941933	2
12	121800001	0.804528	0.941933	2
12	121850001	0.719132	0.941933	2
12	121900001	0.762433	0.941933	2
12	121950001	0.74538	0.941933	2
12	122000001	1.11516	0.941933	2
12	122050001	0.767767	0.941933	2
12	122100001	1.13719	0.941933	2
12	122150001	0.67508	0.941933	2
12	122200001	0.481418	0.941933	2
12	122250001	0.481793	0.941933	2
12	122300001	0.960815	0.941933	2
12	122350001	0.713177	0.941933	2
12	122400001	1.19662	0.941933	2
12	122450001	0.639731	0.941933	2
12	122500001	0.361544	0.941933	2
12	122550001	0.505308	0.941933	2
12	122600001	0.614823	0.941933	2
12	122650001	0.95193	0.941933	2
12	122700001	0.783671	0.941933	2
12	122750001	0.97802	0.941933	2
12	122800001	0.938169	0.941933	2
12	122850001	0.784382	0.941933	2
12	122900001	0.88216	0.941933	2
12	122950001	1.0047	0.941933	2
12	123000001	1.09567	0.941933	2
12	123050001	0.845273	0.941933	2
12	123100001	1.21513	0.941933	2
12	123150001	0.555511	0.941933	2
12	123200001	0.850905	0.941933	2
12	123250001	0.708208	0.941933	2
12	123300001	0.473827	0.941933	2
12	123350001	1.18559	0.941933	2
12	123400001	0.873433	0.941933	2
12	123450001	0.668705	0.941933	2
12	123500001	1.06087	0.941933	2
12	123550001	1.08271	0.941933	2
12	123600001	1.04143	0.941933	2
12	123650001	0.996358	0.941933	2
12	123700001	0.913904	0.941933	2
12	123750001	0.724691	0.941933	2
12	123800001	0.836238	0.941933	2
12	123850001	1.05038	0.941933	2
12	123900001	0.841074	0.941933	2
12	123950001	0.762083	0.941933	2
12	124000001	0.918825	0.941933	2
12	124050001	1.37022	0.941933	2
12	124100001	0.728423	0.941933	2
12	124150001	1.24082	0.941933	2
12	124200001	1.12346	0.941933	2
12	124250001	0.915496	0.941933	2
12	124300001	1.03	0.941933	2
12	124350001	0.836176	0.941933	2
12	124400001	0.836091	0.941933	2
12	124450001	0.986382	0.941933	2
12	124500001	0.937581	0.941933	2
12	124550001	0.525196	0.941933	2
12	124600001	0.956172	0.941933	2
12	124650001	1.03643	0.941933	2
12	124700001	0.972976	0.941933	2
12	124750001	0.544938	0.622439	1
12	124800001	0.251648	0.622439	1
12	124850001	0.373533	0.622439	1
12	124900001	0.452076	0.622439	1
12	124950001	0.605717	0.622439	1
12	125000001	0.37159	0.622439	1
12	125050001	0.883658	0.622439	1
12	125100001	0.803608	0.622439	1
12	125150001	0.622439	0.622439	1
12	125200001	0.573145	0.622439	1
12	125250001	0.661238	0.622439	1
12	125300001	0.707678	0.622439	1
12	125350001	0.726688	0.622439	1
12	125400001	0.778232	0.622439	1
12	125450001	0.679315	0.622439	1
12	125500001	1.06964	0.927948	2
12	125550001	0.776428	0.927948	2
12	125600001	0.78085	0.927948	2
12	125650001	0.676884	0.927948	2
12	125700001	0.837054	0.927948	2
12	125750001	1.06657	0.927948	2
12	125800001	1.0357	0.927948	2
12	125850001	1.09385	0.927948	2
12	125900001	0.838627	0.927948	2
12	125950001	1.12314	0.927948	2
12	126000001	0.941286	0.927948	2
12	126050001	0.983033	0.927948	2
12	126100001	1.22506	0.927948	2
12	126150001	0.964001	0.927948	2
12	126200001	0.772593	0.927948	2
12	126250001	0.861243	0.927948	2
12	126300001	0.656587	0.927948	2
12	126350001	0.968524	0.927948	2
12	126400001	0.895657	0.927948	2
12	126450001	0.851465	0.927948	2
12	126500001	1.15027	0.927948	2
12	126550001	0.988033	0.927948	2
12	126600001	0.891962	0.927948	2
12	126650001	0.850765	0.927948	2
12	126700001	1.0325	0.927948	2
12	126750001	0.971124	0.927948	2
12	126800001	0.911769	0.927948	2
12	126850001	1.10035	0.927948	2
12	126900001	0.874737	0.927948	2
12	126950001	0.86817	0.927948	2
12	127000001	1.12807	0.927948	2
12	127050001	0.789081	0.927948	2
12	127100001	0.781288	0.927948	2
12	127150001	0.851582	0.927948	2
12	127200001	0.883433	0.927948	2
12	127250001	1.17235	0.927948	2
12	127300001	1.02111	0.927948	2
12	127350001	0.817166	0.927948	2
12	127400001	0.987833	0.927948	2
12	127450001	0.84174	0.927948	2
12	127500001	1.17149	0.927948	2
12	127550001	0.837196	0.927948	2
12	127600001	0.927948	0.927948	2
12	127650001	1.14742	0.927948	2
12	127700001	0.769093	0.927948	2
12	127750001	1.07922	0.927948	2
12	127800001	1.28114	0.927948	2
12	127850001	1.36722	0.927948	2
12	127900001	0.958257	0.927948	2
12	127950001	1.01681	0.927948	2
12	128000001	0.903369	0.927948	2
12	128050001	1.04369	0.927948	2
12	128100001	1.05575	0.927948	2
12	128150001	0.939134	0.927948	2
12	128200001	1.04593	0.927948	2
12	128250001	0.78601	0.927948	2
12	128300001	0.992223	0.927948	2
12	128350001	1.0923	0.927948	2
12	128400001	0.847895	0.927948	2
12	128450001	0.785593	0.927948	2
12	128500001	1.02382	0.927948	2
12	128550001	0.994596	0.927948	2
12	128600001	0.980674	0.927948	2
12	128650001	0.82556	0.927948	2
12	128700001	0.856287	0.927948	2
12	128750001	0.966415	0.927948	2
12	128800001	0.986638	0.927948	2
12	128850001	1.15769	0.927948	2
12	128900001	0.923911	0.927948	2
12	128950001	0.829011	0.927948	2
12	129000001	0.805346	0.927948	2
12	129050001	0.983705	0.927948	2
12	129100001	0.781938	0.927948	2
12	129150001	1.14804	0.927948	2
12	129200001	0.848827	0.927948	2
12	129250001	0.769123	0.927948	2
12	129300001	0.865708	0.927948	2
12	129350001	1.14976	0.927948	2
12	129400001	0.531815	0.927948	2
12	129450001	0.952919	0.927948	2
12	129500001	0.832789	0.927948	2
12	129550001	0.807195	0.927948	2
12	129600001	1.2168	0.927948	2
12	129650001	1.17181	0.927948	2
12	129700001	1.11673	0.927948	2
12	129750001	0.815977	0.927948	2
12	129800001	0.915339	0.927948	2
12	129850001	1.09632	0.927948	2
12	129900001	1.11883	0.927948	2
12	129950001	0.717728	0.927948	2
12	130000001	1.28229	0.927948	2
12	130050001	1.08886	0.927948	2
12	130100001	1.1751	0.927948	2
12	130150001	0.88937	0.927948	2
12	130200001	0.99333	0.927948	2
12	130250001	0.887751	0.927948	2
12	130300001	0.858334	0.927948	2
12	130350001	0.94948	0.927948	2
12	130400001	0.833115	0.927948	2
12	130450001	0.850401	0.927948	2
12	130500001	0.806361	0.927948	2
12	130550001	0.776897	0.927948	2
12	130600001	0.480031	0.927948	2
12	130650001	1.07359	0.927948	2
12	130700001	0.917683	0.927948	2
12	130750001	1.02808	0.927948	2
12	130800001	0.889895	0.927948	2
12	130850001	0.917393	0.927948	2
12	130900001	0.314964	0.927948	2
12	130950001	0.440233	0.927948	2
12	131000001	1.1994	0.927948	2
12	131050001	0.651035	0.927948	2
12	131100001	0.785045	0.927948	2
12	131150001	0.783596	0.927948	2
12	131200001	1.02605	0.927948	2
12	131250001	-1	0.927948	2
12	131300001	-1	0.927948	2
12	131350001	0.936434	0.927948	2
12	131400001	1.29308	0.927948	2
12	131450001	0.557065	0.636638	1
12	131500001	0.468153	0.636638	1
12	131550001	0.62392	0.636638	1
12	131600001	0.649355	0.636638	1
12	131650001	0.894047	0.636638	1
12	131700001	0.614051	0.636638	1
12	131750001	0.526387	0.636638	1
12	131800001	0.892564	0.636638	1
12	131850001	0.515361	0.636638	1
12	131900001	0.813034	0.636638	1
12	131950001	0.738089	0.636638	1
12	132000001	0.882503	0.636638	1
12	132050001	0.792187	0.636638	1
12	132100001	0.544654	0.636638	1
12	132150001	0.548117	0.636638	1
12	132200001	0.700358	0.636638	1
12	132250001	-1	-1	1
12	132300001	-1	-1	1
12	132350001	-1	-1	1
12	132400001	-1	-1	1
12	132450001	-1	-1	1
12	132500001	-1	-1	1
12	132550001	-1	-1	1
12	132600001	-1	-1	1
12	132650001	-1	-1	1
12	132700001	-1	-1	1
12	132750001	-1	-1	1
12	132800001	-1	-1	1
12	132850001	-1	-1	1
12	132900001	-1	-1	1
12	132950001	-1	-1	1
12	133000001	-1	-1	1
12	133050001	-1	-1	1
12	133100001	-1	-1	1
12	133150001	-1	-1	1
12	133200001	-1	-1	1
12	133250001	-1	-1	1
12	133300001	-1	-1	1
12	133350001	-1	-1	1
12	133400001	-1	-1	1
12	133450001	-1	-1	1
12	133500001	-1	-1	1
12	133550001	-1	-1	1
12	133600001	-1	-1	1
12	133650001	-1	-1	1
12	133700001	-1	-1	1
12	133750001	-1	-1	1
12	133800001	-1	-1	1
12	133850001	-1	-1	1
