Chromosome	Start	Ratio	MedianRatio	CopyNumber
18	1	1.05269	0.859235	2
18	50001	0.829376	0.859235	2
18	100001	22.8242	0.859235	2
18	150001	0.869156	0.859235	2
18	200001	0.802553	0.859235	2
18	250001	0.614182	0.859235	2
18	300001	0.77201	0.859235	2
18	350001	0.699024	0.859235	2
18	400001	0.806193	0.859235	2
18	450001	1.00795	0.859235	2
18	500001	0.851505	0.859235	2
18	550001	0.884993	0.859235	2
18	600001	1.17689	0.859235	2
18	650001	0.758373	0.859235	2
18	700001	0.706469	0.859235	2
18	750001	0.61983	0.859235	2
18	800001	0.996857	0.859235	2
18	850001	0.859235	0.859235	2
18	900001	0.934833	0.859235	2
18	950001	0.835677	0.859235	2
18	1000001	0.864868	0.859235	2
18	1050001	1.07109	0.859235	2
18	1100001	1.21664	0.859235	2
18	1150001	1.046	0.859235	2
18	1200001	0.865735	0.859235	2
18	1250001	0.790188	0.859235	2
18	1300001	0.73489	0.859235	2
18	1350001	1.07172	0.859235	2
18	1400001	0.817085	0.859235	2
18	1450001	0.711873	0.859235	2
18	1500001	0.763693	0.859235	2
18	1550001	1.08013	0.859235	2
18	1600001	0.725447	0.859235	2
18	1650001	1.15789	0.859235	2
18	1700001	0.874362	0.859235	2
18	1750001	0.867304	0.859235	2
18	1800001	0.974155	0.859235	2
18	1850001	1.05857	0.859235	2
18	1900001	1.09444	0.859235	2
18	1950001	0.754978	0.859235	2
18	2000001	0.897498	0.859235	2
18	2050001	0.826779	0.859235	2
18	2100001	0.944255	0.859235	2
18	2150001	0.825601	0.859235	2
18	2200001	1.12317	0.859235	2
18	2250001	0.773928	0.859235	2
18	2300001	0.72645	0.859235	2
18	2350001	0.885482	0.859235	2
18	2400001	0.874902	0.859235	2
18	2450001	0.973656	0.859235	2
18	2500001	0.740251	0.859235	2
18	2550001	0.762892	0.859235	2
18	2600001	0.869197	0.859235	2
18	2650001	0.842778	0.859235	2
18	2700001	1.06568	0.859235	2
18	2750001	1.06934	0.859235	2
18	2800001	0.627835	0.859235	2
18	2850001	0.887572	0.859235	2
18	2900001	0.529245	0.859235	2
18	2950001	0.98037	0.859235	2
18	3000001	0.994381	0.859235	2
18	3050001	0.899031	0.859235	2
18	3100001	1.05439	0.859235	2
18	3150001	0.637123	0.859235	2
18	3200001	0.773149	0.859235	2
18	3250001	0.950908	0.859235	2
18	3300001	1.08103	0.859235	2
18	3350001	0.811418	0.859235	2
18	3400001	0.724423	0.859235	2
18	3450001	0.988677	0.859235	2
18	3500001	0.716	0.859235	2
18	3550001	0.867227	0.859235	2
18	3600001	0.856001	0.859235	2
18	3650001	0.54184	0.859235	2
18	3700001	1.09584	0.859235	2
18	3750001	0.916099	0.859235	2
18	3800001	1.29755	0.859235	2
18	3850001	0.573538	0.859235	2
18	3900001	0.858227	0.859235	2
18	3950001	0.901925	0.859235	2
18	4000001	0.782213	0.859235	2
18	4050001	0.600763	0.859235	2
18	4100001	0.623172	0.859235	2
18	4150001	0.872721	0.859235	2
18	4200001	1.05004	0.859235	2
18	4250001	1.40448	0.859235	2
18	4300001	0.861288	0.859235	2
18	4350001	0.69169	0.859235	2
18	4400001	1.1946	0.859235	2
18	4450001	0.689296	0.859235	2
18	4500001	0.679605	0.859235	2
18	4550001	0.937234	0.859235	2
18	4600001	0.925838	0.859235	2
18	4650001	0.609219	0.859235	2
18	4700001	0.897678	0.859235	2
18	4750001	0.706627	0.859235	2
18	4800001	1.04252	0.859235	2
18	4850001	0.593856	0.859235	2
18	4900001	0.950623	0.859235	2
18	4950001	1.05792	0.859235	2
18	5000001	0.823374	0.859235	2
18	5050001	1.10816	0.859235	2
18	5100001	0.93352	0.859235	2
18	5150001	1.1064	0.859235	2
18	5200001	0.726118	0.859235	2
18	5250001	0.776074	0.859235	2
18	5300001	0.982831	0.859235	2
18	5350001	0.961566	0.859235	2
18	5400001	0.987563	0.859235	2
18	5450001	0.704347	0.859235	2
18	5500001	1.00922	0.859235	2
18	5550001	0.835373	0.859235	2
18	5600001	1.05836	0.859235	2
18	5650001	0.823082	0.859235	2
18	5700001	1.02723	0.859235	2
18	5750001	0.868396	0.859235	2
18	5800001	0.731845	0.859235	2
18	5850001	0.837643	0.859235	2
18	5900001	0.714443	0.859235	2
18	5950001	0.783214	0.859235	2
18	6000001	0.762792	0.859235	2
18	6050001	0.935071	0.859235	2
18	6100001	1.12803	0.859235	2
18	6150001	0.778713	0.859235	2
18	6200001	1.04379	0.859235	2
18	6250001	0.838864	0.859235	2
18	6300001	0.625465	0.859235	2
18	6350001	0.899176	0.859235	2
18	6400001	0.931683	0.859235	2
18	6450001	0.980772	0.859235	2
18	6500001	0.801667	0.859235	2
18	6550001	0.953825	0.859235	2
18	6600001	0.807979	0.859235	2
18	6650001	0.92665	0.859235	2
18	6700001	0.821529	0.859235	2
18	6750001	0.83805	0.859235	2
18	6800001	0.780843	0.859235	2
18	6850001	0.776495	0.859235	2
18	6900001	1.28007	0.859235	2
18	6950001	0.990116	0.859235	2
18	7000001	0.714473	0.859235	2
18	7050001	0.736102	0.859235	2
18	7100001	0.503577	0.859235	2
18	7150001	0.816505	0.859235	2
18	7200001	0.880006	0.859235	2
18	7250001	0.705551	0.859235	2
18	7300001	0.656947	0.859235	2
18	7350001	0.638707	0.859235	2
18	7400001	0.859134	0.859235	2
18	7450001	1.16201	0.859235	2
18	7500001	0.862758	0.859235	2
18	7550001	1.20231	0.859235	2
18	7600001	0.760177	0.859235	2
18	7650001	0.821098	0.859235	2
18	7700001	0.824604	0.859235	2
18	7750001	1.16761	0.859235	2
18	7800001	0.901934	0.859235	2
18	7850001	1.1588	0.859235	2
18	7900001	1.18102	0.859235	2
18	7950001	0.737561	0.859235	2
18	8000001	0.92243	0.859235	2
18	8050001	0.963979	0.859235	2
18	8100001	0.955937	0.859235	2
18	8150001	1.07096	0.859235	2
18	8200001	0.79303	0.859235	2
18	8250001	0.952474	0.859235	2
18	8300001	0.817506	0.859235	2
18	8350001	0.823426	0.859235	2
18	8400001	0.947417	0.859235	2
18	8450001	0.691585	0.859235	2
18	8500001	0.837486	0.859235	2
18	8550001	0.739227	0.859235	2
18	8600001	0.622981	0.859235	2
18	8650001	0.93591	0.859235	2
18	8700001	0.900112	0.859235	2
18	8750001	0.939692	0.859235	2
18	8800001	0.862888	0.859235	2
18	8850001	0.762633	0.859235	2
18	8900001	0.833301	0.859235	2
18	8950001	0.959912	0.859235	2
18	9000001	1.02241	0.859235	2
18	9050001	0.805375	0.859235	2
18	9100001	1.00185	0.859235	2
18	9150001	0.626656	0.859235	2
18	9200001	1.02251	0.859235	2
18	9250001	1.06999	0.859235	2
18	9300001	1.01794	0.859235	2
18	9350001	0.743654	0.859235	2
18	9400001	0.843839	0.859235	2
18	9450001	0.790225	0.859235	2
18	9500001	0.649265	0.859235	2
18	9550001	1.23337	0.859235	2
18	9600001	1.17774	0.859235	2
18	9650001	0.743396	0.859235	2
18	9700001	1.13178	0.859235	2
18	9750001	1.0621	0.859235	2
18	9800001	1.10689	0.859235	2
18	9850001	1.07645	0.859235	2
18	9900001	0.929485	0.859235	2
18	9950001	0.789337	0.859235	2
18	10000001	1.02943	0.859235	2
18	10050001	0.869559	0.859235	2
18	10100001	0.93137	0.859235	2
18	10150001	1.19036	0.859235	2
18	10200001	0.760499	0.859235	2
18	10250001	0.865517	0.859235	2
18	10300001	1.05769	0.859235	2
18	10350001	0.999504	0.859235	2
18	10400001	1.04984	0.859235	2
18	10450001	0.767596	0.859235	2
18	10500001	0.862929	0.859235	2
18	10550001	0.778202	0.859235	2
18	10600001	0.844833	0.859235	2
18	10650001	0.87485	0.859235	2
18	10700001	0.785951	0.859235	2
18	10750001	0.780031	0.859235	2
18	10800001	0.573688	0.859235	2
18	10850001	0.900377	0.859235	2
18	10900001	0.796689	0.859235	2
18	10950001	1.00077	0.859235	2
18	11000001	1.28121	0.859235	2
18	11050001	0.63582	0.859235	2
18	11100001	0.721391	0.859235	2
18	11150001	0.935922	0.859235	2
18	11200001	0.80649	0.859235	2
18	11250001	0.790663	0.859235	2
18	11300001	0.834366	0.859235	2
18	11350001	1.45382	0.859235	2
18	11400001	1.01984	0.859235	2
18	11450001	0.906634	0.859235	2
18	11500001	1.01309	0.859235	2
18	11550001	0.746487	0.859235	2
18	11600001	0.807988	0.859235	2
18	11650001	0.882319	0.859235	2
18	11700001	0.775641	0.859235	2
18	11750001	0.754944	0.859235	2
18	11800001	0.954866	0.859235	2
18	11850001	0.954805	0.859235	2
18	11900001	0.809118	0.859235	2
18	11950001	0.769915	0.859235	2
18	12000001	0.921502	0.859235	2
18	12050001	0.722771	0.859235	2
18	12100001	0.996624	0.859235	2
18	12150001	0.899887	0.859235	2
18	12200001	0.816583	0.859235	2
18	12250001	0.723731	0.859235	2
18	12300001	0.684438	0.859235	2
18	12350001	0.62842	0.859235	2
18	12400001	0.617531	0.859235	2
18	12450001	0.725976	0.859235	2
18	12500001	0.626396	0.859235	2
18	12550001	0.881943	0.859235	2
18	12600001	1.02515	0.859235	2
18	12650001	0.722136	0.859235	2
18	12700001	0.746611	0.859235	2
18	12750001	0.73853	0.859235	2
18	12800001	1.07073	0.859235	2
18	12850001	0.781193	0.859235	2
18	12900001	0.487344	0.859235	2
18	12950001	1.15151	0.859235	2
18	13000001	0.82221	0.859235	2
18	13050001	0.767609	0.859235	2
18	13100001	0.69449	0.859235	2
18	13150001	0.900159	0.859235	2
18	13200001	0.771213	0.859235	2
18	13250001	0.751313	0.859235	2
18	13300001	0.98846	0.859235	2
18	13350001	0.65102	0.859235	2
18	13400001	0.966109	0.859235	2
18	13450001	0.674289	0.859235	2
18	13500001	0.746539	0.859235	2
18	13550001	0.66228	0.859235	2
18	13600001	0.557921	0.859235	2
18	13650001	0.901731	0.859235	2
18	13700001	0.758718	0.859235	2
18	13750001	0.925612	0.859235	2
18	13800001	0.838547	0.859235	2
18	13850001	0.872349	0.859235	2
18	13900001	0.798924	0.859235	2
18	13950001	1.12906	0.859235	2
18	14000001	0.968236	0.859235	2
18	14050001	1.12303	0.859235	2
18	14100001	0.699063	0.859235	2
18	14150001	0.862644	0.859235	2
18	14200001	0.773556	0.859235	2
18	14250001	0.875729	0.859235	2
18	14300001	0.789181	0.859235	2
18	14350001	0.667941	0.859235	2
18	14400001	0.834447	0.859235	2
18	14450001	1.00563	0.859235	2
18	14500001	0.899523	0.859235	2
18	14550001	0.901726	0.859235	2
18	14600001	0.715976	0.859235	2
18	14650001	0.682202	0.859235	2
18	14700001	0.63929	0.859235	2
18	14750001	0.943862	0.859235	2
18	14800001	0.817163	0.859235	2
18	14850001	0.694713	0.859235	2
18	14900001	0.842686	0.859235	2
18	14950001	0.934154	0.859235	2
18	15000001	1.08815	0.859235	2
18	15050001	0.736513	0.859235	2
18	15100001	1.01137	0.859235	2
18	15150001	1.62088	1.34631	3
18	15200001	1.21267	1.34631	3
18	15250001	1.01107	1.34631	3
18	15300001	1.34631	1.34631	3
18	15350001	1.49827	1.34631	3
18	15400001	-1	-1	0
18	15450001	-1	-1	0
18	15500001	-1	-1	0
18	15550001	-1	-1	0
18	15600001	-1	-1	0
18	15650001	-1	-1	0
18	15700001	-1	-1	0
18	15750001	-1	-1	0
18	15800001	-1	-1	0
18	15850001	-1	-1	0
18	15900001	-1	-1	0
18	15950001	-1	-1	0
18	16000001	-1	-1	0
18	16050001	-1	-1	0
18	16100001	-1	-1	0
18	16150001	-1	-1	0
18	16200001	-1	-1	0
18	16250001	-1	-1	0
18	16300001	-1	-1	0
18	16350001	-1	-1	0
18	16400001	-1	-1	0
18	16450001	-1	-1	0
18	16500001	-1	-1	0
18	16550001	-1	-1	0
18	16600001	-1	-1	0
18	16650001	-1	-1	0
18	16700001	-1	-1	0
18	16750001	-1	-1	0
18	16800001	0	0	0
18	16850001	0	0	0
18	16900001	0	0	0
18	16950001	0	0	0
18	17000001	0	0	0
18	17050001	0	0	0
18	17100001	0	0	0
18	17150001	0	0	0
18	17200001	0	0	0
18	17250001	0	0	0
18	17300001	0	0	0
18	17350001	0	0	0
18	17400001	0	0	0
18	17450001	0	0	0
18	17500001	0	0	0
18	17550001	0	0	0
18	17600001	0	0	0
18	17650001	0	0	0
18	17700001	0	0	0
18	17750001	0	0	0
18	17800001	0	0	0
18	17850001	0	0	0
18	17900001	0	0	0
18	17950001	0	0	0
18	18000001	0	0	0
18	18050001	0	0	0
18	18100001	0	0	0
18	18150001	0	0	0
18	18200001	0	0	0
18	18250001	0	0	0
18	18300001	0	0	0
18	18350001	0	0	0
18	18400001	0	0	0
18	18450001	0	0	0
18	18500001	29.7988	29.7988	60
18	18550001	1.03071	1.05045	2
18	18600001	0.91494	1.05045	2
18	18650001	1.08421	1.05045	2
18	18700001	1.04469	1.05045	2
18	18750001	0.979847	1.05045	2
18	18800001	1.09345	1.05045	2
18	18850001	0.910263	1.05045	2
18	18900001	1.06266	1.05045	2
18	18950001	1.25581	1.05045	2
18	19000001	1.07868	1.05045	2
18	19050001	1.04525	1.05045	2
18	19100001	1.03382	1.05045	2
18	19150001	0.907624	1.05045	2
18	19200001	1.30613	1.05045	2
18	19250001	1.10358	1.05045	2
18	19300001	1.19897	1.05045	2
18	19350001	1.23486	1.05045	2
18	19400001	1.20122	1.05045	2
18	19450001	1.06266	1.05045	2
18	19500001	1.01603	1.05045	2
18	19550001	0.921183	1.05045	2
18	19600001	1.0898	1.05045	2
18	19650001	1.16182	1.05045	2
18	19700001	1.23036	1.05045	2
18	19750001	0.840018	1.05045	2
18	19800001	0.80144	1.05045	2
18	19850001	1.06845	1.05045	2
18	19900001	0.978946	1.05045	2
18	19950001	1.37785	1.05045	2
18	20000001	1.13253	1.05045	2
18	20050001	1.43608	1.05045	2
18	20100001	1.19812	1.05045	2
18	20150001	0.895179	1.05045	2
18	20200001	1.26371	1.05045	2
18	20250001	1.03056	1.05045	2
18	20300001	1.20118	1.05045	2
18	20350001	1.10278	1.05045	2
18	20400001	1.05921	1.05045	2
18	20450001	1.16444	1.05045	2
18	20500001	1.23465	1.05045	2
18	20550001	1.26415	1.05045	2
18	20600001	1.23499	1.05045	2
18	20650001	0.77781	1.05045	2
18	20700001	0.738961	1.05045	2
18	20750001	0.848095	1.05045	2
18	20800001	0.954479	1.05045	2
18	20850001	0.708685	1.05045	2
18	20900001	1.1596	1.05045	2
18	20950001	1.15721	1.05045	2
18	21000001	1.21675	1.05045	2
18	21050001	0.942354	1.05045	2
18	21100001	0.946579	1.05045	2
18	21150001	0.954087	1.05045	2
18	21200001	0.833753	1.05045	2
18	21250001	1.2025	1.05045	2
18	21300001	0.924516	1.05045	2
18	21350001	0.876831	1.05045	2
18	21400001	1.25796	1.05045	2
18	21450001	0.940982	1.05045	2
18	21500001	0.892171	1.05045	2
18	21550001	1.02615	1.05045	2
18	21600001	0.953787	1.05045	2
18	21650001	1.3622	1.05045	2
18	21700001	0.858076	1.05045	2
18	21750001	0.919797	1.05045	2
18	21800001	1.02161	1.05045	2
18	21850001	0.950817	1.05045	2
18	21900001	1.15019	1.05045	2
18	21950001	1.1045	1.05045	2
18	22000001	1.21574	1.05045	2
18	22050001	0.932303	1.05045	2
18	22100001	0.86272	1.05045	2
18	22150001	0.913127	1.05045	2
18	22200001	1.09402	1.05045	2
18	22250001	1.23077	1.05045	2
18	22300001	1.21669	1.05045	2
18	22350001	1.47684	1.05045	2
18	22400001	1.26606	1.05045	2
18	22450001	1.18785	1.05045	2
18	22500001	1.41688	1.05045	2
18	22550001	1.33886	1.05045	2
18	22600001	1.29389	1.05045	2
18	22650001	1.34776	1.05045	2
18	22700001	1.00088	1.05045	2
18	22750001	0.935093	1.05045	2
18	22800001	1.23304	1.05045	2
18	22850001	1.16642	1.05045	2
18	22900001	0.993313	1.05045	2
18	22950001	1.2632	1.05045	2
18	23000001	1.01551	1.05045	2
18	23050001	1.13101	1.05045	2
18	23100001	0.849425	1.05045	2
18	23150001	1.00869	1.05045	2
18	23200001	1.22629	1.05045	2
18	23250001	0.818418	1.05045	2
18	23300001	0.876555	1.05045	2
18	23350001	1.01956	1.05045	2
18	23400001	1.11321	1.05045	2
18	23450001	1.04516	1.05045	2
18	23500001	0.832792	1.05045	2
18	23550001	1.02297	1.05045	2
18	23600001	0.961268	1.05045	2
18	23650001	1.14012	1.05045	2
18	23700001	0.762049	1.05045	2
18	23750001	0.964799	1.05045	2
18	23800001	0.850959	1.05045	2
18	23850001	0.992818	1.05045	2
18	23900001	1.31998	1.05045	2
18	23950001	1.00569	1.05045	2
18	24000001	1.17517	1.05045	2
18	24050001	1.26091	1.05045	2
18	24100001	1.03777	1.05045	2
18	24150001	1.10384	1.05045	2
18	24200001	1.05052	1.05045	2
18	24250001	1.11545	1.05045	2
18	24300001	1.07504	1.05045	2
18	24350001	1.01997	1.05045	2
18	24400001	1.17757	1.05045	2
18	24450001	0.824594	1.05045	2
18	24500001	0.879533	1.05045	2
18	24550001	1.09034	1.05045	2
18	24600001	0.803952	1.05045	2
18	24650001	0.915254	1.05045	2
18	24700001	0.950841	1.05045	2
18	24750001	1.35285	1.05045	2
18	24800001	1.13731	1.05045	2
18	24850001	0.876434	1.05045	2
18	24900001	0.882576	1.05045	2
18	24950001	1.17777	1.05045	2
18	25000001	0.843694	1.05045	2
18	25050001	1.13759	1.05045	2
18	25100001	1.06176	1.05045	2
18	25150001	1.09781	1.05045	2
18	25200001	1.01066	1.05045	2
18	25250001	0.982292	1.05045	2
18	25300001	1.02715	1.05045	2
18	25350001	1.25456	1.05045	2
18	25400001	1.14706	1.05045	2
18	25450001	1.10023	1.05045	2
18	25500001	1.19699	1.05045	2
18	25550001	1.16558	1.05045	2
18	25600001	1.11886	1.05045	2
18	25650001	1.39235	1.05045	2
18	25700001	1.13964	1.05045	2
18	25750001	1.31715	1.05045	2
18	25800001	1.28396	1.05045	2
18	25850001	1.08923	1.05045	2
18	25900001	1.03898	1.05045	2
18	25950001	0.853219	1.05045	2
18	26000001	1.01051	1.05045	2
18	26050001	0.901774	1.05045	2
18	26100001	0.913489	1.05045	2
18	26150001	1.08067	1.05045	2
18	26200001	0.891935	1.05045	2
18	26250001	0.83356	1.05045	2
18	26300001	1.13696	1.05045	2
18	26350001	1.00967	1.05045	2
18	26400001	0.89262	1.05045	2
18	26450001	1.07391	1.05045	2
18	26500001	1.21113	1.05045	2
18	26550001	0.715497	1.05045	2
18	26600001	1.30155	1.05045	2
18	26650001	0.997146	1.05045	2
18	26700001	0.824437	1.05045	2
18	26750001	0.905989	1.05045	2
18	26800001	0.976725	1.05045	2
18	26850001	1.17701	1.05045	2
18	26900001	1.04359	1.05045	2
18	26950001	0.884146	1.05045	2
18	27000001	1.19101	1.05045	2
18	27050001	1.08021	1.05045	2
18	27100001	1.17241	1.05045	2
18	27150001	1.31381	1.05045	2
18	27200001	1.29333	1.05045	2
18	27250001	0.936193	1.05045	2
18	27300001	1.21464	1.05045	2
18	27350001	1.27191	1.05045	2
18	27400001	1.19271	1.05045	2
18	27450001	1.0605	1.05045	2
18	27500001	1.17061	1.05045	2
18	27550001	1.3971	1.05045	2
18	27600001	1.46363	1.05045	2
18	27650001	1.03309	1.05045	2
18	27700001	0.906812	1.05045	2
18	27750001	1.18887	1.05045	2
18	27800001	0.946882	1.05045	2
18	27850001	0.867438	1.05045	2
18	27900001	0.990504	1.05045	2
18	27950001	1.1804	1.05045	2
18	28000001	0.812046	1.05045	2
18	28050001	1.37263	1.05045	2
18	28100001	0.95662	1.05045	2
18	28150001	1.38387	1.05045	2
18	28200001	0.971121	1.05045	2
18	28250001	0.975619	1.05045	2
18	28300001	0.983728	1.05045	2
18	28350001	1.12046	1.05045	2
18	28400001	1.54041	1.05045	2
18	28450001	0.936238	1.05045	2
18	28500001	1.17423	1.05045	2
18	28550001	0.918301	1.05045	2
18	28600001	1.82933	1.05045	2
18	28650001	1.09446	1.05045	2
18	28700001	1.05301	1.05045	2
18	28750001	1.15813	1.05045	2
18	28800001	0.961116	1.05045	2
18	28850001	1.1774	1.05045	2
18	28900001	1.09936	1.05045	2
18	28950001	1.47544	1.05045	2
18	29000001	1.10818	1.05045	2
18	29050001	1.14689	1.05045	2
18	29100001	1.02507	1.05045	2
18	29150001	0.842907	1.05045	2
18	29200001	0.852751	1.05045	2
18	29250001	0.787998	1.05045	2
18	29300001	1.1304	1.05045	2
18	29350001	1.12866	1.05045	2
18	29400001	0.93663	1.05045	2
18	29450001	0.872461	1.05045	2
18	29500001	0.905067	1.05045	2
18	29550001	0.910982	1.05045	2
18	29600001	1.07533	1.05045	2
18	29650001	0.869864	1.05045	2
18	29700001	1.05059	1.05045	2
18	29750001	1.25458	1.05045	2
18	29800001	1.39192	1.05045	2
18	29850001	1.00953	1.05045	2
18	29900001	1.09802	1.05045	2
18	29950001	1.08826	1.05045	2
18	30000001	1.21089	1.05045	2
18	30050001	1.24185	1.05045	2
18	30100001	0.987289	1.05045	2
18	30150001	0.615365	1.05045	2
18	30200001	1.08278	1.05045	2
18	30250001	1.07365	1.05045	2
18	30300001	0.847308	1.05045	2
18	30350001	1.11955	1.05045	2
18	30400001	0.999191	1.05045	2
18	30450001	0.7153	1.05045	2
18	30500001	1.11508	1.05045	2
18	30550001	1.1795	1.05045	2
18	30600001	1.05069	1.05045	2
18	30650001	1.26545	1.05045	2
18	30700001	1.1845	1.05045	2
18	30750001	1.20556	1.05045	2
18	30800001	1.10364	1.05045	2
18	30850001	1.00319	1.05045	2
18	30900001	0.982873	1.05045	2
18	30950001	1.3752	1.05045	2
18	31000001	1.26801	1.05045	2
18	31050001	1.09422	1.05045	2
18	31100001	1.12072	1.05045	2
18	31150001	1.022	1.05045	2
18	31200001	1.12164	1.05045	2
18	31250001	1.4633	1.05045	2
18	31300001	1.35602	1.05045	2
18	31350001	0.953347	1.05045	2
18	31400001	1.42083	1.05045	2
18	31450001	1.02631	1.05045	2
18	31500001	1.05983	1.05045	2
18	31550001	1.3334	1.05045	2
18	31600001	1.11326	1.05045	2
18	31650001	1.45252	1.05045	2
18	31700001	1.26118	1.05045	2
18	31750001	1.01209	1.05045	2
18	31800001	1.16383	1.05045	2
18	31850001	0.957663	1.05045	2
18	31900001	1.19154	1.05045	2
18	31950001	0.908187	1.05045	2
18	32000001	1.05204	1.05045	2
18	32050001	1.43612	1.05045	2
18	32100001	1.16285	1.05045	2
18	32150001	1.07543	1.05045	2
18	32200001	0.965465	1.05045	2
18	32250001	1.12686	1.05045	2
18	32300001	1.13415	1.05045	2
18	32350001	0.835029	1.05045	2
18	32400001	0.926811	1.05045	2
18	32450001	1.18479	1.05045	2
18	32500001	0.997361	1.05045	2
18	32550001	1.24095	1.05045	2
18	32600001	1.34859	1.05045	2
18	32650001	0.950966	1.05045	2
18	32700001	0.985113	1.05045	2
18	32750001	0.895148	1.05045	2
18	32800001	0.968794	1.05045	2
18	32850001	0.732042	1.05045	2
18	32900001	0.980965	1.05045	2
18	32950001	0.564852	1.05045	2
18	33000001	1.26611	1.05045	2
18	33050001	1.02806	1.05045	2
18	33100001	1.1747	1.05045	2
18	33150001	1.09419	1.05045	2
18	33200001	1.15429	1.05045	2
18	33250001	1.02285	1.05045	2
18	33300001	1.21702	1.05045	2
18	33350001	0.865432	1.05045	2
18	33400001	0.670774	1.05045	2
18	33450001	1.0531	1.05045	2
18	33500001	1.12526	1.05045	2
18	33550001	1.47551	1.05045	2
18	33600001	1.14891	1.05045	2
18	33650001	0.961013	1.05045	2
18	33700001	1.10223	1.05045	2
18	33750001	1.03306	1.05045	2
18	33800001	0.986052	1.05045	2
18	33850001	0.759586	1.05045	2
18	33900001	0.968791	1.05045	2
18	33950001	0.690433	1.05045	2
18	34000001	1.01975	1.05045	2
18	34050001	0.942574	1.05045	2
18	34100001	1.11142	1.05045	2
18	34150001	1.06997	1.05045	2
18	34200001	0.981904	1.05045	2
18	34250001	0.789282	1.05045	2
18	34300001	0.939832	1.05045	2
18	34350001	1.12945	1.05045	2
18	34400001	1.25165	1.05045	2
18	34450001	0.88965	1.05045	2
18	34500001	0.886612	1.05045	2
18	34550001	0.916122	1.05045	2
18	34600001	1.19222	1.05045	2
18	34650001	1.12138	1.05045	2
18	34700001	0.900993	1.05045	2
18	34750001	0.959024	1.05045	2
18	34800001	0.750572	1.05045	2
18	34850001	0.69187	1.05045	2
18	34900001	0.61092	1.05045	2
18	34950001	0.591706	1.05045	2
18	35000001	0.933249	1.05045	2
18	35050001	0.696039	1.05045	2
18	35100001	0.543756	1.05045	2
18	35150001	0.85049	1.05045	2
18	35200001	1.08128	1.05045	2
18	35250001	1.14863	1.05045	2
18	35300001	0.965788	1.05045	2
18	35350001	1.08795	1.05045	2
18	35400001	1.12538	1.05045	2
18	35450001	0.842542	1.05045	2
18	35500001	0.945053	1.05045	2
18	35550001	0.849668	1.05045	2
18	35600001	0.963566	1.05045	2
18	35650001	1.0506	1.05045	2
18	35700001	0.970187	1.05045	2
18	35750001	0.827859	1.05045	2
18	35800001	1.05858	1.05045	2
18	35850001	1.21803	1.05045	2
18	35900001	1.01925	1.05045	2
18	35950001	0.818239	1.05045	2
18	36000001	0.828579	1.05045	2
18	36050001	1.07825	1.05045	2
18	36100001	1.2743	1.05045	2
18	36150001	1.07877	1.05045	2
18	36200001	0.91548	1.05045	2
18	36250001	0.785234	1.05045	2
18	36300001	0.882321	1.05045	2
18	36350001	0.945392	1.05045	2
18	36400001	0.972189	1.05045	2
18	36450001	0.824985	1.05045	2
18	36500001	1.14746	1.05045	2
18	36550001	0.803707	1.05045	2
18	36600001	1.00121	1.05045	2
18	36650001	0.979094	1.05045	2
18	36700001	1.16636	1.05045	2
18	36750001	1.10098	1.05045	2
18	36800001	0.61852	1.05045	2
18	36850001	1.41174	1.05045	2
18	36900001	0.950821	1.05045	2
18	36950001	1.2461	1.05045	2
18	37000001	0.823711	1.05045	2
18	37050001	1.07953	1.05045	2
18	37100001	0.961615	1.05045	2
18	37150001	0.809904	1.05045	2
18	37200001	1.05701	1.05045	2
18	37250001	1.22767	1.05045	2
18	37300001	0.789413	1.05045	2
18	37350001	1.15012	1.05045	2
18	37400001	0.924623	1.05045	2
18	37450001	1.02964	1.05045	2
18	37500001	0.863584	1.05045	2
18	37550001	1.05757	1.05045	2
18	37600001	1.35382	1.05045	2
18	37650001	1.00369	1.05045	2
18	37700001	0.947009	1.05045	2
18	37750001	0.952168	1.05045	2
18	37800001	0.901894	1.05045	2
18	37850001	1.04976	1.05045	2
18	37900001	1.27208	1.05045	2
18	37950001	1.21091	1.05045	2
18	38000001	0.908652	1.05045	2
18	38050001	1.00977	1.05045	2
18	38100001	1.09644	1.05045	2
18	38150001	1.03079	1.05045	2
18	38200001	1.04198	1.05045	2
18	38250001	1.07186	1.05045	2
18	38300001	1.04193	1.05045	2
18	38350001	1.0066	1.05045	2
18	38400001	0.795611	1.05045	2
18	38450001	1.4306	1.05045	2
18	38500001	0.980783	1.05045	2
18	38550001	0.89573	1.05045	2
18	38600001	0.965348	1.05045	2
18	38650001	0.853912	1.05045	2
18	38700001	1.06844	1.05045	2
18	38750001	0.916989	1.05045	2
18	38800001	0.903464	1.05045	2
18	38850001	0.93284	1.05045	2
18	38900001	1.06506	1.05045	2
18	38950001	1.38715	1.05045	2
18	39000001	1.01942	1.05045	2
18	39050001	0.720201	1.05045	2
18	39100001	0.942675	1.05045	2
18	39150001	1.0955	1.05045	2
18	39200001	1.09858	1.05045	2
18	39250001	0.921315	1.05045	2
18	39300001	1.0427	1.05045	2
18	39350001	0.988795	1.05045	2
18	39400001	0.767515	1.05045	2
18	39450001	0.71891	1.05045	2
18	39500001	1.30357	1.05045	2
18	39550001	1.07866	1.05045	2
18	39600001	1.08132	1.05045	2
18	39650001	1.12732	1.05045	2
18	39700001	1.43586	1.05045	2
18	39750001	1.15906	1.05045	2
18	39800001	1.00979	1.05045	2
18	39850001	0.788961	1.05045	2
18	39900001	0.892447	1.05045	2
18	39950001	0.982134	1.05045	2
18	40000001	1.179	1.05045	2
18	40050001	1.19433	1.05045	2
18	40100001	1.00437	1.05045	2
18	40150001	0.835088	1.05045	2
18	40200001	1.13157	1.05045	2
18	40250001	1.35974	1.05045	2
18	40300001	0.897122	1.05045	2
18	40350001	0.789747	1.05045	2
18	40400001	0.956021	1.05045	2
18	40450001	1.4665	1.05045	2
18	40500001	1.02507	1.05045	2
18	40550001	1.39384	1.05045	2
18	40600001	1.17328	1.05045	2
18	40650001	1.14143	1.05045	2
18	40700001	1.06926	1.05045	2
18	40750001	1.00402	1.05045	2
18	40800001	1.25238	1.05045	2
18	40850001	1.24874	1.05045	2
18	40900001	1.34045	1.05045	2
18	40950001	1.21344	1.05045	2
18	41000001	0.625068	1.05045	2
18	41050001	0.980454	1.05045	2
18	41100001	0.871752	1.05045	2
18	41150001	0.9316	1.05045	2
18	41200001	1.12061	1.05045	2
18	41250001	1.31445	1.05045	2
18	41300001	1.17586	1.05045	2
18	41350001	1.43229	1.05045	2
18	41400001	1.35157	1.05045	2
18	41450001	0.98489	1.05045	2
18	41500001	1.21499	1.05045	2
18	41550001	1.20528	1.05045	2
18	41600001	1.25987	1.05045	2
18	41650001	1.48211	1.05045	2
18	41700001	1.02744	1.05045	2
18	41750001	1.34977	1.05045	2
18	41800001	1.0829	1.05045	2
18	41850001	0.878835	1.05045	2
18	41900001	1.03784	1.05045	2
18	41950001	1.17328	1.05045	2
18	42000001	0.913415	1.05045	2
18	42050001	1.20256	1.05045	2
18	42100001	1.43692	1.05045	2
18	42150001	1.2653	1.05045	2
18	42200001	1.22409	1.05045	2
18	42250001	1.48295	1.05045	2
18	42300001	1.10023	1.05045	2
18	42350001	1.09928	1.05045	2
18	42400001	1.01922	1.05045	2
18	42450001	1.41606	1.05045	2
18	42500001	1.21718	1.05045	2
18	42550001	1.15309	1.05045	2
18	42600001	1.32421	1.05045	2
18	42650001	1.14786	1.05045	2
18	42700001	1.0666	1.05045	2
18	42750001	1.22782	1.05045	2
18	42800001	0.892383	1.05045	2
18	42850001	0.96421	1.05045	2
18	42900001	1.02958	1.05045	2
18	42950001	1.46339	1.05045	2
18	43000001	1.14464	1.05045	2
18	43050001	0.972381	1.05045	2
18	43100001	1.18894	1.05045	2
18	43150001	1.02954	1.05045	2
18	43200001	0.88815	1.05045	2
18	43250001	1.15354	1.05045	2
18	43300001	1.19557	1.05045	2
18	43350001	1.13542	1.05045	2
18	43400001	0.664591	1.05045	2
18	43450001	1.08599	1.05045	2
18	43500001	1.18291	1.05045	2
18	43550001	0.942397	1.05045	2
18	43600001	0.8165	1.05045	2
18	43650001	0.81221	1.05045	2
18	43700001	0.753649	1.05045	2
18	43750001	0.983419	1.05045	2
18	43800001	0.932037	1.05045	2
18	43850001	1.28112	1.05045	2
18	43900001	0.777199	1.05045	2
18	43950001	1.11255	1.05045	2
18	44000001	0.699248	1.05045	2
18	44050001	1.00704	1.05045	2
18	44100001	1.1455	1.05045	2
18	44150001	1.17564	1.05045	2
18	44200001	0.692626	1.05045	2
18	44250001	1.31351	1.05045	2
18	44300001	0.876173	1.05045	2
18	44350001	1.37839	1.05045	2
18	44400001	1.33835	1.05045	2
18	44450001	1.13917	1.05045	2
18	44500001	1.11664	1.05045	2
18	44550001	0.995575	1.05045	2
18	44600001	1.12595	1.05045	2
18	44650001	1.25985	1.05045	2
18	44700001	1.05038	1.05045	2
18	44750001	0.962362	1.05045	2
18	44800001	0.976081	1.05045	2
18	44850001	0.873013	1.05045	2
18	44900001	0.642738	1.05045	2
18	44950001	1.10941	1.05045	2
18	45000001	1.06437	1.05045	2
18	45050001	0.856047	1.05045	2
18	45100001	0.912668	1.05045	2
18	45150001	1.24022	1.05045	2
18	45200001	0.960033	1.05045	2
18	45250001	0.948745	1.05045	2
18	45300001	0.903089	1.05045	2
18	45350001	1.4117	1.05045	2
18	45400001	1.59534	1.05045	2
18	45450001	1.22271	1.05045	2
18	45500001	1.42516	1.05045	2
18	45550001	0.858499	1.05045	2
18	45600001	0.849279	1.05045	2
18	45650001	0.942638	1.05045	2
18	45700001	1.11005	1.05045	2
18	45750001	1.37815	1.05045	2
18	45800001	1.01621	1.05045	2
18	45850001	1.12907	1.05045	2
18	45900001	1.14786	1.05045	2
18	45950001	1.04408	1.05045	2
18	46000001	1.74874	1.05045	2
18	46050001	0.884429	1.05045	2
18	46100001	0.581855	1.05045	2
18	46150001	0.745054	1.05045	2
18	46200001	0.97947	1.05045	2
18	46250001	0.911801	1.05045	2
18	46300001	0.955943	1.05045	2
18	46350001	0.751086	1.05045	2
18	46400001	0.584403	1.05045	2
18	46450001	0.763406	1.05045	2
18	46500001	0.74167	1.05045	2
18	46550001	1.11386	1.05045	2
18	46600001	1.1529	1.05045	2
18	46650001	1.24979	1.05045	2
18	46700001	1.0819	1.05045	2
18	46750001	1.11605	1.05045	2
18	46800001	1.40129	1.05045	2
18	46850001	0.918896	1.05045	2
18	46900001	1.27338	1.05045	2
18	46950001	0.711106	1.05045	2
18	47000001	1.3759	1.05045	2
18	47050001	1.01223	1.05045	2
18	47100001	0.679657	1.05045	2
18	47150001	0.985929	1.05045	2
18	47200001	0.978506	1.05045	2
18	47250001	0.783767	1.05045	2
18	47300001	0.997227	1.05045	2
18	47350001	0.927815	1.05045	2
18	47400001	0.673706	1.05045	2
18	47450001	1.18797	1.05045	2
18	47500001	1.02478	1.05045	2
18	47550001	1.1669	1.05045	2
18	47600001	0.934881	1.05045	2
18	47650001	1.08883	1.05045	2
18	47700001	0.963243	1.05045	2
18	47750001	1.34672	1.05045	2
18	47800001	1.08306	1.05045	2
18	47850001	0.887585	1.05045	2
18	47900001	1.02593	1.05045	2
18	47950001	1.13708	1.05045	2
18	48000001	1.36275	1.05045	2
18	48050001	1.05716	1.05045	2
18	48100001	1.03793	1.05045	2
18	48150001	0.838531	1.05045	2
18	48200001	0.924945	1.05045	2
18	48250001	0.718905	1.05045	2
18	48300001	1.14438	1.05045	2
18	48350001	0.934913	1.05045	2
18	48400001	1.09463	1.05045	2
18	48450001	0.825587	1.05045	2
18	48500001	1.00874	1.05045	2
18	48550001	1.09818	1.05045	2
18	48600001	1.07993	1.05045	2
18	48650001	0.73293	1.05045	2
18	48700001	1.0412	1.05045	2
18	48750001	1.14776	1.05045	2
18	48800001	1.09053	1.05045	2
18	48850001	1.16502	1.05045	2
18	48900001	0.874538	1.05045	2
18	48950001	0.9942	1.05045	2
18	49000001	1.05972	1.05045	2
18	49050001	1.0594	1.05045	2
18	49100001	1.1275	1.05045	2
18	49150001	1.05994	1.05045	2
18	49200001	0.967828	1.05045	2
18	49250001	0.959693	1.05045	2
18	49300001	0.92059	1.05045	2
18	49350001	0.877184	1.05045	2
18	49400001	0.701674	1.05045	2
18	49450001	0.769023	1.05045	2
18	49500001	0.903096	1.05045	2
18	49550001	1.03122	1.05045	2
18	49600001	0.981842	1.05045	2
18	49650001	0.950573	1.05045	2
18	49700001	1.25326	1.05045	2
18	49750001	1.13418	1.05045	2
18	49800001	1.10066	1.05045	2
18	49850001	1.22619	1.05045	2
18	49900001	1.18376	1.05045	2
18	49950001	0.934927	1.05045	2
18	50000001	1.10252	1.05045	2
18	50050001	1.303	1.05045	2
18	50100001	0.944742	1.05045	2
18	50150001	1.05873	1.05045	2
18	50200001	1.09206	1.05045	2
18	50250001	1.02784	1.05045	2
18	50300001	-1	1.05045	2
18	50350001	-1	1.05045	2
18	50400001	1.15315	1.05045	2
18	50450001	1.17719	1.05045	2
18	50500001	1.20227	1.05045	2
18	50550001	1.17685	1.05045	2
18	50600001	0.998639	1.05045	2
18	50650001	0.857629	1.05045	2
18	50700001	0.912239	1.05045	2
18	50750001	1.01389	1.05045	2
18	50800001	1.11512	1.05045	2
18	50850001	1.34865	1.05045	2
18	50900001	1.05284	1.05045	2
18	50950001	1.09006	1.05045	2
18	51000001	0.972186	1.05045	2
18	51050001	1.30943	1.05045	2
18	51100001	1.1722	1.05045	2
18	51150001	1.19512	1.05045	2
18	51200001	0.984368	1.05045	2
18	51250001	1.12606	1.05045	2
18	51300001	1.17195	1.05045	2
18	51350001	1.04474	1.05045	2
18	51400001	1.06267	1.05045	2
18	51450001	1.03497	1.05045	2
18	51500001	0.991547	1.05045	2
18	51550001	1.00212	1.05045	2
18	51600001	1.15493	1.05045	2
18	51650001	0.912861	1.05045	2
18	51700001	0.963712	1.05045	2
18	51750001	1.1018	1.05045	2
18	51800001	1.13827	1.05045	2
18	51850001	0.793968	1.05045	2
18	51900001	1.01848	1.05045	2
18	51950001	0.960372	1.05045	2
18	52000001	1.30144	1.05045	2
18	52050001	0.205262	0	0
18	52100001	0	0	0
18	52150001	0	0	0
18	52200001	1.00058	1.16212	2
18	52250001	1.06822	1.16212	2
18	52300001	1.03247	1.16212	2
18	52350001	1.15758	1.16212	2
18	52400001	0.935675	1.16212	2
18	52450001	1.27536	1.16212	2
18	52500001	1.04198	1.16212	2
18	52550001	1.00995	1.16212	2
18	52600001	0.706066	1.16212	2
18	52650001	0.903374	1.16212	2
18	52700001	0.982092	1.16212	2
18	52750001	1.04199	1.16212	2
18	52800001	0.931221	1.16212	2
18	52850001	1.25809	1.16212	2
18	52900001	1.26075	1.16212	2
18	52950001	1.39329	1.16212	2
18	53000001	1.29113	1.16212	2
18	53050001	1.09723	1.16212	2
18	53100001	1.1869	1.16212	2
18	53150001	1.36571	1.16212	2
18	53200001	1.32283	1.16212	2
18	53250001	1.28418	1.16212	2
18	53300001	1.31809	1.16212	2
18	53350001	1.17087	1.16212	2
18	53400001	1.19949	1.16212	2
18	53450001	1.06563	1.16212	2
18	53500001	1.06893	1.16212	2
18	53550001	1.35647	1.16212	2
18	53600001	1.05995	1.16212	2
18	53650001	1.01131	1.16212	2
18	53700001	1.14897	1.16212	2
18	53750001	1.34924	1.16212	2
18	53800001	1.0816	1.16212	2
18	53850001	1.24412	1.16212	2
18	53900001	1.2457	1.16212	2
18	53950001	0.953054	1.16212	2
18	54000001	1.1829	1.16212	2
18	54050001	0.878944	1.16212	2
18	54100001	1.16953	1.16212	2
18	54150001	1.0918	1.16212	2
18	54200001	1.16082	1.16212	2
18	54250001	1.33622	1.16212	2
18	54300001	1.24478	1.16212	2
18	54350001	1.31689	1.16212	2
18	54400001	1.34258	1.16212	2
18	54450001	1.18979	1.16212	2
18	54500001	1.05713	1.16212	2
18	54550001	1.16343	1.16212	2
18	54600001	1.30105	1.16212	2
18	54650001	1.15348	1.16212	2
18	54700001	0.697819	1.0271	2
18	54750001	1.02784	1.0271	2
18	54800001	1.18623	1.0271	2
18	54850001	1.14678	1.0271	2
18	54900001	0.975018	1.0271	2
18	54950001	0.906158	1.0271	2
18	55000001	1.08897	1.0271	2
18	55050001	1.30665	1.0271	2
18	55100001	0.64785	1.0271	2
18	55150001	1.07623	1.0271	2
18	55200001	0.942023	1.0271	2
18	55250001	1.00056	1.0271	2
18	55300001	0.763458	1.0271	2
18	55350001	0.899319	1.0271	2
18	55400001	1.12336	1.0271	2
18	55450001	0.835938	1.0271	2
18	55500001	1.08198	1.0271	2
18	55550001	1.00705	1.0271	2
18	55600001	1.09076	1.0271	2
18	55650001	1.20219	1.0271	2
18	55700001	0.932831	1.0271	2
18	55750001	0.878454	1.0271	2
18	55800001	0.805959	1.0271	2
18	55850001	0.966286	1.0271	2
18	55900001	1.2832	1.0271	2
18	55950001	0.956867	1.0271	2
18	56000001	1.42603	1.0271	2
18	56050001	1.07401	1.0271	2
18	56100001	1.04068	1.0271	2
18	56150001	0.834752	1.0271	2
18	56200001	0.980854	1.0271	2
18	56250001	0.844384	1.0271	2
18	56300001	0.986519	1.0271	2
18	56350001	1.10386	1.0271	2
18	56400001	0.66897	1.0271	2
18	56450001	0.728657	1.0271	2
18	56500001	1.1185	1.0271	2
18	56550001	0.764705	1.0271	2
18	56600001	1.01936	1.0271	2
18	56650001	1.05525	1.0271	2
18	56700001	0.826789	1.0271	2
18	56750001	0.99261	1.0271	2
18	56800001	1.0312	1.0271	2
18	56850001	0.867048	1.0271	2
18	56900001	0.806387	1.0271	2
18	56950001	1.00687	1.0271	2
18	57000001	0.908962	1.0271	2
18	57050001	1.08857	1.0271	2
18	57100001	1.26191	1.0271	2
18	57150001	1.10205	1.0271	2
18	57200001	0.885184	1.0271	2
18	57250001	1.08699	1.0271	2
18	57300001	0.850045	1.0271	2
18	57350001	1.02642	1.0271	2
18	57400001	1.10428	1.0271	2
18	57450001	0.970755	1.0271	2
18	57500001	0.880831	1.0271	2
18	57550001	1.19414	1.0271	2
18	57600001	1.16334	1.0271	2
18	57650001	0.955923	1.0271	2
18	57700001	1.41106	1.0271	2
18	57750001	1.23156	1.0271	2
18	57800001	1.06596	1.0271	2
18	57850001	1.26058	1.0271	2
18	57900001	1.15917	1.0271	2
18	57950001	1.17968	1.0271	2
18	58000001	1.17946	1.0271	2
18	58050001	0.964217	1.0271	2
18	58100001	0.991545	1.0271	2
18	58150001	1.38575	1.0271	2
18	58200001	1.23262	1.0271	2
18	58250001	0.993471	1.0271	2
18	58300001	1.15093	1.0271	2
18	58350001	0.904571	1.0271	2
18	58400001	1.05616	1.0271	2
18	58450001	1.16899	1.0271	2
18	58500001	1.0885	1.0271	2
18	58550001	0.802416	1.0271	2
18	58600001	0.985879	1.0271	2
18	58650001	1.12274	1.0271	2
18	58700001	1.1658	1.0271	2
18	58750001	0.994692	1.0271	2
18	58800001	0.983766	1.0271	2
18	58850001	1.17561	1.0271	2
18	58900001	1.57007	1.0271	2
18	58950001	1.12616	1.0271	2
18	59000001	1.14651	1.0271	2
18	59050001	1.16383	1.0271	2
18	59100001	1.02908	1.0271	2
18	59150001	1.07325	1.0271	2
18	59200001	1.01555	1.0271	2
18	59250001	0.807357	1.0271	2
18	59300001	1.47422	1.0271	2
18	59350001	1.01222	1.0271	2
18	59400001	1.02543	1.0271	2
18	59450001	1.12717	1.0271	2
18	59500001	1.11868	1.0271	2
18	59550001	1.07193	1.0271	2
18	59600001	0.945713	1.0271	2
18	59650001	1.09383	1.0271	2
18	59700001	1.08736	1.0271	2
18	59750001	1.23887	1.0271	2
18	59800001	1.306	1.0271	2
18	59850001	1.21148	1.0271	2
18	59900001	0.87751	1.0271	2
18	59950001	0.719554	1.0271	2
18	60000001	1.01764	1.0271	2
18	60050001	1.26801	1.0271	2
18	60100001	1.04191	1.0271	2
18	60150001	0.938382	1.0271	2
18	60200001	1.02494	1.0271	2
18	60250001	0.395138	1.0271	2
18	60300001	0.901723	1.0271	2
18	60350001	0.85659	1.0271	2
18	60400001	1.13575	1.0271	2
18	60450001	1.13184	1.0271	2
18	60500001	0.997509	1.0271	2
18	60550001	1.32387	1.0271	2
18	60600001	0.836444	1.0271	2
18	60650001	0.862516	1.0271	2
18	60700001	0.745355	1.0271	2
18	60750001	0.883072	1.0271	2
18	60800001	1.15075	1.0271	2
18	60850001	0.73597	1.0271	2
18	60900001	1.04921	1.0271	2
18	60950001	0.961092	1.0271	2
18	61000001	0.931191	1.0271	2
18	61050001	1.24001	1.0271	2
18	61100001	1.01075	1.0271	2
18	61150001	0.942428	1.0271	2
18	61200001	1.28397	1.0271	2
18	61250001	1.01973	1.0271	2
18	61300001	1.14434	1.0271	2
18	61350001	1.17936	1.0271	2
18	61400001	1.12007	1.0271	2
18	61450001	0.764765	1.0271	2
18	61500001	0.735405	1.0271	2
18	61550001	0.837205	1.0271	2
18	61600001	1.15802	1.0271	2
18	61650001	1.37243	1.0271	2
18	61700001	1.04967	1.0271	2
18	61750001	0.905264	1.0271	2
18	61800001	1.08844	1.0271	2
18	61850001	1.15703	1.0271	2
18	61900001	0.862568	1.0271	2
18	61950001	0.960564	1.0271	2
18	62000001	0.826385	1.0271	2
18	62050001	0.827983	1.0271	2
18	62100001	1.18612	1.0271	2
18	62150001	1.08808	1.0271	2
18	62200001	1.01148	1.0271	2
18	62250001	0.980912	1.0271	2
18	62300001	0.913212	1.0271	2
18	62350001	0.865348	1.0271	2
18	62400001	1.17938	1.0271	2
18	62450001	0.794318	1.0271	2
18	62500001	0.84482	1.0271	2
18	62550001	1.03097	1.0271	2
18	62600001	1.20619	1.0271	2
18	62650001	0.944477	1.0271	2
18	62700001	1.21548	1.0271	2
18	62750001	1.30522	1.0271	2
18	62800001	0.960838	1.0271	2
18	62850001	1.29454	1.0271	2
18	62900001	1.06004	1.0271	2
18	62950001	1.17672	1.0271	2
18	63000001	0.92135	1.0271	2
18	63050001	1.05918	1.0271	2
18	63100001	0.813716	1.0271	2
18	63150001	1.09614	1.0271	2
18	63200001	1.1573	1.0271	2
18	63250001	0.866098	1.0271	2
18	63300001	1.41813	1.0271	2
18	63350001	0.960657	1.0271	2
18	63400001	0.868536	1.0271	2
18	63450001	0.962107	1.0271	2
18	63500001	1.05929	1.0271	2
18	63550001	1.15692	1.0271	2
18	63600001	1.08166	1.0271	2
18	63650001	1.29404	1.0271	2
18	63700001	0.756784	1.0271	2
18	63750001	1.01937	1.0271	2
18	63800001	0.843074	1.0271	2
18	63850001	1.03992	1.0271	2
18	63900001	1.11976	1.0271	2
18	63950001	1.10073	1.0271	2
18	64000001	0.98036	1.0271	2
18	64050001	1.19612	1.0271	2
18	64100001	0.903986	1.0271	2
18	64150001	1.30356	1.0271	2
18	64200001	0.948467	1.0271	2
18	64250001	1.07974	1.0271	2
18	64300001	0.88726	1.0271	2
18	64350001	0.861011	1.0271	2
18	64400001	0.917775	1.0271	2
18	64450001	0.943272	1.0271	2
18	64500001	1.16357	1.0271	2
18	64550001	1.08227	1.0271	2
18	64600001	0.9117	1.0271	2
18	64650001	0.823596	1.0271	2
18	64700001	0.941246	1.0271	2
18	64750001	1.06193	1.0271	2
18	64800001	1.13893	1.0271	2
18	64850001	0.830423	1.0271	2
18	64900001	0.745502	1.0271	2
18	64950001	1.05908	1.0271	2
18	65000001	0.999734	1.0271	2
18	65050001	0.96156	1.0271	2
18	65100001	1.06848	1.0271	2
18	65150001	0.941473	1.0271	2
18	65200001	1.47557	1.0271	2
18	65250001	0.752957	1.0271	2
18	65300001	1.13722	1.0271	2
18	65350001	1.40369	1.0271	2
18	65400001	1.00078	1.0271	2
18	65450001	1.22079	1.0271	2
18	65500001	1.20845	1.0271	2
18	65550001	1.0271	1.0271	2
18	65600001	1.17822	1.0271	2
18	65650001	0.642881	1.0271	2
18	65700001	1.03115	1.0271	2
18	65750001	1.17099	1.0271	2
18	65800001	1.01752	1.0271	2
18	65850001	1.09429	1.0271	2
18	65900001	0.988828	1.0271	2
18	65950001	0.963607	1.0271	2
18	66000001	0.946157	1.0271	2
18	66050001	1.22056	1.0271	2
18	66100001	0.764555	1.0271	2
18	66150001	1.13238	1.0271	2
18	66200001	0.780648	1.0271	2
18	66250001	1.03884	1.0271	2
18	66300001	1.10242	1.0271	2
18	66350001	1.00639	1.0271	2
18	66400001	1.06168	1.0271	2
18	66450001	0.972923	1.0271	2
18	66500001	1.0172	1.0271	2
18	66550001	1.39622	1.0271	2
18	66600001	1.02164	1.0271	2
18	66650001	1.03894	1.0271	2
18	66700001	0.852371	1.0271	2
18	66750001	1.06909	1.0271	2
18	66800001	1.00544	1.0271	2
18	66850001	1.1588	1.0271	2
18	66900001	1.15107	1.0271	2
18	66950001	1.21667	1.0271	2
18	67000001	0.975828	1.0271	2
18	67050001	0.999961	1.0271	2
18	67100001	0.983018	1.0271	2
18	67150001	0.784126	1.0271	2
18	67200001	1.17616	1.0271	2
18	67250001	1.14724	1.0271	2
18	67300001	0.989949	1.0271	2
18	67350001	0.960797	1.0271	2
18	67400001	1.32369	1.0271	2
18	67450001	1.09938	1.0271	2
18	67500001	0.980658	1.0271	2
18	67550001	0.882188	1.0271	2
18	67600001	1.11215	1.0271	2
18	67650001	1.00962	1.0271	2
18	67700001	0.863098	1.0271	2
18	67750001	0.912514	1.0271	2
18	67800001	1.12756	1.0271	2
18	67850001	0.97046	1.0271	2
18	67900001	0.901857	1.0271	2
18	67950001	0.824252	1.0271	2
18	68000001	0.942194	1.0271	2
18	68050001	0.834176	1.0271	2
18	68100001	1.32995	1.0271	2
18	68150001	0.728685	1.0271	2
18	68200001	0.970515	1.0271	2
18	68250001	1.15131	1.0271	2
18	68300001	1.03541	1.0271	2
18	68350001	0.88473	1.0271	2
18	68400001	1.27534	1.0271	2
18	68450001	1.03934	1.0271	2
18	68500001	1.03308	1.0271	2
18	68550001	0.785162	1.0271	2
18	68600001	0.911243	1.0271	2
18	68650001	1.10742	1.0271	2
18	68700001	0.986167	1.0271	2
18	68750001	1.1492	1.0271	2
18	68800001	1.05656	1.0271	2
18	68850001	1.21007	1.0271	2
18	68900001	0.793957	1.0271	2
18	68950001	1.03929	1.0271	2
18	69000001	1.0489	1.0271	2
18	69050001	1.27144	1.0271	2
18	69100001	0.933014	1.0271	2
18	69150001	0.7848	1.0271	2
18	69200001	1.17887	1.0271	2
18	69250001	1.2015	1.0271	2
18	69300001	0.785556	1.0271	2
18	69350001	1.23698	1.0271	2
18	69400001	1.18415	1.0271	2
18	69450001	1.00428	1.0271	2
18	69500001	1.3409	1.0271	2
18	69550001	1.11114	1.0271	2
18	69600001	1.20202	1.0271	2
18	69650001	1.21022	1.0271	2
18	69700001	1.34002	1.0271	2
18	69750001	1.18926	1.0271	2
18	69800001	1.21775	1.0271	2
18	69850001	1.15481	1.0271	2
18	69900001	1.3504	1.0271	2
18	69950001	1.51575	1.0271	2
18	70000001	1.18247	1.0271	2
18	70050001	1.1883	1.0271	2
18	70100001	1.15157	1.0271	2
18	70150001	1.01572	1.0271	2
18	70200001	1.2134	1.0271	2
18	70250001	1.13425	1.0271	2
18	70300001	1.05292	1.0271	2
18	70350001	1.07859	1.0271	2
18	70400001	-1	1.0271	2
18	70450001	-1	1.0271	2
18	70500001	0.916999	1.0271	2
18	70550001	1.06185	1.0271	2
18	70600001	0.922788	1.0271	2
18	70650001	0.914539	1.0271	2
18	70700001	0.875122	1.0271	2
18	70750001	1.11961	1.0271	2
18	70800001	1.17101	1.0271	2
18	70850001	1.20022	1.0271	2
18	70900001	1.11946	1.0271	2
18	70950001	1.00011	1.0271	2
18	71000001	1.29225	1.0271	2
18	71050001	0.956975	1.0271	2
18	71100001	0.974062	1.0271	2
18	71150001	0.938122	1.0271	2
18	71200001	1.26472	1.0271	2
18	71250001	0.903142	1.0271	2
18	71300001	1.31049	1.0271	2
18	71350001	0.971184	1.0271	2
18	71400001	0.89174	1.0271	2
18	71450001	1.26158	1.0271	2
18	71500001	1.04929	1.0271	2
18	71550001	0.79479	1.0271	2
18	71600001	0.837199	1.0271	2
18	71650001	0.979182	1.0271	2
18	71700001	1.12577	1.0271	2
18	71750001	0.899181	1.0271	2
18	71800001	1.14304	1.0271	2
18	71850001	0.67406	1.0271	2
18	71900001	0.771568	1.0271	2
18	71950001	1.05387	1.0271	2
18	72000001	0.998107	1.0271	2
18	72050001	0.878397	1.0271	2
18	72100001	0.761178	1.0271	2
18	72150001	0.723868	1.0271	2
18	72200001	1.18308	1.0271	2
18	72250001	0.695275	1.0271	2
18	72300001	0.669062	1.0271	2
18	72350001	1.37169	1.0271	2
18	72400001	0.813579	1.0271	2
18	72450001	1.07205	1.0271	2
18	72500001	1.15485	1.0271	2
18	72550001	1.51335	1.0271	2
18	72600001	1.12261	1.0271	2
18	72650001	1.07827	1.0271	2
18	72700001	0.986041	1.0271	2
18	72750001	0.850363	1.0271	2
18	72800001	0.887272	1.0271	2
18	72850001	0.982553	1.0271	2
18	72900001	0.785411	1.0271	2
18	72950001	1.10017	1.0271	2
18	73000001	0.997688	1.0271	2
18	73050001	1.48437	1.0271	2
18	73100001	0.960142	1.0271	2
18	73150001	1.02891	1.0271	2
18	73200001	0.921823	1.0271	2
18	73250001	1.03254	1.0271	2
18	73300001	0.821327	1.0271	2
18	73350001	0.948231	1.0271	2
18	73400001	0.940187	1.0271	2
18	73450001	1.51781	1.0271	2
18	73500001	1.00696	1.0271	2
18	73550001	0.818794	1.0271	2
18	73600001	0.9888	1.0271	2
18	73650001	1.09415	1.0271	2
18	73700001	0.797308	1.0271	2
18	73750001	0.811571	1.0271	2
18	73800001	1.04071	1.0271	2
18	73850001	-1	1.0271	2
18	73900001	0.997788	1.0271	2
18	73950001	1.44249	1.0271	2
18	74000001	0.876351	0.887782	2
18	74050001	0.647776	0.887782	2
18	74100001	0.734839	0.887782	2
18	74150001	1.01807	0.887782	2
18	74200001	0.721893	0.887782	2
18	74250001	0.932715	0.887782	2
18	74300001	0.760499	0.887782	2
18	74350001	0.967455	0.887782	2
18	74400001	0.920768	0.887782	2
18	74450001	0.898771	0.887782	2
18	74500001	0.612179	0.887782	2
18	74550001	0.980333	0.887782	2
18	74600001	0.995241	0.887782	2
18	74650001	1.05823	0.887782	2
18	74700001	0.765903	0.887782	2
18	74750001	0.906905	0.887782	2
18	74800001	0.971793	0.887782	2
18	74850001	0.988287	0.887782	2
18	74900001	0.979265	0.887782	2
18	74950001	0.885648	0.887782	2
18	75000001	0.789403	0.887782	2
18	75050001	0.757469	0.887782	2
18	75100001	0.774887	0.887782	2
18	75150001	1.16807	0.887782	2
18	75200001	0.947697	0.887782	2
18	75250001	0.65631	0.887782	2
18	75300001	0.741075	0.887782	2
18	75350001	0.826772	0.887782	2
18	75400001	1.0443	0.887782	2
18	75450001	0.874919	0.887782	2
18	75500001	1.11041	0.887782	2
18	75550001	0.772946	0.887782	2
18	75600001	0.941846	0.887782	2
18	75650001	0.887782	0.887782	2
18	75700001	0.326684	0.887782	2
18	75750001	0.761838	0.887782	2
18	75800001	0.942394	0.887782	2
18	75850001	0.793276	0.887782	2
18	75900001	1.16326	0.887782	2
18	75950001	0.958041	0.887782	2
18	76000001	0.736526	0.887782	2
18	76050001	1.0341	0.887782	2
18	76100001	0.566179	0.887782	2
18	76150001	-1	-1	2
18	76200001	-1	-1	2
18	76250001	-1	-1	2
18	76300001	-1	-1	2
18	76350001	-1	-1	2
18	76400001	-1	-1	2
18	76450001	-1	-1	2
18	76500001	-1	-1	2
18	76550001	-1	-1	2
18	76600001	-1	-1	2
18	76650001	-1	-1	2
18	76700001	-1	-1	2
18	76750001	-1	-1	2
18	76800001	-1	-1	2
18	76850001	-1	-1	2
18	76900001	-1	-1	2
18	76950001	-1	-1	2
18	77000001	-1	-1	2
18	77050001	-1	-1	2
18	77100001	-1	-1	2
18	77150001	-1	-1	2
18	77200001	-1	-1	2
18	77250001	-1	-1	2
18	77300001	-1	-1	2
18	77350001	-1	-1	2
18	77400001	-1	-1	2
18	77450001	-1	-1	2
18	77500001	-1	-1	2
18	77550001	-1	-1	2
18	77600001	-1	-1	2
18	77650001	-1	-1	2
18	77700001	-1	-1	2
18	77750001	-1	-1	2
18	77800001	-1	-1	2
18	77850001	-1	-1	2
18	77900001	-1	-1	2
18	77950001	-1	-1	2
18	78000001	-1	-1	2
18	78050001	-1	-1	2
