Chromosome	Start	Ratio	MedianRatio	CopyNumber
10	1	-1	-1	2
10	50001	1.123	0.996357	2
10	100001	1.11269	0.996357	2
10	150001	0.999006	0.996357	2
10	200001	0.85405	0.996357	2
10	250001	0.921816	0.996357	2
10	300001	1.10607	0.996357	2
10	350001	0.701707	0.996357	2
10	400001	0.657252	0.996357	2
10	450001	0.859916	0.996357	2
10	500001	0.6395	0.996357	2
10	550001	0.886771	0.996357	2
10	600001	1.00854	0.996357	2
10	650001	0.629581	0.996357	2
10	700001	1.05954	0.996357	2
10	750001	1.01694	0.996357	2
10	800001	0.812411	0.996357	2
10	850001	1.01781	0.996357	2
10	900001	1.15708	0.996357	2
10	950001	1.09322	0.996357	2
10	1000001	0.927108	0.996357	2
10	1050001	0.989814	0.996357	2
10	1100001	1.09335	0.996357	2
10	1150001	0.945386	0.996357	2
10	1200001	0.789609	0.996357	2
10	1250001	0.921863	0.996357	2
10	1300001	0.961553	0.996357	2
10	1350001	0.967913	0.996357	2
10	1400001	0.922619	0.996357	2
10	1450001	0.861871	0.996357	2
10	1500001	0.660632	0.996357	2
10	1550001	0.971907	0.996357	2
10	1600001	1.09502	0.996357	2
10	1650001	0.955808	0.996357	2
10	1700001	0.962274	0.996357	2
10	1750001	0.906319	0.996357	2
10	1800001	1.06225	0.996357	2
10	1850001	1.30072	0.996357	2
10	1900001	1.17926	0.996357	2
10	1950001	1.00469	0.996357	2
10	2000001	1.18823	0.996357	2
10	2050001	1.17181	0.996357	2
10	2100001	0.960035	0.996357	2
10	2150001	0.960484	0.996357	2
10	2200001	1.08991	0.996357	2
10	2250001	0.935277	0.996357	2
10	2300001	1.24754	0.996357	2
10	2350001	0.873585	0.996357	2
10	2400001	0.884057	0.996357	2
10	2450001	1.11297	0.996357	2
10	2500001	0.88039	0.996357	2
10	2550001	0.775709	0.996357	2
10	2600001	0.997886	0.996357	2
10	2650001	0.924198	0.996357	2
10	2700001	0.816178	0.996357	2
10	2750001	0.897069	0.996357	2
10	2800001	1.01105	0.996357	2
10	2850001	0.839595	0.996357	2
10	2900001	1.09439	0.996357	2
10	2950001	1.39684	0.996357	2
10	3000001	1.18234	0.996357	2
10	3050001	1.00504	0.996357	2
10	3100001	0.658017	0.996357	2
10	3150001	0.501469	0.996357	2
10	3200001	1.09009	0.996357	2
10	3250001	0.724339	0.996357	2
10	3300001	0.713712	0.996357	2
10	3350001	1.04987	0.996357	2
10	3400001	0.701881	0.996357	2
10	3450001	1.04428	0.996357	2
10	3500001	1.289	0.996357	2
10	3550001	1.16893	0.996357	2
10	3600001	1.04034	0.996357	2
10	3650001	1.31323	0.996357	2
10	3700001	1.28502	0.996357	2
10	3750001	0.762727	0.996357	2
10	3800001	1.18667	0.996357	2
10	3850001	0.856537	0.996357	2
10	3900001	1.12742	0.996357	2
10	3950001	0.87682	0.996357	2
10	4000001	1.10504	0.996357	2
10	4050001	0.931269	0.996357	2
10	4100001	0.940882	0.996357	2
10	4150001	1.02235	0.996357	2
10	4200001	0.985146	0.996357	2
10	4250001	1.00288	0.996357	2
10	4300001	1.20725	0.996357	2
10	4350001	0.794092	0.996357	2
10	4400001	0.774653	0.996357	2
10	4450001	0.797659	0.996357	2
10	4500001	1.06911	0.996357	2
10	4550001	0.950039	0.996357	2
10	4600001	1.24215	0.996357	2
10	4650001	1.18172	0.996357	2
10	4700001	1.21949	0.996357	2
10	4750001	1.43403	0.996357	2
10	4800001	1.09381	0.996357	2
10	4850001	0.826349	0.996357	2
10	4900001	1.27811	0.996357	2
10	4950001	1.37682	0.996357	2
10	5000001	1.10033	0.996357	2
10	5050001	1.34811	0.996357	2
10	5100001	1.16447	0.996357	2
10	5150001	1.19113	0.996357	2
10	5200001	1.41294	0.996357	2
10	5250001	1.13252	0.996357	2
10	5300001	1.26481	0.996357	2
10	5350001	1.38266	0.996357	2
10	5400001	0.837193	0.996357	2
10	5450001	1.10392	0.996357	2
10	5500001	1.12492	0.996357	2
10	5550001	0.712526	0.996357	2
10	5600001	-1	0.996357	2
10	5650001	-1	0.996357	2
10	5700001	1.25345	0.996357	2
10	5750001	1.02003	0.996357	2
10	5800001	0.998945	0.996357	2
10	5850001	0.752481	0.996357	2
10	5900001	1.13896	0.996357	2
10	5950001	0.615673	0.996357	2
10	6000001	0.928307	0.996357	2
10	6050001	1.20623	0.996357	2
10	6100001	1.03409	0.996357	2
10	6150001	0.954391	0.996357	2
10	6200001	0.983662	0.996357	2
10	6250001	0.918514	0.996357	2
10	6300001	1.40488	0.996357	2
10	6350001	1.14975	0.996357	2
10	6400001	1.18124	0.996357	2
10	6450001	1.12896	0.996357	2
10	6500001	0.807445	0.996357	2
10	6550001	0.8452	0.996357	2
10	6600001	0.823677	0.996357	2
10	6650001	1.37125	0.996357	2
10	6700001	1.0049	0.996357	2
10	6750001	1.20056	0.996357	2
10	6800001	1.25908	0.996357	2
10	6850001	1.03744	0.996357	2
10	6900001	0.775256	0.996357	2
10	6950001	1.10725	0.996357	2
10	7000001	0.753641	0.996357	2
10	7050001	1.22291	0.996357	2
10	7100001	1.06615	0.996357	2
10	7150001	1.00321	0.996357	2
10	7200001	0.751342	0.996357	2
10	7250001	1.18053	0.996357	2
10	7300001	1.00615	0.996357	2
10	7350001	0.696282	0.996357	2
10	7400001	1.03302	0.996357	2
10	7450001	0.87945	0.996357	2
10	7500001	0.818074	0.996357	2
10	7550001	1.0125	0.996357	2
10	7600001	1.44681	0.996357	2
10	7650001	0.890183	0.996357	2
10	7700001	0.877217	0.996357	2
10	7750001	1.18945	0.996357	2
10	7800001	1.06232	0.996357	2
10	7850001	0.976937	0.996357	2
10	7900001	0.920673	0.996357	2
10	7950001	1.00006	0.996357	2
10	8000001	0.964195	0.996357	2
10	8050001	0.644389	0.996357	2
10	8100001	1.10411	0.996357	2
10	8150001	0.942936	0.996357	2
10	8200001	1.114	0.996357	2
10	8250001	1.18972	0.996357	2
10	8300001	1.17524	0.996357	2
10	8350001	0.638001	0.996357	2
10	8400001	1.12649	0.996357	2
10	8450001	1.21985	0.996357	2
10	8500001	0.974902	0.996357	2
10	8550001	1.11965	0.996357	2
10	8600001	0.879426	0.996357	2
10	8650001	0.930361	0.996357	2
10	8700001	1.04599	0.996357	2
10	8750001	0.774514	0.996357	2
10	8800001	1.12307	0.996357	2
10	8850001	0.8654	0.996357	2
10	8900001	0.931536	0.996357	2
10	8950001	0.91202	0.996357	2
10	9000001	1.06049	0.996357	2
10	9050001	1.1464	0.996357	2
10	9100001	1.0599	0.996357	2
10	9150001	0.853216	0.996357	2
10	9200001	1.13353	0.996357	2
10	9250001	0.940282	0.996357	2
10	9300001	0.868363	0.996357	2
10	9350001	0.813026	0.996357	2
10	9400001	0.90973	0.996357	2
10	9450001	0.851641	0.996357	2
10	9500001	1.04644	0.996357	2
10	9550001	0.95203	0.996357	2
10	9600001	0.948682	0.996357	2
10	9650001	0.781756	0.996357	2
10	9700001	0.999129	0.996357	2
10	9750001	0.859755	0.996357	2
10	9800001	1.60337	0.996357	2
10	9850001	1.15236	0.996357	2
10	9900001	0.755089	0.996357	2
10	9950001	0.932112	0.996357	2
10	10000001	1.00807	0.996357	2
10	10050001	0.877041	0.996357	2
10	10100001	0.919389	0.996357	2
10	10150001	0.967864	0.996357	2
10	10200001	0.774316	0.996357	2
10	10250001	0.781248	0.996357	2
10	10300001	0.840829	0.996357	2
10	10350001	0.906725	0.996357	2
10	10400001	1.12261	0.996357	2
10	10450001	0.920503	0.996357	2
10	10500001	0.832479	0.996357	2
10	10550001	0.795587	0.996357	2
10	10600001	1.17023	0.996357	2
10	10650001	1.10504	0.996357	2
10	10700001	0.987381	0.996357	2
10	10750001	0.968391	0.996357	2
10	10800001	1.06764	0.996357	2
10	10850001	0.873185	0.996357	2
10	10900001	1.02359	0.996357	2
10	10950001	0.911125	0.996357	2
10	11000001	0.800272	0.996357	2
10	11050001	0.916112	0.996357	2
10	11100001	0.898363	0.996357	2
10	11150001	1.25891	0.996357	2
10	11200001	1.05624	0.996357	2
10	11250001	1.08922	0.996357	2
10	11300001	0.733931	0.996357	2
10	11350001	1.02988	0.996357	2
10	11400001	0.827917	0.996357	2
10	11450001	1.25908	0.996357	2
10	11500001	1.02212	0.996357	2
10	11550001	0.988716	0.996357	2
10	11600001	1.33553	0.996357	2
10	11650001	1.02701	0.996357	2
10	11700001	0.808061	0.996357	2
10	11750001	0.966946	0.996357	2
10	11800001	0.784859	0.996357	2
10	11850001	0.886677	0.996357	2
10	11900001	0.88188	0.996357	2
10	11950001	1.56331	0.996357	2
10	12000001	0.628007	0.996357	2
10	12050001	1.06623	0.996357	2
10	12100001	0.948815	0.996357	2
10	12150001	1.06007	0.996357	2
10	12200001	1.23882	0.996357	2
10	12250001	0.761441	0.996357	2
10	12300001	1.07987	0.996357	2
10	12350001	0.770133	0.996357	2
10	12400001	0.947442	0.996357	2
10	12450001	0.964653	0.996357	2
10	12500001	0.991004	0.996357	2
10	12550001	1.00816	0.996357	2
10	12600001	1.23927	0.996357	2
10	12650001	0.902492	0.996357	2
10	12700001	1.19526	0.996357	2
10	12750001	0.721433	0.996357	2
10	12800001	1.14678	0.996357	2
10	12850001	1.06596	0.996357	2
10	12900001	1.36676	0.996357	2
10	12950001	0.955112	0.996357	2
10	13000001	1.02033	0.996357	2
10	13050001	1.41158	0.996357	2
10	13100001	1.10006	0.996357	2
10	13150001	1.04807	0.996357	2
10	13200001	0.924233	0.996357	2
10	13250001	1.02072	0.996357	2
10	13300001	0.782875	0.996357	2
10	13350001	1.09042	0.996357	2
10	13400001	0.900934	0.996357	2
10	13450001	0.64626	0.996357	2
10	13500001	1.13326	0.996357	2
10	13550001	1.17063	0.996357	2
10	13600001	1.0866	0.996357	2
10	13650001	1.09916	0.996357	2
10	13700001	0.952108	0.996357	2
10	13750001	1.08804	0.996357	2
10	13800001	1.27283	0.996357	2
10	13850001	0.982755	0.996357	2
10	13900001	1.05112	0.996357	2
10	13950001	1.21745	0.996357	2
10	14000001	0.680746	0.996357	2
10	14050001	1.1303	0.996357	2
10	14100001	0.820939	0.996357	2
10	14150001	1.37565	0.996357	2
10	14200001	1.26056	0.996357	2
10	14250001	1.06401	0.996357	2
10	14300001	0.857524	0.996357	2
10	14350001	0.782474	0.996357	2
10	14400001	1.00422	0.996357	2
10	14450001	1.1787	0.996357	2
10	14500001	1.09086	0.996357	2
10	14550001	0.777202	0.996357	2
10	14600001	1.07444	0.996357	2
10	14650001	0.977132	0.996357	2
10	14700001	1.03004	0.996357	2
10	14750001	1.06055	0.996357	2
10	14800001	1.09866	0.996357	2
10	14850001	0.991996	0.996357	2
10	14900001	1.00302	0.996357	2
10	14950001	0.906448	0.996357	2
10	15000001	1.17896	0.996357	2
10	15050001	0.967982	0.996357	2
10	15100001	1.05083	0.996357	2
10	15150001	1.19848	0.996357	2
10	15200001	0.934281	0.996357	2
10	15250001	0.845584	0.996357	2
10	15300001	1.06941	0.996357	2
10	15350001	0.667775	0.996357	2
10	15400001	0.876767	0.996357	2
10	15450001	0.927118	0.996357	2
10	15500001	0.994829	0.996357	2
10	15550001	1.15211	0.996357	2
10	15600001	0.843967	0.996357	2
10	15650001	1.02726	0.996357	2
10	15700001	0.893005	0.996357	2
10	15750001	1.14421	0.996357	2
10	15800001	1.13216	0.996357	2
10	15850001	0.994346	0.996357	2
10	15900001	0.984269	0.996357	2
10	15950001	0.981257	0.996357	2
10	16000001	0.981782	0.996357	2
10	16050001	0.958095	0.996357	2
10	16100001	1.00705	0.996357	2
10	16150001	1.05513	0.996357	2
10	16200001	0.948579	0.996357	2
10	16250001	0.793103	0.996357	2
10	16300001	0.833097	0.996357	2
10	16350001	1.02568	0.996357	2
10	16400001	0.791757	0.996357	2
10	16450001	1.11014	0.996357	2
10	16500001	1.10017	0.996357	2
10	16550001	0.702663	0.996357	2
10	16600001	0.868315	0.996357	2
10	16650001	1.0848	0.996357	2
10	16700001	1.06133	0.996357	2
10	16750001	0.840842	0.996357	2
10	16800001	0.815052	0.996357	2
10	16850001	1.13756	0.996357	2
10	16900001	0.932694	0.996357	2
10	16950001	1.10455	0.996357	2
10	17000001	1.35297	0.996357	2
10	17050001	1.03992	0.996357	2
10	17100001	0.987598	0.996357	2
10	17150001	0.987271	0.996357	2
10	17200001	0.832469	0.996357	2
10	17250001	0.958096	0.996357	2
10	17300001	0.92564	0.996357	2
10	17350001	1.14317	0.996357	2
10	17400001	0.72775	0.996357	2
10	17450001	0.700903	0.996357	2
10	17500001	1.01957	0.996357	2
10	17550001	0.893573	0.996357	2
10	17600001	1.17135	0.996357	2
10	17650001	0.904913	0.996357	2
10	17700001	0.842838	0.996357	2
10	17750001	0.513416	0.509234	1
10	17800001	0.668004	0.509234	1
10	17850001	0.505052	0.509234	1
10	17900001	0.67327	0.509234	1
10	17950001	0.232426	0.509234	1
10	18000001	-1	0.509234	1
10	18050001	-1	0.509234	1
10	18100001	0.277856	0.509234	1
10	18150001	0.389633	0.509234	1
10	18200001	0.62043	0.509234	1
10	18250001	0.893469	1.02487	2
10	18300001	0.891427	1.02487	2
10	18350001	0.902543	1.02487	2
10	18400001	0.608649	1.02487	2
10	18450001	0.993088	1.02487	2
10	18500001	0.883231	1.02487	2
10	18550001	0.986244	1.02487	2
10	18600001	1.10061	1.02487	2
10	18650001	0.920096	1.02487	2
10	18700001	0.830185	1.02487	2
10	18750001	0.90158	1.02487	2
10	18800001	0.979186	1.02487	2
10	18850001	1.48371	1.02487	2
10	18900001	1.03092	1.02487	2
10	18950001	1.35611	1.02487	2
10	19000001	1.27419	1.02487	2
10	19050001	0.884113	1.02487	2
10	19100001	0.900505	1.02487	2
10	19150001	1.232	1.02487	2
10	19200001	0.948536	1.02487	2
10	19250001	1.04579	1.02487	2
10	19300001	0.930728	1.02487	2
10	19350001	1.08594	1.02487	2
10	19400001	0.824934	1.02487	2
10	19450001	1.08966	1.02487	2
10	19500001	1.12732	1.02487	2
10	19550001	1.03374	1.02487	2
10	19600001	1.11467	1.02487	2
10	19650001	0.699834	1.02487	2
10	19700001	1.06232	1.02487	2
10	19750001	0.953413	1.02487	2
10	19800001	1.1203	1.02487	2
10	19850001	0.744005	1.02487	2
10	19900001	0.929566	1.02487	2
10	19950001	0.765828	1.02487	2
10	20000001	0.962214	1.02487	2
10	20050001	1.1341	1.02487	2
10	20100001	1.23874	1.02487	2
10	20150001	1.11464	1.02487	2
10	20200001	1.0065	1.02487	2
10	20250001	0.77656	1.02487	2
10	20300001	0.843127	1.02487	2
10	20350001	1.30437	1.02487	2
10	20400001	1.53877	1.02487	2
10	20450001	1.16727	1.02487	2
10	20500001	0.84862	1.02487	2
10	20550001	0.67805	1.02487	2
10	20600001	0.944101	1.02487	2
10	20650001	1.16412	1.02487	2
10	20700001	0.707105	1.02487	2
10	20750001	0.822641	1.02487	2
10	20800001	0.948827	1.02487	2
10	20850001	1.096	1.02487	2
10	20900001	0.813962	1.02487	2
10	20950001	1.25403	1.02487	2
10	21000001	1.23293	1.02487	2
10	21050001	1.08927	1.02487	2
10	21100001	0.881223	1.02487	2
10	21150001	0.914457	1.02487	2
10	21200001	0.909732	1.02487	2
10	21250001	0.996885	1.02487	2
10	21300001	1.23538	1.02487	2
10	21350001	0.704952	1.02487	2
10	21400001	1.11142	1.02487	2
10	21450001	1.19817	1.02487	2
10	21500001	0.798875	1.02487	2
10	21550001	1.26833	1.02487	2
10	21600001	0.853786	1.02487	2
10	21650001	1.05972	1.02487	2
10	21700001	0.813381	1.02487	2
10	21750001	0.876902	1.02487	2
10	21800001	1.05441	1.02487	2
10	21850001	1.10352	1.02487	2
10	21900001	0.961457	1.02487	2
10	21950001	1.17877	1.02487	2
10	22000001	0.910524	1.02487	2
10	22050001	1.081	1.02487	2
10	22100001	1.13973	1.02487	2
10	22150001	1.29035	1.02487	2
10	22200001	1.06523	1.02487	2
10	22250001	1.06096	1.02487	2
10	22300001	0.910524	1.02487	2
10	22350001	1.00775	1.02487	2
10	22400001	1.17675	1.02487	2
10	22450001	0.903779	1.02487	2
10	22500001	1.12281	1.02487	2
10	22550001	1.13548	1.02487	2
10	22600001	1.34486	1.02487	2
10	22650001	0.853734	1.02487	2
10	22700001	1.07455	1.02487	2
10	22750001	1.0195	1.02487	2
10	22800001	1.07115	1.02487	2
10	22850001	0.927319	1.02487	2
10	22900001	0.90066	1.02487	2
10	22950001	1.31976	1.02487	2
10	23000001	0.933044	1.02487	2
10	23050001	1.07338	1.02487	2
10	23100001	0.913493	1.02487	2
10	23150001	1.22573	1.02487	2
10	23200001	1.14398	1.02487	2
10	23250001	1.16133	1.02487	2
10	23300001	1.1342	1.02487	2
10	23350001	0.823219	1.02487	2
10	23400001	0.952621	1.02487	2
10	23450001	0.907149	1.02487	2
10	23500001	1.36838	1.02487	2
10	23550001	0.999117	1.02487	2
10	23600001	0.9352	1.02487	2
10	23650001	1.00302	1.02487	2
10	23700001	1.06204	1.02487	2
10	23750001	1.07265	1.02487	2
10	23800001	0.953629	1.02487	2
10	23850001	1.2666	1.02487	2
10	23900001	0.854899	1.02487	2
10	23950001	1.15303	1.02487	2
10	24000001	0.966296	1.02487	2
10	24050001	1.1076	1.02487	2
10	24100001	1.08394	1.02487	2
10	24150001	1.0007	1.02487	2
10	24200001	1.06972	1.02487	2
10	24250001	0.535379	1.02487	2
10	24300001	1.05067	1.02487	2
10	24350001	1.02583	1.02487	2
10	24400001	1.31912	1.02487	2
10	24450001	0.815894	1.02487	2
10	24500001	1.36895	1.02487	2
10	24550001	1.02591	1.02487	2
10	24600001	1.03888	1.02487	2
10	24650001	0.905757	1.02487	2
10	24700001	1.14758	1.02487	2
10	24750001	1.04415	1.02487	2
10	24800001	1.0972	1.02487	2
10	24850001	1.59648	1.02487	2
10	24900001	1.1618	1.02487	2
10	24950001	1.13437	1.02487	2
10	25000001	0.771715	1.02487	2
10	25050001	0.769137	1.02487	2
10	25100001	1.07349	1.02487	2
10	25150001	0.938527	1.02487	2
10	25200001	1.00762	1.02487	2
10	25250001	1.13355	1.02487	2
10	25300001	1.08724	1.02487	2
10	25350001	1.10441	1.02487	2
10	25400001	1.36189	1.02487	2
10	25450001	0.722323	1.02487	2
10	25500001	0.722132	1.02487	2
10	25550001	1.18283	1.02487	2
10	25600001	0.84391	1.02487	2
10	25650001	1.11159	1.02487	2
10	25700001	1.21548	1.02487	2
10	25750001	1.0557	1.02487	2
10	25800001	1.17211	1.02487	2
10	25850001	0.890568	1.02487	2
10	25900001	0.958146	1.02487	2
10	25950001	0.853444	1.02487	2
10	26000001	1.04983	1.02487	2
10	26050001	1.15976	1.02487	2
10	26100001	1.11122	1.02487	2
10	26150001	0.852286	1.02487	2
10	26200001	1.01497	1.02487	2
10	26250001	0.941375	1.02487	2
10	26300001	1.00661	1.02487	2
10	26350001	0.822617	1.02487	2
10	26400001	0.968372	1.02487	2
10	26450001	1.04611	1.02487	2
10	26500001	0.871612	1.02487	2
10	26550001	1.03166	1.02487	2
10	26600001	1.48249	1.02487	2
10	26650001	1.05299	1.02487	2
10	26700001	1.20949	1.02487	2
10	26750001	0.914503	1.02487	2
10	26800001	1.02542	1.02487	2
10	26850001	1.25529	1.02487	2
10	26900001	0.973925	1.02487	2
10	26950001	0.516618	1.02487	2
10	27000001	1.02751	1.02487	2
10	27050001	0.914184	1.02487	2
10	27100001	1.25269	1.02487	2
10	27150001	1.02652	1.02487	2
10	27200001	0.717544	1.02487	2
10	27250001	1.07807	1.02487	2
10	27300001	0.953624	1.02487	2
10	27350001	0.816333	1.02487	2
10	27400001	0.89252	1.02487	2
10	27450001	0.913448	1.02487	2
10	27500001	0.853102	1.02487	2
10	27550001	1.29579	1.02487	2
10	27600001	0.900573	1.02487	2
10	27650001	0.949929	1.02487	2
10	27700001	0.955986	1.02487	2
10	27750001	0.989417	1.02487	2
10	27800001	0.951767	1.02487	2
10	27850001	0.822743	1.02487	2
10	27900001	1.06733	1.02487	2
10	27950001	1.06744	1.02487	2
10	28000001	1.13291	1.02487	2
10	28050001	1.23124	1.02487	2
10	28100001	1.15787	1.02487	2
10	28150001	0.839792	1.02487	2
10	28200001	1.12302	1.02487	2
10	28250001	1.25837	1.02487	2
10	28300001	1.10723	1.02487	2
10	28350001	0.872356	1.02487	2
10	28400001	0.892358	1.02487	2
10	28450001	0.938756	1.02487	2
10	28500001	1.14263	1.02487	2
10	28550001	0.912015	1.02487	2
10	28600001	1.00461	1.02487	2
10	28650001	1.29694	1.02487	2
10	28700001	1.01339	1.02487	2
10	28750001	0.76913	1.02487	2
10	28800001	1.13495	1.02487	2
10	28850001	1.02167	1.02487	2
10	28900001	0.92091	1.02487	2
10	28950001	0.968861	1.02487	2
10	29000001	1.1067	1.02487	2
10	29050001	0.959631	1.02487	2
10	29100001	0.688778	1.02487	2
10	29150001	0.792139	1.02487	2
10	29200001	1.12035	1.02487	2
10	29250001	1.30761	1.02487	2
10	29300001	1.06675	1.02487	2
10	29350001	1.06018	1.02487	2
10	29400001	1.00775	1.02487	2
10	29450001	1.28401	1.02487	2
10	29500001	0.944142	1.02487	2
10	29550001	1.09544	1.02487	2
10	29600001	1.06452	1.02487	2
10	29650001	1.01125	1.02487	2
10	29700001	0.863462	1.02487	2
10	29750001	1.06503	1.02487	2
10	29800001	1.15466	1.02487	2
10	29850001	0.904588	1.02487	2
10	29900001	0.945736	1.02487	2
10	29950001	0.972594	1.02487	2
10	30000001	1.23466	1.02487	2
10	30050001	1.19029	1.02487	2
10	30100001	1.20886	1.02487	2
10	30150001	0.973355	1.02487	2
10	30200001	0.585767	1.02487	2
10	30250001	1.07207	1.02487	2
10	30300001	0.796878	1.02487	2
10	30350001	1.29285	1.02487	2
10	30400001	1.15878	1.02487	2
10	30450001	0.697503	1.02487	2
10	30500001	0.944718	1.02487	2
10	30550001	1.05709	1.02487	2
10	30600001	1.14114	1.02487	2
10	30650001	0.865294	1.02487	2
10	30700001	1.13241	1.02487	2
10	30750001	1.4175	1.02487	2
10	30800001	1.02588	1.02487	2
10	30850001	0.674912	1.02487	2
10	30900001	1.15199	1.02487	2
10	30950001	1.02256	1.02487	2
10	31000001	1.01694	1.02487	2
10	31050001	0.840066	1.02487	2
10	31100001	1.32163	1.02487	2
10	31150001	1.30126	1.02487	2
10	31200001	0.999393	1.02487	2
10	31250001	1.3021	1.02487	2
10	31300001	0.863089	1.02487	2
10	31350001	1.09104	1.02487	2
10	31400001	0.855585	1.02487	2
10	31450001	0.854454	1.02487	2
10	31500001	1.09224	1.02487	2
10	31550001	1.0467	1.02487	2
10	31600001	0.874762	1.02487	2
10	31650001	1.17605	1.02487	2
10	31700001	0.904294	1.02487	2
10	31750001	0.978503	1.02487	2
10	31800001	1.25817	1.02487	2
10	31850001	1.06683	1.02487	2
10	31900001	1.21917	1.02487	2
10	31950001	0.963749	1.02487	2
10	32000001	1.36077	1.02487	2
10	32050001	1.10042	1.02487	2
10	32100001	1.02739	1.02487	2
10	32150001	1.05906	1.02487	2
10	32200001	1.28035	1.02487	2
10	32250001	0.858704	1.02487	2
10	32300001	0.937493	1.02487	2
10	32350001	0.956719	1.02487	2
10	32400001	1.01466	1.02487	2
10	32450001	1.26876	1.02487	2
10	32500001	1.02219	1.02487	2
10	32550001	1.04938	1.02487	2
10	32600001	1.26945	1.02487	2
10	32650001	1.10004	1.02487	2
10	32700001	0.91452	1.02487	2
10	32750001	1.10342	1.02487	2
10	32800001	0.619818	1.02487	2
10	32850001	0.929088	1.02487	2
10	32900001	0.892643	1.02487	2
10	32950001	0.873104	1.02487	2
10	33000001	1.44978	1.02487	2
10	33050001	1.14832	1.02487	2
10	33100001	1.45471	1.02487	2
10	33150001	1.05615	1.02487	2
10	33200001	1.00648	1.02487	2
10	33250001	1.23425	1.02487	2
10	33300001	1.10669	1.02487	2
10	33350001	1.0125	1.02487	2
10	33400001	0.94519	1.02487	2
10	33450001	1.24148	1.02487	2
10	33500001	1.16332	1.02487	2
10	33550001	1.02988	1.02487	2
10	33600001	1.10023	1.02487	2
10	33650001	0.979819	1.02487	2
10	33700001	0.794011	1.02487	2
10	33750001	1.0608	1.02487	2
10	33800001	1.44133	1.02487	2
10	33850001	0.879905	1.02487	2
10	33900001	0.859811	1.02487	2
10	33950001	0.787362	1.02487	2
10	34000001	0.680234	1.02487	2
10	34050001	0.956049	1.02487	2
10	34100001	1.1863	1.02487	2
10	34150001	1.15563	1.02487	2
10	34200001	1.26326	1.02487	2
10	34250001	0.870793	1.02487	2
10	34300001	1.02991	1.02487	2
10	34350001	1.09788	1.02487	2
10	34400001	1.08756	1.02487	2
10	34450001	0.953934	1.02487	2
10	34500001	1.35386	1.02487	2
10	34550001	0.714671	1.02487	2
10	34600001	0.942486	1.02487	2
10	34650001	0.793628	1.02487	2
10	34700001	1.18499	1.02487	2
10	34750001	0.803257	1.02487	2
10	34800001	1.02074	1.02487	2
10	34850001	1.02433	1.02487	2
10	34900001	1.01311	1.02487	2
10	34950001	1.1543	1.02487	2
10	35000001	1.00324	1.02487	2
10	35050001	0.956343	1.02487	2
10	35100001	1.16628	1.02487	2
10	35150001	1.12601	1.02487	2
10	35200001	1.02019	1.02487	2
10	35250001	0.935875	1.02487	2
10	35300001	0.976594	1.02487	2
10	35350001	1.13553	1.02487	2
10	35400001	1.29561	1.02487	2
10	35450001	0.815022	1.02487	2
10	35500001	0.996774	1.02487	2
10	35550001	0.989906	1.02487	2
10	35600001	1.09099	1.02487	2
10	35650001	1.02982	1.02487	2
10	35700001	0.838715	1.02487	2
10	35750001	0.929309	1.02487	2
10	35800001	1.11794	1.02487	2
10	35850001	0.77153	1.02487	2
10	35900001	1.04617	1.02487	2
10	35950001	1.29344	1.02487	2
10	36000001	0.720501	1.02487	2
10	36050001	0.878519	1.02487	2
10	36100001	1.25969	1.02487	2
10	36150001	0.999562	1.02487	2
10	36200001	0.689365	1.02487	2
10	36250001	1.08784	1.02487	2
10	36300001	1.15799	1.02487	2
10	36350001	0.763713	1.02487	2
10	36400001	1.11312	1.02487	2
10	36450001	0.895781	1.02487	2
10	36500001	1.22996	1.02487	2
10	36550001	0.857345	1.02487	2
10	36600001	1.12296	1.02487	2
10	36650001	1.04797	1.02487	2
10	36700001	0.95399	1.02487	2
10	36750001	0.949047	1.02487	2
10	36800001	0.89748	1.02487	2
10	36850001	0.851953	1.02487	2
10	36900001	1.06486	1.02487	2
10	36950001	0.884868	1.02487	2
10	37000001	1.3379	1.02487	2
10	37050001	0.893185	1.02487	2
10	37100001	1.09178	1.02487	2
10	37150001	1.09471	1.02487	2
10	37200001	0.841673	1.02487	2
10	37250001	1.13389	1.02487	2
10	37300001	1.14418	1.02487	2
10	37350001	1.1431	1.02487	2
10	37400001	0.948424	1.02487	2
10	37450001	1.06846	1.02487	2
10	37500001	1.2672	1.02487	2
10	37550001	1.05191	1.02487	2
10	37600001	0.844933	1.02487	2
10	37650001	0.817812	1.02487	2
10	37700001	1.06825	1.02487	2
10	37750001	0.966007	1.02487	2
10	37800001	1.12141	1.02487	2
10	37850001	1.04784	1.02487	2
10	37900001	0.969662	1.02487	2
10	37950001	0.781552	1.02487	2
10	38000001	1.0375	1.02487	2
10	38050001	1.00631	1.02487	2
10	38100001	0.908212	1.02487	2
10	38150001	0.858431	1.02487	2
10	38200001	0.750138	1.02487	2
10	38250001	0.808857	1.02487	2
10	38300001	1.15891	1.02487	2
10	38350001	0.840874	1.02487	2
10	38400001	0.891442	1.02487	2
10	38450001	0.980106	1.02487	2
10	38500001	1.1947	1.02487	2
10	38550001	1.04675	1.02487	2
10	38600001	0.892235	1.02487	2
10	38650001	1.06309	1.02487	2
10	38700001	0.880212	1.02487	2
10	38750001	1.26565	1.02487	2
10	38800001	1.5202	1.02487	2
10	38850001	-1	1.02487	2
10	38900001	-1	1.02487	2
10	38950001	1.11349	1.02487	2
10	39000001	0.900356	1.02487	2
10	39050001	1.32987	1.02487	2
10	39100001	1.43239	1.02487	2
10	39150001	0.0215544	0	0
10	39200001	-1	0	0
10	39250001	-1	0	0
10	39300001	-1	0	0
10	39350001	-1	0	0
10	39400001	-1	0	0
10	39450001	-1	0	0
10	39500001	-1	0	0
10	39550001	-1	0	0
10	39600001	-1	0	0
10	39650001	-1	0	0
10	39700001	-1	0	0
10	39750001	-1	0	0
10	39800001	-1	0	0
10	39850001	-1	0	0
10	39900001	-1	0	0
10	39950001	-1	0	0
10	40000001	-1	0	0
10	40050001	-1	0	0
10	40100001	-1	0	0
10	40150001	-1	0	0
10	40200001	-1	0	0
10	40250001	-1	0	0
10	40300001	-1	0	0
10	40350001	-1	0	0
10	40400001	-1	0	0
10	40450001	-1	0	0
10	40500001	-1	0	0
10	40550001	-1	0	0
10	40600001	-1	0	0
10	40650001	-1	0	0
10	40700001	-1	0	0
10	40750001	-1	0	0
10	40800001	-1	0	0
10	40850001	-1	0	0
10	40900001	-1	0	0
10	40950001	-1	0	0
10	41000001	-1	0	0
10	41050001	-1	0	0
10	41100001	-1	0	0
10	41150001	-1	0	0
10	41200001	-1	0	0
10	41250001	-1	0	0
10	41300001	-1	0	0
10	41350001	-1	0	0
10	41400001	-1	0	0
10	41450001	-1	0	0
10	41500001	-1	0	0
10	41550001	-1	0	0
10	41600001	-1	0	0
10	41650001	-1	0	0
10	41700001	0	0	0
10	41750001	0	0	0
10	41800001	0	0	0
10	41850001	-1	0	0
10	41900001	-1	0	0
10	41950001	0	0	0
10	42000001	0	0	0
10	42050001	0	0	0
10	42100001	0	0	0
10	42150001	0	0	0
10	42200001	0	0	0
10	42250001	0	0	0
10	42300001	0	0	0
10	42350001	171.34	91.5433	183
10	42400001	11.7468	91.5433	183
10	42450001	0.862435	0.862435	2
10	42500001	19.053	19.053	38
10	42550001	81.4938	19.053	38
10	42600001	7.78198	19.053	38
10	42650001	2.08308	1.41271	3
10	42700001	0.794501	1.41271	3
10	42750001	1.76744	1.41271	3
10	42800001	1.29519	1.41271	3
10	42850001	1.22173	1.41271	3
10	42900001	1.45022	1.41271	3
10	42950001	0.812719	1.41271	3
10	43000001	2.00812	1.41271	3
10	43050001	1.82829	1.41271	3
10	43100001	1.41271	1.41271	3
10	43150001	1.7086	1.41271	3
10	43200001	1.01504	1.41271	3
10	43250001	1.27291	1.41271	3
10	43300001	0.927474	0.705483	1
10	43350001	0.563546	0.705483	1
10	43400001	0.891073	0.705483	1
10	43450001	0.610402	0.705483	1
10	43500001	0.883024	0.705483	1
10	43550001	0.49973	0.705483	1
10	43600001	0.508514	0.705483	1
10	43650001	0.862277	0.705483	1
10	43700001	0.490753	0.705483	1
10	43750001	0.495042	0.705483	1
10	43800001	0.705483	0.705483	1
10	43850001	0.821478	0.705483	1
10	43900001	0.721826	0.705483	1
10	43950001	0.659277	0.705483	1
10	44000001	0.797776	0.705483	1
10	44050001	1.15488	0.981852	2
10	44100001	1.12513	0.981852	2
10	44150001	0.782751	0.981852	2
10	44200001	1.12347	0.981852	2
10	44250001	1.45212	0.981852	2
10	44300001	0.587686	0.981852	2
10	44350001	0.903362	0.981852	2
10	44400001	0.895237	0.981852	2
10	44450001	0.768212	0.981852	2
10	44500001	0.660069	0.981852	2
10	44550001	0.920572	0.981852	2
10	44600001	0.828735	0.981852	2
10	44650001	0.956053	0.981852	2
10	44700001	1.1163	0.981852	2
10	44750001	0.874209	0.981852	2
10	44800001	0.942028	0.981852	2
10	44850001	0.642172	0.981852	2
10	44900001	1.09726	0.981852	2
10	44950001	0.737254	0.981852	2
10	45000001	1.08897	0.981852	2
10	45050001	0.843588	0.981852	2
10	45100001	0.987727	0.981852	2
10	45150001	1.07953	0.981852	2
10	45200001	1.11449	0.981852	2
10	45250001	1.21085	0.981852	2
10	45300001	1.08993	0.981852	2
10	45350001	1.09224	0.981852	2
10	45400001	1.05843	0.981852	2
10	45450001	0.760369	0.981852	2
10	45500001	1.16395	0.981852	2
10	45550001	0.758107	0.981852	2
10	45600001	0.836809	0.981852	2
10	45650001	0.981852	0.981852	2
10	45700001	1.05166	0.981852	2
10	45750001	-1	0.981852	2
10	45800001	-1	0.981852	2
10	45850001	-1	0.981852	2
10	45900001	1.03948	0.981852	2
10	45950001	0.968523	0.981852	2
10	46000001	1.05617	0.981852	2
10	46050001	0.918169	0.981852	2
10	46100001	1.0603	0.981852	2
10	46150001	1.21875	0.981852	2
10	46200001	0.79957	0.981852	2
10	46250001	0.580939	0.504359	1
10	46300001	0.408991	0.504359	1
10	46350001	0.535519	0.504359	1
10	46400001	0.150624	0.504359	1
10	46450001	0.273898	0.504359	1
10	46500001	0.482539	0.504359	1
10	46550001	0.526178	0.504359	1
10	46600001	0.605795	0.504359	1
10	46650001	0.5468	0.504359	1
10	46700001	0.274565	0.504359	1
10	46750001	0.332332	0.504359	1
10	46800001	0.611994	0.504359	1
10	46850001	-1	-1	1
10	46900001	-1	-1	1
10	46950001	-1	-1	1
10	47000001	1.75708	1.95802	4
10	47050001	2.15895	1.95802	4
10	47100001	3.16771	3.16771	6
10	47150001	0.565916	0.513913	1
10	47200001	0.833579	0.513913	1
10	47250001	-1	0.513913	1
10	47300001	-1	0.513913	1
10	47350001	-1	0.513913	1
10	47400001	-1	0.513913	1
10	47450001	0	0.513913	1
10	47500001	0.349324	0.513913	1
10	47550001	-1	0.513913	1
10	47600001	-1	0.513913	1
10	47650001	-1	0.513913	1
10	47700001	-1	0.513913	1
10	47750001	0.263183	0.513913	1
10	47800001	0	0.513913	1
10	47850001	0.0509137	0.513913	1
10	47900001	0.383526	0.513913	1
10	47950001	0.760964	0.513913	1
10	48000001	0.617153	0.513913	1
10	48050001	0.0238511	0.513913	1
10	48100001	0.447358	0.513913	1
10	48150001	0.323736	0.513913	1
10	48200001	0.537385	0.513913	1
10	48250001	0.490441	0.513913	1
10	48300001	0.967886	0.513913	1
10	48350001	0.638816	0.513913	1
10	48400001	0.56197	0.513913	1
10	48450001	0.764124	0.513913	1
10	48500001	1.05477	0.513913	1
10	48550001	0.888202	0.513913	1
10	48600001	0.832381	0.513913	1
10	48650001	0.465683	0.513913	1
10	48700001	-1	0.513913	1
10	48750001	-1	0.513913	1
10	48800001	-1	0.513913	1
10	48850001	-1	0.513913	1
10	48900001	0.629758	0.513913	1
10	48950001	0.556355	0.513913	1
10	49000001	0.681253	0.513913	1
10	49050001	0.402711	0.513913	1
10	49100001	0	0.513913	1
10	49150001	0.020727	0.513913	1
10	49200001	0.416145	0.513913	1
10	49250001	0.765848	0.967567	2
10	49300001	0.967567	0.967567	2
10	49350001	0.90799	0.967567	2
10	49400001	1.18857	0.967567	2
10	49450001	0.896369	0.967567	2
10	49500001	1.47838	0.967567	2
10	49550001	1.01921	0.967567	2
10	49600001	0.760759	0.967567	2
10	49650001	0.730972	0.967567	2
10	49700001	0.8417	0.967567	2
10	49750001	1.07258	0.967567	2
10	49800001	1.22145	0.967567	2
10	49850001	1.57777	0.967567	2
10	49900001	0.753849	0.967567	2
10	49950001	1.02559	0.967567	2
10	50000001	0.79496	0.967567	2
10	50050001	1.06682	0.967567	2
10	50100001	0.977777	0.967567	2
10	50150001	0.942032	0.967567	2
10	50200001	1.2746	0.967567	2
10	50250001	1.11661	0.967567	2
10	50300001	0.819633	0.967567	2
10	50350001	0.577927	0.967567	2
10	50400001	1.18442	0.967567	2
10	50450001	1.06242	0.967567	2
10	50500001	0.974825	0.967567	2
10	50550001	0.939557	0.967567	2
10	50600001	1.06597	0.967567	2
10	50650001	0.918552	0.967567	2
10	50700001	0.822878	0.967567	2
10	50750001	0.68712	0.967567	2
10	50800001	-1	0.967567	2
10	50850001	1.06768	0.967567	2
10	50900001	0.771249	0.967567	2
10	50950001	0.513246	0.967567	2
10	51000001	1.1576	0.967567	2
10	51050001	-1	-1	2
10	51100001	-1	-1	2
10	51150001	0.12051	0.378824	1
10	51200001	0.24456	0.378824	1
10	51250001	0.590609	0.378824	1
10	51300001	0.513087	0.378824	1
10	51350001	0.717349	0.378824	1
10	51400001	0.0208512	0.378824	1
10	51450001	0.708551	0.858558	2
10	51500001	0.928967	0.858558	2
10	51550001	1.05096	0.858558	2
10	51600001	1.10681	0.858558	2
10	51650001	0.468338	0.858558	2
10	51700001	0.457129	0.858558	2
10	51750001	0.77984	0.858558	2
10	51800001	0.795326	0.858558	2
10	51850001	0.396836	0.858558	2
10	51900001	0.449517	0.858558	2
10	51950001	0.517836	0.858558	2
10	52000001	0.808802	0.858558	2
10	52050001	1.05799	0.858558	2
10	52100001	1.3322	0.858558	2
10	52150001	0.698139	0.858558	2
10	52200001	1.02929	0.858558	2
10	52250001	0.914554	0.858558	2
10	52300001	1.08562	0.858558	2
10	52350001	0.600066	0.858558	2
10	52400001	0.987313	0.858558	2
10	52450001	0.777099	0.858558	2
10	52500001	0.79362	0.858558	2
10	52550001	1.07682	0.858558	2
10	52600001	0.800111	0.858558	2
10	52650001	0.787064	0.858558	2
10	52700001	0.667868	0.858558	2
10	52750001	0.824476	0.858558	2
10	52800001	0.77671	0.858558	2
10	52850001	0.779879	0.858558	2
10	52900001	0.935706	0.858558	2
10	52950001	1.07867	0.858558	2
10	53000001	0.973273	0.858558	2
10	53050001	0.731176	0.858558	2
10	53100001	0.852788	0.858558	2
10	53150001	0.851643	0.858558	2
10	53200001	1.17087	0.858558	2
10	53250001	1.18497	0.858558	2
10	53300001	0.833632	0.858558	2
10	53350001	0.739057	0.858558	2
10	53400001	0.932542	0.858558	2
10	53450001	0.803574	0.858558	2
10	53500001	0.918967	0.858558	2
10	53550001	0.844294	0.858558	2
10	53600001	0.872239	0.858558	2
10	53650001	0.971571	0.858558	2
10	53700001	0.853832	0.858558	2
10	53750001	1.05523	0.858558	2
10	53800001	0.958288	0.858558	2
10	53850001	0.948602	0.858558	2
10	53900001	0.96297	0.858558	2
10	53950001	0.861518	0.858558	2
10	54000001	0.800526	0.858558	2
10	54050001	1.0334	0.858558	2
10	54100001	0.910226	0.858558	2
10	54150001	1.04614	0.858558	2
10	54200001	0.966887	0.858558	2
10	54250001	1.0356	0.858558	2
10	54300001	1.07633	0.858558	2
10	54350001	0.800789	0.858558	2
10	54400001	0.742838	0.858558	2
10	54450001	1.0564	0.858558	2
10	54500001	0.86139	0.858558	2
10	54550001	0.919384	0.858558	2
10	54600001	0.979455	0.858558	2
10	54650001	0.641456	0.858558	2
10	54700001	0.838526	0.858558	2
10	54750001	1.01383	0.858558	2
10	54800001	0.875676	0.858558	2
10	54850001	0.843826	0.858558	2
10	54900001	0.735621	0.858558	2
10	54950001	0.972967	0.858558	2
10	55000001	0.858558	0.858558	2
10	55050001	0.973318	0.858558	2
10	55100001	1.03414	0.858558	2
10	55150001	0.641207	0.858558	2
10	55200001	0.743507	0.858558	2
10	55250001	0.813916	0.858558	2
10	55300001	1.11571	0.858558	2
10	55350001	0.704641	0.858558	2
10	55400001	1.17227	0.858558	2
10	55450001	0.678264	0.858558	2
10	55500001	0.671454	0.858558	2
10	55550001	0.877793	0.858558	2
10	55600001	0.91731	0.858558	2
10	55650001	0.652494	0.858558	2
10	55700001	0.71139	0.858558	2
10	55750001	0.819089	0.858558	2
10	55800001	0.895075	0.858558	2
10	55850001	0.894325	0.858558	2
10	55900001	0.815004	0.858558	2
10	55950001	0.603929	0.858558	2
10	56000001	0.894102	0.858558	2
10	56050001	0.987036	0.858558	2
10	56100001	0.743795	0.858558	2
10	56150001	0.886838	0.858558	2
10	56200001	0.799778	0.858558	2
10	56250001	0.692392	0.858558	2
10	56300001	1.07564	1.03873	2
10	56350001	1.10371	1.03873	2
10	56400001	1.04982	1.03873	2
10	56450001	1.14803	1.03873	2
10	56500001	0.944208	1.03873	2
10	56550001	0.983961	1.03873	2
10	56600001	1.04824	1.03873	2
10	56650001	1.17368	1.03873	2
10	56700001	0.957555	1.03873	2
10	56750001	1.05531	1.03873	2
10	56800001	1.24374	1.03873	2
10	56850001	1.19354	1.03873	2
10	56900001	1.12598	1.03873	2
10	56950001	1.21688	1.03873	2
10	57000001	0.917666	1.03873	2
10	57050001	1.04239	1.03873	2
10	57100001	1.1109	1.03873	2
10	57150001	1.24203	1.03873	2
10	57200001	1.2294	1.03873	2
10	57250001	0.795411	1.03873	2
10	57300001	1.04088	1.03873	2
10	57350001	1.34192	1.03873	2
10	57400001	0.693358	1.03873	2
10	57450001	0.789092	1.03873	2
10	57500001	1.24553	1.03873	2
10	57550001	0.919361	1.03873	2
10	57600001	0.976944	1.03873	2
10	57650001	0.92124	1.03873	2
10	57700001	1.299	1.03873	2
10	57750001	1.16887	1.03873	2
10	57800001	0.910323	1.03873	2
10	57850001	1.17885	1.03873	2
10	57900001	1.09112	1.03873	2
10	57950001	1.03885	1.03873	2
10	58000001	1.1074	1.03873	2
10	58050001	1.02976	1.03873	2
10	58100001	1.20896	1.03873	2
10	58150001	0.95176	1.03873	2
10	58200001	0.967865	1.03873	2
10	58250001	1.05882	1.03873	2
10	58300001	0.768369	1.03873	2
10	58350001	0.911609	1.03873	2
10	58400001	0.910352	1.03873	2
10	58450001	0.943045	1.03873	2
10	58500001	1.04109	1.03873	2
10	58550001	0.779485	1.03873	2
10	58600001	1.25811	1.03873	2
10	58650001	1.1547	1.03873	2
10	58700001	0.911737	1.03873	2
10	58750001	1.0749	1.03873	2
10	58800001	1.02943	1.03873	2
10	58850001	1.1401	1.03873	2
10	58900001	1.02625	1.03873	2
10	58950001	0.910708	1.03873	2
10	59000001	1.18394	1.03873	2
10	59050001	0.664329	1.03873	2
10	59100001	1.15872	1.03873	2
10	59150001	0.840129	1.03873	2
10	59200001	1.01628	1.03873	2
10	59250001	1.19041	1.03873	2
10	59300001	0.701941	1.03873	2
10	59350001	1.12171	1.03873	2
10	59400001	0.852943	1.03873	2
10	59450001	1.17261	1.03873	2
10	59500001	0.97392	1.03873	2
10	59550001	1.00831	1.03873	2
10	59600001	1.10325	1.03873	2
10	59650001	1.17393	1.03873	2
10	59700001	0.832764	1.03873	2
10	59750001	1.18074	1.03873	2
10	59800001	0.968897	1.03873	2
10	59850001	0.845731	1.03873	2
10	59900001	1.15253	1.03873	2
10	59950001	0.837401	1.03873	2
10	60000001	1.21796	1.03873	2
10	60050001	1.53884	1.03873	2
10	60100001	0.955772	1.03873	2
10	60150001	0.871171	1.03873	2
10	60200001	1.0356	1.03873	2
10	60250001	1.24372	1.03873	2
10	60300001	1.08507	1.03873	2
10	60350001	0.859384	1.03873	2
10	60400001	0.733772	1.03873	2
10	60450001	0.778801	1.03873	2
10	60500001	1.16136	1.03873	2
10	60550001	1.51592	1.03873	2
10	60600001	1.03815	1.03873	2
10	60650001	0.938107	1.03873	2
10	60700001	1.13458	1.03873	2
10	60750001	1.52613	1.03873	2
10	60800001	1.07272	1.03873	2
10	60850001	0.932613	1.03873	2
10	60900001	0.874664	1.03873	2
10	60950001	1.24398	1.03873	2
10	61000001	0.83309	1.03873	2
10	61050001	1.19114	1.03873	2
10	61100001	1.03416	1.03873	2
10	61150001	1.01161	1.03873	2
10	61200001	1.12774	1.03873	2
10	61250001	1.00356	1.03873	2
10	61300001	1.22785	1.03873	2
10	61350001	1.09134	1.03873	2
10	61400001	1.32664	1.03873	2
10	61450001	1.0268	1.03873	2
10	61500001	1.10326	1.03873	2
10	61550001	0.931622	1.03873	2
10	61600001	0.992517	1.03873	2
10	61650001	0.83237	1.03873	2
10	61700001	0.900387	1.03873	2
10	61750001	1.30016	1.03873	2
10	61800001	0.949936	1.03873	2
10	61850001	1.1614	1.03873	2
10	61900001	1.25049	1.03873	2
10	61950001	1.04885	1.03873	2
10	62000001	1.19139	1.03873	2
10	62050001	1.00823	1.03873	2
10	62100001	1.31617	1.03873	2
10	62150001	1.3041	1.03873	2
10	62200001	1.16226	1.03873	2
10	62250001	0.976953	1.03873	2
10	62300001	0.918217	1.03873	2
10	62350001	1.00821	1.03873	2
10	62400001	0.890684	1.03873	2
10	62450001	1.19641	1.03873	2
10	62500001	1.40433	1.03873	2
10	62550001	1.20029	1.03873	2
10	62600001	0.910218	1.03873	2
10	62650001	1.14245	1.03873	2
10	62700001	1.0865	1.03873	2
10	62750001	1.49677	1.03873	2
10	62800001	1.2215	1.03873	2
10	62850001	1.18082	1.03873	2
10	62900001	1.22373	1.03873	2
10	62950001	1.0457	1.03873	2
10	63000001	1.29407	1.03873	2
10	63050001	1.12443	1.03873	2
10	63100001	0.99514	1.03873	2
10	63150001	1.0839	1.03873	2
10	63200001	1.1194	1.03873	2
10	63250001	0.784541	1.03873	2
10	63300001	1.08674	1.03873	2
10	63350001	1.02435	1.03873	2
10	63400001	1.08641	1.03873	2
10	63450001	1.03315	1.03873	2
10	63500001	1.00241	1.03873	2
10	63550001	1.11861	1.03873	2
10	63600001	1.19722	1.03873	2
10	63650001	1.01008	1.03873	2
10	63700001	1.24044	1.03873	2
10	63750001	1.16175	1.03873	2
10	63800001	1.29708	1.03873	2
10	63850001	0.850111	1.03873	2
10	63900001	0.895726	1.03873	2
10	63950001	0.914592	1.03873	2
10	64000001	1.22713	1.03873	2
10	64050001	1.2258	1.03873	2
10	64100001	1.08536	1.03873	2
10	64150001	1.12056	1.03873	2
10	64200001	1.04852	1.03873	2
10	64250001	1.20665	1.03873	2
10	64300001	1.035	1.03873	2
10	64350001	1.10725	1.03873	2
10	64400001	0.838207	1.03873	2
10	64450001	1.11463	1.03873	2
10	64500001	1.10855	1.03873	2
10	64550001	0.954906	1.03873	2
10	64600001	0.98798	1.03873	2
10	64650001	1.14253	1.03873	2
10	64700001	0.984754	1.03873	2
10	64750001	0.905569	1.03873	2
10	64800001	0.959646	1.03873	2
10	64850001	0.707101	1.03873	2
10	64900001	1.12266	1.03873	2
10	64950001	1.31852	1.03873	2
10	65000001	1.07087	1.03873	2
10	65050001	0.919182	1.03873	2
10	65100001	1.06111	1.03873	2
10	65150001	0.959126	1.03873	2
10	65200001	1.34393	1.03873	2
10	65250001	0.916746	1.03873	2
10	65300001	1.03377	1.03873	2
10	65350001	0.875412	1.03873	2
10	65400001	1.05168	1.03873	2
10	65450001	1.12392	1.03873	2
10	65500001	1.16304	1.03873	2
10	65550001	1.0839	1.03873	2
10	65600001	1.19035	1.03873	2
10	65650001	0.939337	1.03873	2
10	65700001	0.843585	1.03873	2
10	65750001	0.946276	1.03873	2
10	65800001	0.92032	1.03873	2
10	65850001	0.940773	1.03873	2
10	65900001	1.01368	1.03873	2
10	65950001	1.0856	1.03873	2
10	66000001	0.845511	1.03873	2
10	66050001	0.984003	1.03873	2
10	66100001	0.873314	1.03873	2
10	66150001	0.897201	1.03873	2
10	66200001	1.04533	1.03873	2
10	66250001	0.860849	1.03873	2
10	66300001	0.93335	1.03873	2
10	66350001	0.849951	1.03873	2
10	66400001	1.0935	1.03873	2
10	66450001	0.901728	1.03873	2
10	66500001	1.18139	1.03873	2
10	66550001	1.19677	1.03873	2
10	66600001	1.03901	1.03873	2
10	66650001	1.16701	1.03873	2
10	66700001	0.980852	1.03873	2
10	66750001	0.769129	1.03873	2
10	66800001	0.935446	1.03873	2
10	66850001	0.837186	1.03873	2
10	66900001	1.27527	1.03873	2
10	66950001	1.10529	1.03873	2
10	67000001	0.941114	1.03873	2
10	67050001	0.810065	1.03873	2
10	67100001	0.828629	1.03873	2
10	67150001	0.927881	1.03873	2
10	67200001	1.24199	1.03873	2
10	67250001	0.994796	1.03873	2
10	67300001	0.784359	1.03873	2
10	67350001	1.08511	1.03873	2
10	67400001	1.14758	1.03873	2
10	67450001	1.09315	1.03873	2
10	67500001	0.819339	1.03873	2
10	67550001	0.943516	1.03873	2
10	67600001	1.02119	1.03873	2
10	67650001	1.0997	1.03873	2
10	67700001	1.03862	1.03873	2
10	67750001	0.960117	1.03873	2
10	67800001	1.01568	1.03873	2
10	67850001	0.922097	1.03873	2
10	67900001	0.966101	1.03873	2
10	67950001	1.35065	1.03873	2
10	68000001	1.07139	1.03873	2
10	68050001	1.0785	1.03873	2
10	68100001	1.03027	1.03873	2
10	68150001	1.0212	1.03873	2
10	68200001	0.784394	1.03873	2
10	68250001	0.969444	1.03873	2
10	68300001	0.87126	1.03873	2
10	68350001	1.02874	1.03873	2
10	68400001	1.21298	1.03873	2
10	68450001	0.899075	1.03873	2
10	68500001	1.15949	1.03873	2
10	68550001	0.923744	1.03873	2
10	68600001	0.918488	1.03873	2
10	68650001	1.02583	1.03873	2
10	68700001	0.910674	1.03873	2
10	68750001	0.970553	1.03873	2
10	68800001	1.16136	1.03873	2
10	68850001	1.06207	1.03873	2
10	68900001	1.20076	1.03873	2
10	68950001	0.911331	1.03873	2
10	69000001	1.11315	1.03873	2
10	69050001	1.31616	1.03873	2
10	69100001	0.827233	1.03873	2
10	69150001	1.16417	1.03873	2
10	69200001	1.58136	1.03873	2
10	69250001	1.09563	1.03873	2
10	69300001	0.905438	1.03873	2
10	69350001	1.1526	1.03873	2
10	69400001	1.2825	1.03873	2
10	69450001	1.18263	1.03873	2
10	69500001	1.12593	1.03873	2
10	69550001	0.966813	1.03873	2
10	69600001	0.826751	1.03873	2
10	69650001	1.01497	1.03873	2
10	69700001	0.844473	1.03873	2
10	69750001	0.747234	1.03873	2
10	69800001	1.16024	1.03873	2
10	69850001	0.732576	1.03873	2
10	69900001	0.885109	1.03873	2
10	69950001	1.05982	1.03873	2
10	70000001	1.1517	1.03873	2
10	70050001	0.919889	1.03873	2
10	70100001	0.916805	1.03873	2
10	70150001	0.805236	1.03873	2
10	70200001	0.843685	1.03873	2
10	70250001	0.830259	1.03873	2
10	70300001	0.921174	1.03873	2
10	70350001	0.908403	1.03873	2
10	70400001	0.784153	1.03873	2
10	70450001	1.06089	1.03873	2
10	70500001	0.881229	1.03873	2
10	70550001	0.764611	1.03873	2
10	70600001	0.939776	1.03873	2
10	70650001	1.71447	1.03873	2
10	70700001	1.13926	1.03873	2
10	70750001	1.34225	1.03873	2
10	70800001	0.937938	1.03873	2
10	70850001	1.93983	1.03873	2
10	70900001	1.62348	1.03873	2
10	70950001	1.15635	1.03873	2
10	71000001	1.09812	1.03873	2
10	71050001	1.07582	1.03873	2
10	71100001	0.816469	1.03873	2
10	71150001	0.903173	1.03873	2
10	71200001	1.21059	1.03873	2
10	71250001	1.04828	1.03873	2
10	71300001	1.04563	1.03873	2
10	71350001	1.26603	1.03873	2
10	71400001	0.429136	1.03873	2
10	71450001	0.794011	1.03873	2
10	71500001	0.641674	1.03873	2
10	71550001	0.884728	1.03873	2
10	71600001	0.747476	1.03873	2
10	71650001	0.619811	1.03873	2
10	71700001	1.14727	1.03873	2
10	71750001	1.30464	1.03873	2
10	71800001	0.931587	1.03873	2
10	71850001	1.14998	1.03873	2
10	71900001	1.33452	1.03873	2
10	71950001	1.39986	1.03873	2
10	72000001	0.94274	1.03873	2
10	72050001	0.641084	1.03873	2
10	72100001	1.45214	1.03873	2
10	72150001	1.40279	1.03873	2
10	72200001	0.691609	1.03873	2
10	72250001	0.665483	1.03873	2
10	72300001	0.629667	1.03873	2
10	72350001	1.51736	1.03873	2
10	72400001	1.27074	1.03873	2
10	72450001	1.04012	1.03873	2
10	72500001	0.765117	1.03873	2
10	72550001	1.12968	1.03873	2
10	72600001	1.63779	1.03873	2
10	72650001	0.639776	1.03873	2
10	72700001	1.5446	1.4288	3
10	72750001	1.4527	1.4288	3
10	72800001	0.786889	1.4288	3
10	72850001	1.67419	1.4288	3
10	72900001	1.50921	1.4288	3
10	72950001	1.02568	1.4288	3
10	73000001	1.4288	1.4288	3
10	73050001	1.26811	1.4288	3
10	73100001	1.44008	1.4288	3
10	73150001	1.37676	1.4288	3
10	73200001	1.1318	1.4288	3
10	73250001	0.601211	0.796085	2
10	73300001	0.887028	0.796085	2
10	73350001	0.96388	0.796085	2
10	73400001	1.04162	0.796085	2
10	73450001	0.768446	0.796085	2
10	73500001	0.417004	0.796085	2
10	73550001	0.802009	0.796085	2
10	73600001	0.909289	0.796085	2
10	73650001	0.796085	0.796085	2
10	73700001	1.2516	0.796085	2
10	73750001	1.18036	0.796085	2
10	73800001	0.604701	0.796085	2
10	73850001	1.14647	0.796085	2
10	73900001	0.669196	0.796085	2
10	73950001	0.939098	0.796085	2
10	74000001	0.581161	0.796085	2
10	74050001	0.60157	0.796085	2
10	74100001	0.673793	0.796085	2
10	74150001	0.756713	0.796085	2
10	74200001	0.929584	0.796085	2
10	74250001	0.706968	0.796085	2
10	74300001	1.111	1.03557	2
10	74350001	1.05419	1.03557	2
10	74400001	1.05888	1.03557	2
10	74450001	1.12582	1.03557	2
10	74500001	1.06426	1.03557	2
10	74550001	0.852764	1.03557	2
10	74600001	1.09257	1.03557	2
10	74650001	0.782466	1.03557	2
10	74700001	0.836677	1.03557	2
10	74750001	1.19635	1.03557	2
10	74800001	1.29938	1.03557	2
10	74850001	0.904967	1.03557	2
10	74900001	0.905222	1.03557	2
10	74950001	0.922574	1.03557	2
10	75000001	1.26856	1.03557	2
10	75050001	1.12879	1.03557	2
10	75100001	1.1154	1.03557	2
10	75150001	1.06615	1.03557	2
10	75200001	1.60033	1.03557	2
10	75250001	1.87101	1.03557	2
10	75300001	1.08701	1.03557	2
10	75350001	0.96451	1.03557	2
10	75400001	0.738379	1.03557	2
10	75450001	1.02162	1.03557	2
10	75500001	0.825163	1.03557	2
10	75550001	0.580499	1.03557	2
10	75600001	0.886257	1.03557	2
10	75650001	0.910754	1.03557	2
10	75700001	1.02686	1.03557	2
10	75750001	0.813176	1.03557	2
10	75800001	1.03471	1.03557	2
10	75850001	1.03557	1.03557	2
10	75900001	0.970792	1.03557	2
10	75950001	1.01053	1.03557	2
10	76000001	1.12319	1.03557	2
10	76050001	1.01766	1.03557	2
10	76100001	1.36255	1.03557	2
10	76150001	0.984383	1.03557	2
10	76200001	1.0251	1.03557	2
10	76250001	1.13564	1.03557	2
10	76300001	0.860233	1.03557	2
10	76350001	0.936329	1.03557	2
10	76400001	1.15499	1.03557	2
10	76450001	1.2057	1.03557	2
10	76500001	1.34608	1.03557	2
10	76550001	1.01067	1.03557	2
10	76600001	0.843473	1.03557	2
10	76650001	1.41063	1.03557	2
10	76700001	1.12074	1.03557	2
10	76750001	1.15314	1.03557	2
10	76800001	1.42351	1.03557	2
10	76850001	0.604274	1.03557	2
10	76900001	0.933178	1.03557	2
10	76950001	1.15667	1.03557	2
10	77000001	0.973627	1.03557	2
10	77050001	1.17486	1.03557	2
10	77100001	0.840269	1.03557	2
10	77150001	0.828223	1.03557	2
10	77200001	1.04383	1.03557	2
10	77250001	1.12736	1.03557	2
10	77300001	1.1176	1.03557	2
10	77350001	0.752453	1.03557	2
10	77400001	1.06966	1.03557	2
10	77450001	1.16812	1.03557	2
10	77500001	1.04118	1.03557	2
10	77550001	1.02444	1.03557	2
10	77600001	0.95404	1.03557	2
10	77650001	0.919625	1.03557	2
10	77700001	1.11304	1.03557	2
10	77750001	0.83404	1.03557	2
10	77800001	1.10865	1.03557	2
10	77850001	1.12905	1.03557	2
10	77900001	1.04256	1.03557	2
10	77950001	0.943386	1.03557	2
10	78000001	1.16731	1.03557	2
10	78050001	0.856422	1.03557	2
10	78100001	0.969901	1.03557	2
10	78150001	0.823248	1.03557	2
10	78200001	0.932724	1.03557	2
10	78250001	1.14931	1.03557	2
10	78300001	0.886494	1.03557	2
10	78350001	1.0208	1.03557	2
10	78400001	1.01003	1.03557	2
10	78450001	1.49734	1.03557	2
10	78500001	1.12658	1.03557	2
10	78550001	1.07042	1.03557	2
10	78600001	0.924918	1.03557	2
10	78650001	0.891784	1.03557	2
10	78700001	1.14986	1.03557	2
10	78750001	1.02399	1.03557	2
10	78800001	1.06204	1.03557	2
10	78850001	1.12901	1.03557	2
10	78900001	1.2022	1.03557	2
10	78950001	1.29189	1.03557	2
10	79000001	1.33015	1.03557	2
10	79050001	0.965346	1.03557	2
10	79100001	1.42547	1.03557	2
10	79150001	0.731453	1.03557	2
10	79200001	1.31799	1.03557	2
10	79250001	1.26288	1.03557	2
10	79300001	0.935404	1.03557	2
10	79350001	1.02869	1.03557	2
10	79400001	0.851659	1.03557	2
10	79450001	0.863518	1.03557	2
10	79500001	1.02574	1.03557	2
10	79550001	0.83397	1.03557	2
10	79600001	0.862033	1.03557	2
10	79650001	1.08429	1.03557	2
10	79700001	1.09776	1.03557	2
10	79750001	0.965268	1.03557	2
10	79800001	1.14707	1.03557	2
10	79850001	0.926498	1.03557	2
10	79900001	0.939184	1.03557	2
10	79950001	0.915903	1.03557	2
10	80000001	1.17158	1.03557	2
10	80050001	1.12026	1.03557	2
10	80100001	0.781461	1.03557	2
10	80150001	1.52529	1.03557	2
10	80200001	1.12009	1.03557	2
10	80250001	1.06881	1.03557	2
10	80300001	1.08458	1.03557	2
10	80350001	1.39729	1.39729	3
10	80400001	1.33496	1.39729	3
10	80450001	1.06327	1.39729	3
10	80500001	1.58518	1.39729	3
10	80550001	1.43482	1.39729	3
10	80600001	1.70314	1.39729	3
10	80650001	1.24682	1.39729	3
10	80700001	0.801858	0.773941	2
10	80750001	0.782295	0.773941	2
10	80800001	0.857521	0.773941	2
10	80850001	0.684542	0.773941	2
10	80900001	0.605348	0.773941	2
10	80950001	0.765587	0.773941	2
10	81000001	0.794307	0.773941	2
10	81050001	0.579448	0.773941	2
10	81100001	0.829333	0.773941	2
10	81150001	0.504727	0.773941	2
10	81200001	-1	-1	2
10	81250001	1.01137	1.02753	2
10	81300001	1.01195	1.02753	2
10	81350001	0.824953	1.02753	2
10	81400001	1.10325	1.02753	2
10	81450001	0.769518	1.02753	2
10	81500001	1.11438	1.02753	2
10	81550001	1.08578	1.02753	2
10	81600001	0.925189	1.02753	2
10	81650001	1.01765	1.02753	2
10	81700001	0.910167	1.02753	2
10	81750001	0.978044	1.02753	2
10	81800001	0.958687	1.02753	2
10	81850001	1.08629	1.02753	2
10	81900001	1.17804	1.02753	2
10	81950001	0.929495	1.02753	2
10	82000001	1.20548	1.02753	2
10	82050001	0.981175	1.02753	2
10	82100001	1.40419	1.02753	2
10	82150001	1.07918	1.02753	2
10	82200001	1.11677	1.02753	2
10	82250001	1.40334	1.02753	2
10	82300001	0.849921	1.02753	2
10	82350001	1.01227	1.02753	2
10	82400001	1.04119	1.02753	2
10	82450001	0.812193	1.02753	2
10	82500001	1.00865	1.02753	2
10	82550001	0.828529	1.02753	2
10	82600001	1.1193	1.02753	2
10	82650001	0.861375	1.02753	2
10	82700001	0.716276	1.02753	2
10	82750001	1.0453	1.02753	2
10	82800001	1.2204	1.02753	2
10	82850001	1.04703	1.02753	2
10	82900001	1.0616	1.02753	2
10	82950001	0.870572	1.02753	2
10	83000001	1.09412	1.02753	2
10	83050001	1.00817	1.02753	2
10	83100001	1.11893	1.02753	2
10	83150001	0.901224	1.02753	2
10	83200001	1.11208	1.02753	2
10	83250001	0.959146	1.02753	2
10	83300001	1.14753	1.02753	2
10	83350001	1.25564	1.02753	2
10	83400001	0.793688	1.02753	2
10	83450001	0.844245	1.02753	2
10	83500001	0.706637	1.02753	2
10	83550001	0.987198	1.02753	2
10	83600001	0.827153	1.02753	2
10	83650001	0.98864	1.02753	2
10	83700001	1.18242	1.02753	2
10	83750001	1.09413	1.02753	2
10	83800001	0.774243	1.02753	2
10	83850001	0.890344	1.02753	2
10	83900001	0.896829	1.02753	2
10	83950001	0.784793	1.02753	2
10	84000001	0.980715	1.02753	2
10	84050001	0.735575	1.02753	2
10	84100001	0.774301	1.02753	2
10	84150001	1.20338	1.02753	2
10	84200001	1.12837	1.02753	2
10	84250001	1.20175	1.02753	2
10	84300001	0.936278	1.02753	2
10	84350001	0.970607	1.02753	2
10	84400001	1.16475	1.02753	2
10	84450001	0.988294	1.02753	2
10	84500001	0.85671	1.02753	2
10	84550001	1.22085	1.02753	2
10	84600001	0.842246	1.02753	2
10	84650001	0.881014	1.02753	2
10	84700001	1.07422	1.02753	2
10	84750001	0.950445	1.02753	2
10	84800001	0.861618	1.02753	2
10	84850001	0.968228	1.02753	2
10	84900001	0.852507	1.02753	2
10	84950001	1.02583	1.02753	2
10	85000001	0.896316	1.02753	2
10	85050001	0.765108	1.02753	2
10	85100001	0.790504	1.02753	2
10	85150001	0.790877	1.02753	2
10	85200001	0.990864	1.02753	2
10	85250001	0.911881	1.02753	2
10	85300001	0.968197	1.02753	2
10	85350001	0.911293	1.02753	2
10	85400001	0.69752	1.02753	2
10	85450001	1.12516	1.02753	2
10	85500001	0.939799	1.02753	2
10	85550001	1.02282	1.02753	2
10	85600001	0.877692	1.02753	2
10	85650001	0.96988	1.02753	2
10	85700001	1.16777	1.02753	2
10	85750001	1.02741	1.02753	2
10	85800001	1.18634	1.02753	2
10	85850001	0.843527	1.02753	2
10	85900001	1.10414	1.02753	2
10	85950001	0.76234	1.02753	2
10	86000001	0.903792	1.02753	2
10	86050001	1.15092	1.02753	2
10	86100001	1.00668	1.02753	2
10	86150001	1.00647	1.02753	2
10	86200001	1.05803	1.02753	2
10	86250001	1.1337	1.02753	2
10	86300001	1.07858	1.02753	2
10	86350001	1.20884	1.02753	2
10	86400001	0.786656	1.02753	2
10	86450001	0.964975	1.02753	2
10	86500001	1.098	1.02753	2
10	86550001	1.14176	1.02753	2
10	86600001	1.10416	1.02753	2
10	86650001	1.14645	1.02753	2
10	86700001	0.800548	1.02753	2
10	86750001	1.2388	1.02753	2
10	86800001	1.00945	1.02753	2
10	86850001	0.836134	1.02753	2
10	86900001	0.711333	1.02753	2
10	86950001	0.895913	1.02753	2
10	87000001	0.880983	1.02753	2
10	87050001	1.12529	1.02753	2
10	87100001	1.07045	1.02753	2
10	87150001	0.93823	1.02753	2
10	87200001	0.804392	1.02753	2
10	87250001	1.15643	1.02753	2
10	87300001	1.14206	1.02753	2
10	87350001	1.12613	1.02753	2
10	87400001	0.900745	1.02753	2
10	87450001	1.00068	1.02753	2
10	87500001	1.05709	1.02753	2
10	87550001	1.15681	1.02753	2
10	87600001	0.75703	1.02753	2
10	87650001	0.912464	1.02753	2
10	87700001	0.999413	1.02753	2
10	87750001	1.08152	1.02753	2
10	87800001	0.813241	1.02753	2
10	87850001	1.00401	1.02753	2
10	87900001	0.705315	1.02753	2
10	87950001	0.97486	1.02753	2
10	88000001	0.961052	1.02753	2
10	88050001	0.88865	1.02753	2
10	88100001	0.604164	1.02753	2
10	88150001	0.805864	1.02753	2
10	88200001	0.701834	1.02753	2
10	88250001	0.930709	1.02753	2
10	88300001	1.35624	1.02753	2
10	88350001	1.04569	1.02753	2
10	88400001	1.02807	1.02753	2
10	88450001	0.877034	1.02753	2
10	88500001	1.328	1.02753	2
10	88550001	0.967386	1.02753	2
10	88600001	0.73777	1.02753	2
10	88650001	0.902298	1.02753	2
10	88700001	1.0324	1.02753	2
10	88750001	0.941246	1.02753	2
10	88800001	0.948466	1.02753	2
10	88850001	0.995187	1.02753	2
10	88900001	1.12634	1.02753	2
10	88950001	1.13302	1.02753	2
10	89000001	1.42008	1.02753	2
10	89050001	1.27844	1.02753	2
10	89100001	0.861354	1.02753	2
10	89150001	0.948765	1.02753	2
10	89200001	0.883082	1.02753	2
10	89250001	1.07601	1.02753	2
10	89300001	0.992392	1.02753	2
10	89350001	0.756	1.02753	2
10	89400001	1.20597	1.02753	2
10	89450001	0.957537	1.02753	2
10	89500001	1.1956	1.02753	2
10	89550001	1.18094	1.02753	2
10	89600001	1.00657	1.02753	2
10	89650001	0.835329	1.02753	2
10	89700001	1.22505	1.02753	2
10	89750001	0.993718	1.02753	2
10	89800001	1.11512	1.02753	2
10	89850001	0.843518	1.02753	2
10	89900001	1.30922	1.02753	2
10	89950001	0.75914	1.02753	2
10	90000001	1.02157	1.02753	2
10	90050001	1.06455	1.02753	2
10	90100001	0.939981	1.02753	2
10	90150001	1.07528	1.02753	2
10	90200001	1.24969	1.02753	2
10	90250001	1.23189	1.02753	2
10	90300001	1.04291	1.02753	2
10	90350001	1.10353	1.02753	2
10	90400001	1.08204	1.02753	2
10	90450001	1.26858	1.02753	2
10	90500001	1.04984	1.02753	2
10	90550001	1.10504	1.02753	2
10	90600001	0.989344	1.02753	2
10	90650001	1.30611	1.02753	2
10	90700001	1.07122	1.02753	2
10	90750001	1.03008	1.02753	2
10	90800001	0.967853	1.02753	2
10	90850001	0.844447	1.02753	2
10	90900001	1.05514	1.02753	2
10	90950001	0.979033	1.02753	2
10	91000001	1.00421	1.02753	2
10	91050001	1.15266	1.02753	2
10	91100001	1.35391	1.02753	2
10	91150001	1.41352	1.02753	2
10	91200001	1.19694	1.02753	2
10	91250001	0.901821	1.02753	2
10	91300001	1.01818	1.02753	2
10	91350001	0.952103	1.02753	2
10	91400001	1.04346	1.02753	2
10	91450001	1.26063	1.02753	2
10	91500001	0.932842	1.02753	2
10	91550001	1.12719	1.02753	2
10	91600001	1.37615	1.02753	2
10	91650001	0.817552	1.02753	2
10	91700001	0.834222	1.02753	2
10	91750001	1.08829	1.02753	2
10	91800001	1.33763	1.02753	2
10	91850001	1.0198	1.02753	2
10	91900001	0.950778	1.02753	2
10	91950001	1.11753	1.02753	2
10	92000001	1.17131	1.02753	2
10	92050001	1.07433	1.02753	2
10	92100001	0.967832	1.02753	2
10	92150001	0.89317	1.02753	2
10	92200001	1.03763	1.02753	2
10	92250001	1.12278	1.02753	2
10	92300001	1.04654	1.02753	2
10	92350001	0.804021	1.02753	2
10	92400001	0.851705	1.02753	2
10	92450001	1.25968	1.02753	2
10	92500001	0.86322	1.02753	2
10	92550001	0.845972	1.02753	2
10	92600001	0.904495	1.02753	2
10	92650001	1.30061	1.02753	2
10	92700001	1.11031	1.02753	2
10	92750001	0.989069	1.02753	2
10	92800001	1.27984	1.02753	2
10	92850001	1.10376	1.02753	2
10	92900001	0.844343	1.02753	2
10	92950001	1.12467	1.02753	2
10	93000001	0.987327	1.02753	2
10	93050001	0.942951	1.02753	2
10	93100001	1.14593	1.02753	2
10	93150001	1.28831	1.02753	2
10	93200001	0.768502	1.02753	2
10	93250001	1.01794	1.02753	2
10	93300001	1.28777	1.02753	2
10	93350001	1.13538	1.02753	2
10	93400001	0.933668	1.02753	2
10	93450001	1.00978	1.02753	2
10	93500001	0.795793	1.02753	2
10	93550001	1.16134	1.02753	2
10	93600001	1.17296	1.02753	2
10	93650001	1.20873	1.02753	2
10	93700001	0.979369	1.02753	2
10	93750001	1.14622	1.02753	2
10	93800001	0.859507	1.02753	2
10	93850001	1.1531	1.02753	2
10	93900001	0.699202	1.02753	2
10	93950001	1.04841	1.02753	2
10	94000001	1.13867	1.02753	2
10	94050001	1.14787	1.02753	2
10	94100001	0.937806	1.02753	2
10	94150001	0.95858	1.02753	2
10	94200001	0.812102	1.02753	2
10	94250001	1.14505	1.02753	2
10	94300001	1.08463	1.02753	2
10	94350001	1.31081	1.02753	2
10	94400001	1.03194	1.02753	2
10	94450001	0.726454	1.02753	2
10	94500001	1.16937	1.02753	2
10	94550001	0.97914	1.02753	2
10	94600001	1.17379	1.02753	2
10	94650001	1.05452	1.02753	2
10	94700001	1.12359	1.02753	2
10	94750001	1.1238	1.02753	2
10	94800001	0.900426	1.02753	2
10	94850001	1.09362	1.02753	2
10	94900001	1.02725	1.02753	2
10	94950001	1.35266	1.02753	2
10	95000001	0.997095	1.02753	2
10	95050001	1.16677	1.02753	2
10	95100001	1.60131	1.02753	2
10	95150001	1.05535	1.02753	2
10	95200001	1.19733	1.02753	2
10	95250001	0.805713	1.02753	2
10	95300001	1.11283	1.02753	2
10	95350001	0.997314	1.02753	2
10	95400001	0.957553	1.02753	2
10	95450001	1.03201	1.02753	2
10	95500001	1.15971	1.02753	2
10	95550001	1.24508	1.02753	2
10	95600001	1.16043	1.02753	2
10	95650001	1.01026	1.02753	2
10	95700001	1.15361	1.02753	2
10	95750001	1.08369	1.02753	2
10	95800001	1.13269	1.02753	2
10	95850001	1.21639	1.02753	2
10	95900001	1.10552	1.02753	2
10	95950001	0.974442	1.02753	2
10	96000001	1.19777	1.02753	2
10	96050001	0.958833	1.02753	2
10	96100001	1.27434	1.02753	2
10	96150001	0.929445	1.02753	2
10	96200001	1.44204	1.02753	2
10	96250001	0.858216	1.02753	2
10	96300001	1.10777	1.02753	2
10	96350001	0.921826	1.02753	2
10	96400001	1.05926	1.02753	2
10	96450001	1.10359	1.02753	2
10	96500001	1.03352	1.02753	2
10	96550001	1.11946	1.02753	2
10	96600001	1.04521	1.02753	2
10	96650001	1.18124	1.02753	2
10	96700001	0.861894	1.02753	2
10	96750001	0.832519	1.02753	2
10	96800001	1.25892	1.02753	2
10	96850001	1.14417	1.02753	2
10	96900001	1.28254	1.02753	2
10	96950001	1.17345	1.02753	2
10	97000001	1.46928	1.02753	2
10	97050001	0.886266	1.02753	2
10	97100001	1.10745	1.02753	2
10	97150001	1.15211	1.02753	2
10	97200001	0.961316	1.02753	2
10	97250001	1.08062	1.02753	2
10	97300001	1.07322	1.02753	2
10	97350001	1.2351	1.02753	2
10	97400001	0.920699	1.02753	2
10	97450001	0.887196	1.02753	2
10	97500001	0.793523	1.02753	2
10	97550001	1.02469	1.02753	2
10	97600001	0.947843	1.02753	2
10	97650001	0.952111	1.02753	2
10	97700001	0.9581	1.02753	2
10	97750001	1.18875	1.02753	2
10	97800001	1.07911	1.02753	2
10	97850001	0.94878	1.02753	2
10	97900001	1.10325	1.02753	2
10	97950001	1.11606	1.02753	2
10	98000001	0.97998	1.02753	2
10	98050001	1.2326	1.02753	2
10	98100001	0.960442	1.02753	2
10	98150001	1.15257	1.02753	2
10	98200001	1.41654	1.02753	2
10	98250001	0.861521	1.02753	2
10	98300001	0.975278	1.02753	2
10	98350001	1.19639	1.02753	2
10	98400001	1.08687	1.02753	2
10	98450001	0.983158	1.02753	2
10	98500001	0.988754	1.02753	2
10	98550001	0.722973	1.02753	2
10	98600001	1.24028	1.02753	2
10	98650001	1.19076	1.02753	2
10	98700001	0.925624	1.02753	2
10	98750001	1.11344	1.02753	2
10	98800001	1.00195	1.02753	2
10	98850001	0.913457	1.02753	2
10	98900001	1.17646	1.02753	2
10	98950001	0.883639	1.02753	2
10	99000001	1.09494	1.02753	2
10	99050001	1.40725	1.02753	2
10	99100001	0.997997	1.02753	2
10	99150001	1.21709	1.02753	2
10	99200001	1.03557	1.02753	2
10	99250001	1.48946	1.02753	2
10	99300001	0.893485	1.02753	2
10	99350001	1.35075	1.02753	2
10	99400001	1.06875	1.02753	2
10	99450001	1.00796	1.02753	2
10	99500001	0.815898	1.02753	2
10	99550001	1.26596	1.02753	2
10	99600001	1.25727	1.02753	2
10	99650001	0.850366	1.02753	2
10	99700001	1.21871	1.02753	2
10	99750001	1.13768	1.02753	2
10	99800001	0.765481	1.02753	2
10	99850001	1.09835	1.02753	2
10	99900001	1.12317	1.02753	2
10	99950001	0.92031	1.02753	2
10	100000001	0.944237	1.02753	2
10	100050001	1.05129	1.02753	2
10	100100001	0.984268	1.02753	2
10	100150001	0.864715	1.02753	2
10	100200001	0.803359	1.02753	2
10	100250001	0.953006	1.02753	2
10	100300001	0.81662	1.02753	2
10	100350001	0.950445	1.02753	2
10	100400001	0.842847	1.02753	2
10	100450001	1.16401	1.02753	2
10	100500001	0.987239	1.02753	2
10	100550001	1.08448	1.02753	2
10	100600001	1.06931	1.02753	2
10	100650001	0.902518	1.02753	2
10	100700001	1.05491	1.02753	2
10	100750001	1.16144	1.02753	2
10	100800001	0.891445	1.02753	2
10	100850001	1.26825	1.02753	2
10	100900001	1.20384	1.02753	2
10	100950001	1.10454	1.02753	2
10	101000001	1.39497	1.02753	2
10	101050001	1.07599	1.02753	2
10	101100001	1.0943	1.02753	2
10	101150001	1.15893	1.02753	2
10	101200001	0.802455	1.02753	2
10	101250001	0.799258	1.02753	2
10	101300001	0.861692	1.02753	2
10	101350001	1.05561	1.02753	2
10	101400001	1.25243	1.02753	2
10	101450001	0.987975	1.02753	2
10	101500001	1.1196	1.02753	2
10	101550001	1.0573	1.02753	2
10	101600001	1.22204	1.02753	2
10	101650001	0.935738	1.02753	2
10	101700001	1.07354	1.02753	2
10	101750001	1.31516	1.02753	2
10	101800001	0.944832	1.02753	2
10	101850001	0.753408	1.02753	2
10	101900001	1.13359	1.02753	2
10	101950001	1.15536	1.02753	2
10	102000001	0.970125	1.02753	2
10	102050001	1.23582	1.02753	2
10	102100001	0.966518	1.02753	2
10	102150001	0.965706	1.02753	2
10	102200001	0.924089	1.02753	2
10	102250001	1.15394	1.02753	2
10	102300001	0.979937	1.02753	2
10	102350001	1.0493	1.02753	2
10	102400001	0.936178	1.02753	2
10	102450001	0.997629	1.02753	2
10	102500001	1.31734	1.02753	2
10	102550001	0.871256	1.02753	2
10	102600001	0.988391	1.02753	2
10	102650001	0.987204	1.02753	2
10	102700001	1.22973	1.02753	2
10	102750001	1.12742	1.02753	2
10	102800001	1.17787	1.02753	2
10	102850001	0.919583	1.02753	2
10	102900001	1.08209	1.02753	2
10	102950001	0.667524	1.02753	2
10	103000001	1.37374	1.02753	2
10	103050001	0.900738	1.02753	2
10	103100001	1.22979	1.02753	2
10	103150001	1.23901	1.02753	2
10	103200001	1.27755	1.02753	2
10	103250001	1.17024	1.02753	2
10	103300001	0.980166	1.02753	2
10	103350001	0.92916	1.02753	2
10	103400001	1.01949	1.02753	2
10	103450001	0.853865	1.02753	2
10	103500001	0.87357	1.02753	2
10	103550001	1.28243	1.02753	2
10	103600001	1.05249	1.02753	2
10	103650001	0.940343	1.02753	2
10	103700001	1.1378	1.02753	2
10	103750001	0.805118	1.02753	2
10	103800001	0.940075	1.02753	2
10	103850001	1.20865	1.02753	2
10	103900001	0.792408	1.02753	2
10	103950001	1.03807	1.02753	2
10	104000001	1.19279	1.02753	2
10	104050001	1.28004	1.02753	2
10	104100001	1.29752	1.02753	2
10	104150001	1.14701	1.02753	2
10	104200001	1.16097	1.02753	2
10	104250001	1.18796	1.02753	2
10	104300001	0.793262	1.02753	2
10	104350001	0.979656	1.02753	2
10	104400001	0.390043	1.02753	2
10	104450001	0.928543	1.02753	2
10	104500001	1.04972	1.02753	2
10	104550001	1.02885	1.02753	2
10	104600001	0.814157	1.02753	2
10	104650001	0.978074	1.02753	2
10	104700001	1.19134	1.02753	2
10	104750001	0.866212	1.02753	2
10	104800001	0.888536	1.02753	2
10	104850001	1.00764	1.02753	2
10	104900001	1.12249	1.02753	2
10	104950001	0.864433	1.02753	2
10	105000001	0.917246	1.02753	2
10	105050001	0.931662	1.02753	2
10	105100001	1.00211	1.02753	2
10	105150001	1.40562	1.02753	2
10	105200001	0.685769	1.02753	2
10	105250001	1.00245	1.02753	2
10	105300001	1.22889	1.02753	2
10	105350001	0.891048	1.02753	2
10	105400001	0.926306	1.02753	2
10	105450001	0.855297	1.02753	2
10	105500001	1.07912	1.02753	2
10	105550001	1.03592	1.02753	2
10	105600001	0.902175	1.02753	2
10	105650001	0.954948	1.02753	2
10	105700001	0.977509	1.02753	2
10	105750001	1.13355	1.02753	2
10	105800001	1.20992	1.02753	2
10	105850001	1.16142	1.02753	2
10	105900001	1.05376	1.02753	2
10	105950001	1.05493	1.02753	2
10	106000001	1.20237	1.02753	2
10	106050001	1.05512	1.02753	2
10	106100001	1.18289	1.02753	2
10	106150001	1.1649	1.02753	2
10	106200001	1.03949	1.02753	2
10	106250001	1.20594	1.02753	2
10	106300001	1.23198	1.02753	2
10	106350001	0.98227	1.02753	2
10	106400001	1.01611	1.02753	2
10	106450001	0.712203	1.02753	2
10	106500001	1.18537	1.02753	2
10	106550001	0.76283	1.02753	2
10	106600001	1.34659	1.02753	2
10	106650001	0.667929	1.02753	2
10	106700001	1.10997	1.02753	2
10	106750001	0.822744	1.02753	2
10	106800001	0.909177	1.02753	2
10	106850001	0.979457	1.02753	2
10	106900001	0.747152	1.02753	2
10	106950001	1.00005	1.02753	2
10	107000001	0.891252	1.02753	2
10	107050001	0.79515	1.02753	2
10	107100001	0.951408	1.02753	2
10	107150001	1.18286	1.02753	2
10	107200001	0.948509	1.02753	2
10	107250001	1.12278	1.02753	2
10	107300001	0.890651	1.02753	2
10	107350001	0.968023	1.02753	2
10	107400001	1.13231	1.02753	2
10	107450001	0.962122	1.02753	2
10	107500001	1.33468	1.02753	2
10	107550001	1.01636	1.02753	2
10	107600001	0.959924	1.02753	2
10	107650001	0.890781	1.02753	2
10	107700001	0.853623	1.02753	2
10	107750001	1.20192	1.02753	2
10	107800001	1.11331	1.02753	2
10	107850001	0.765285	1.02753	2
10	107900001	1.08263	1.02753	2
10	107950001	1.02663	1.02753	2
10	108000001	0.909913	1.02753	2
10	108050001	1.15225	1.02753	2
10	108100001	0.687151	1.02753	2
10	108150001	0.9928	1.02753	2
10	108200001	0.774247	1.02753	2
10	108250001	1.04584	1.02753	2
10	108300001	1.07735	1.02753	2
10	108350001	0.705155	1.02753	2
10	108400001	1.19102	1.02753	2
10	108450001	1.08379	1.02753	2
10	108500001	0.647102	1.02753	2
10	108550001	0.887196	1.02753	2
10	108600001	0.999272	1.02753	2
10	108650001	0.873185	1.02753	2
10	108700001	0.935053	1.02753	2
10	108750001	0.988379	1.02753	2
10	108800001	0.939497	1.02753	2
10	108850001	0.779171	1.02753	2
10	108900001	1.08679	1.02753	2
10	108950001	1.18531	1.02753	2
10	109000001	0.930476	1.02753	2
10	109050001	0.99013	1.02753	2
10	109100001	1.10474	1.02753	2
10	109150001	0.81391	1.02753	2
10	109200001	0.902945	1.02753	2
10	109250001	1.19355	1.02753	2
10	109300001	0.834233	1.02753	2
10	109350001	0.894199	1.02753	2
10	109400001	0.977602	1.02753	2
10	109450001	1.08354	1.02753	2
10	109500001	0.956412	1.02753	2
10	109550001	0.832333	1.02753	2
10	109600001	1.06587	1.02753	2
10	109650001	0.78391	1.02753	2
10	109700001	0.851645	1.02753	2
10	109750001	0.813374	1.02753	2
10	109800001	0.970748	1.02753	2
10	109850001	1.18073	1.02753	2
10	109900001	0.840598	1.02753	2
10	109950001	0.948415	1.02753	2
10	110000001	1.05818	1.02753	2
10	110050001	1.18762	1.02753	2
10	110100001	0.755218	1.02753	2
10	110150001	1.00885	1.02753	2
10	110200001	1.04522	1.02753	2
10	110250001	0.812982	1.02753	2
10	110300001	0.929053	1.02753	2
10	110350001	1.1229	1.02753	2
10	110400001	1.1301	1.02753	2
10	110450001	1.02938	1.02753	2
10	110500001	1.0452	1.02753	2
10	110550001	1.23422	1.02753	2
10	110600001	0.987269	1.02753	2
10	110650001	1.1286	1.02753	2
10	110700001	1.10369	1.02753	2
10	110750001	1.11131	1.02753	2
10	110800001	1.20971	1.02753	2
10	110850001	0.877911	1.02753	2
10	110900001	0.939656	1.02753	2
10	110950001	1.07789	1.02753	2
10	111000001	1.06947	1.02753	2
10	111050001	0.882578	1.02753	2
10	111100001	0.997297	1.02753	2
10	111150001	1.19066	1.02753	2
10	111200001	1.13656	1.02753	2
10	111250001	1.14682	1.02753	2
10	111300001	0.971173	1.02753	2
10	111350001	1.03948	1.02753	2
10	111400001	0.472431	1.02753	2
10	111450001	1.12769	1.02753	2
10	111500001	1.07809	1.02753	2
10	111550001	1.17678	1.02753	2
10	111600001	0.925663	1.02753	2
10	111650001	1.45815	1.02753	2
10	111700001	0.982249	1.02753	2
10	111750001	1.22373	1.02753	2
10	111800001	1.16147	1.02753	2
10	111850001	1.05327	1.02753	2
10	111900001	1.00263	1.02753	2
10	111950001	0.981249	1.02753	2
10	112000001	1.0676	1.02753	2
10	112050001	1.1308	1.02753	2
10	112100001	0.855527	1.02753	2
10	112150001	1.38552	1.02753	2
10	112200001	1.04392	1.02753	2
10	112250001	0.940315	1.02753	2
10	112300001	1.08017	1.02753	2
10	112350001	1.0685	1.02753	2
10	112400001	0.986205	1.02753	2
10	112450001	0.821128	1.02753	2
10	112500001	0.892302	1.02753	2
10	112550001	1.43393	1.02753	2
10	112600001	1.14474	1.02753	2
10	112650001	1.12288	1.02753	2
10	112700001	0.909222	1.02753	2
10	112750001	0.913801	1.02753	2
10	112800001	0.982952	1.02753	2
10	112850001	0.869883	1.02753	2
10	112900001	0.972813	1.02753	2
10	112950001	0.911277	1.02753	2
10	113000001	1.30668	1.02753	2
10	113050001	0.943398	1.02753	2
10	113100001	1.00243	1.02753	2
10	113150001	0.974832	1.02753	2
10	113200001	0.815294	1.02753	2
10	113250001	0.82101	1.02753	2
10	113300001	1.44782	1.02753	2
10	113350001	1.08079	1.02753	2
10	113400001	1.13229	1.02753	2
10	113450001	0.872959	1.02753	2
10	113500001	0.834261	1.02753	2
10	113550001	1.09892	1.02753	2
10	113600001	1.02002	1.02753	2
10	113650001	1.16232	1.02753	2
10	113700001	0.918794	1.02753	2
10	113750001	1.36665	1.02753	2
10	113800001	1.278	1.02753	2
10	113850001	0.992759	1.02753	2
10	113900001	0.912391	1.02753	2
10	113950001	1.12147	1.02753	2
10	114000001	1.23187	1.02753	2
10	114050001	1.03864	1.02753	2
10	114100001	1.33097	1.02753	2
10	114150001	0.990189	1.02753	2
10	114200001	1.09358	1.02753	2
10	114250001	1.01717	1.02753	2
10	114300001	1.08391	1.02753	2
10	114350001	0.978155	1.02753	2
10	114400001	1.03245	1.02753	2
10	114450001	1.34102	1.02753	2
10	114500001	1.00704	1.02753	2
10	114550001	0.632766	1.02753	2
10	114600001	0.905167	1.02753	2
10	114650001	1.31653	1.02753	2
10	114700001	0.989403	1.02753	2
10	114750001	0.965087	1.02753	2
10	114800001	1.05368	1.02753	2
10	114850001	0.761114	1.02753	2
10	114900001	0.956235	1.02753	2
10	114950001	0.931471	1.02753	2
10	115000001	0.888345	1.02753	2
10	115050001	1.00508	1.02753	2
10	115100001	1.19883	1.02753	2
10	115150001	1.14544	1.02753	2
10	115200001	1.06646	1.02753	2
10	115250001	1.53941	1.02753	2
10	115300001	1.06693	1.02753	2
10	115350001	1.11699	1.02753	2
10	115400001	1.13049	1.02753	2
10	115450001	1.03612	1.02753	2
10	115500001	1.18045	1.02753	2
10	115550001	1.27219	1.02753	2
10	115600001	0.913776	1.02753	2
10	115650001	0.939064	1.02753	2
10	115700001	1.17349	1.02753	2
10	115750001	1.27751	1.02753	2
10	115800001	1.03394	1.02753	2
10	115850001	0.97307	1.02753	2
10	115900001	1.01595	1.02753	2
10	115950001	0.735318	1.02753	2
10	116000001	0.988228	1.02753	2
10	116050001	1.04423	1.02753	2
10	116100001	0.845483	1.02753	2
10	116150001	1.13494	1.02753	2
10	116200001	1.04437	1.02753	2
10	116250001	1.31284	1.02753	2
10	116300001	1.14601	1.02753	2
10	116350001	1.23127	1.02753	2
10	116400001	0.960606	1.02753	2
10	116450001	0.994121	1.02753	2
10	116500001	0.931046	1.02753	2
10	116550001	1.06087	1.02753	2
10	116600001	0.935222	1.02753	2
10	116650001	0.958488	1.02753	2
10	116700001	1.24076	1.02753	2
10	116750001	0.97993	1.02753	2
10	116800001	1.17174	1.02753	2
10	116850001	0.990063	1.02753	2
10	116900001	1.2505	1.02753	2
10	116950001	0.819414	1.02753	2
10	117000001	0.93675	1.02753	2
10	117050001	1.06521	1.02753	2
10	117100001	1.2888	1.02753	2
10	117150001	1.00655	1.02753	2
10	117200001	1.4804	1.02753	2
10	117250001	1.23116	1.02753	2
10	117300001	0.890649	1.02753	2
10	117350001	0.936222	1.02753	2
10	117400001	1.16905	1.02753	2
10	117450001	1.17005	1.02753	2
10	117500001	1.32748	1.02753	2
10	117550001	1.19271	1.02753	2
10	117600001	0.951931	1.02753	2
10	117650001	0.862128	1.02753	2
10	117700001	1.00755	1.02753	2
10	117750001	1.00219	1.02753	2
10	117800001	1.20657	1.02753	2
10	117850001	0.984475	1.02753	2
10	117900001	0.91219	1.02753	2
10	117950001	1.06313	1.02753	2
10	118000001	0.856241	1.02753	2
10	118050001	1.08095	1.02753	2
10	118100001	1.08894	1.02753	2
10	118150001	0.697444	1.02753	2
10	118200001	1.01621	1.02753	2
10	118250001	1.11676	1.02753	2
10	118300001	1.25533	1.02753	2
10	118350001	1.10087	1.02753	2
10	118400001	1.16401	1.02753	2
10	118450001	0.891798	1.02753	2
10	118500001	0.779467	1.02753	2
10	118550001	1.20897	1.02753	2
10	118600001	0.886255	1.02753	2
10	118650001	1.17158	1.02753	2
10	118700001	1.02764	1.02753	2
10	118750001	0.83726	1.02753	2
10	118800001	0.856832	1.02753	2
10	118850001	1.12995	1.02753	2
10	118900001	1.09722	1.02753	2
10	118950001	1.09246	1.02753	2
10	119000001	0.895103	1.02753	2
10	119050001	0.783901	1.02753	2
10	119100001	0.716839	1.02753	2
10	119150001	1.3208	1.02753	2
10	119200001	0.902804	1.02753	2
10	119250001	1.49994	1.02753	2
10	119300001	1.02018	1.02753	2
10	119350001	1.17237	1.02753	2
10	119400001	1.14549	1.02753	2
10	119450001	1.08412	1.02753	2
10	119500001	1.42143	1.02753	2
10	119550001	1.39141	1.02753	2
10	119600001	1.07907	1.02753	2
10	119650001	0.932728	1.02753	2
10	119700001	1.3317	1.02753	2
10	119750001	1.26454	1.02753	2
10	119800001	1.00676	1.02753	2
10	119850001	1.14444	1.02753	2
10	119900001	0.939289	1.02753	2
10	119950001	0.866269	1.02753	2
10	120000001	0.811575	1.02753	2
10	120050001	0.832433	1.02753	2
10	120100001	1.14508	1.02753	2
10	120150001	0.700051	1.02753	2
10	120200001	1.03156	1.02753	2
10	120250001	0.938978	1.02753	2
10	120300001	1.27474	1.02753	2
10	120350001	0.798596	1.02753	2
10	120400001	1.0119	1.02753	2
10	120450001	1.17098	1.02753	2
10	120500001	0.921582	1.02753	2
10	120550001	1.25376	1.02753	2
10	120600001	1.05488	1.02753	2
10	120650001	1.15763	1.02753	2
10	120700001	0.629159	1.02753	2
10	120750001	0.957251	1.02753	2
10	120800001	1.08305	1.02753	2
10	120850001	1.07243	1.02753	2
10	120900001	0.872505	1.02753	2
10	120950001	1.36603	1.02753	2
10	121000001	1.24814	1.02753	2
10	121050001	0.981335	1.02753	2
10	121100001	1.14011	1.02753	2
10	121150001	0.91927	1.02753	2
10	121200001	1.25992	1.02753	2
10	121250001	0.80775	1.02753	2
10	121300001	0.658425	1.02753	2
10	121350001	1.19801	1.02753	2
10	121400001	1.22267	1.02753	2
10	121450001	0.771146	1.02753	2
10	121500001	1.10304	1.02753	2
10	121550001	1.07275	1.02753	2
10	121600001	1.1173	1.02753	2
10	121650001	1.16506	1.02753	2
10	121700001	1.14079	1.02753	2
10	121750001	1.0528	1.02753	2
10	121800001	1.1623	1.02753	2
10	121850001	1.0421	1.02753	2
10	121900001	1.11384	1.02753	2
10	121950001	1.13494	1.02753	2
10	122000001	1.1591	1.02753	2
10	122050001	1.34997	1.02753	2
10	122100001	0.793481	1.02753	2
10	122150001	0.875956	1.02753	2
10	122200001	1.05783	1.02753	2
10	122250001	0.955245	1.02753	2
10	122300001	1.17009	1.02753	2
10	122350001	1.26926	1.02753	2
10	122400001	1.0314	1.02753	2
10	122450001	1.16019	1.02753	2
10	122500001	1.20466	1.02753	2
10	122550001	0.93033	1.02753	2
10	122600001	1.04814	1.02753	2
10	122650001	0.888798	1.02753	2
10	122700001	1.18189	1.02753	2
10	122750001	1.33981	1.02753	2
10	122800001	1.09494	1.02753	2
10	122850001	0.993473	1.02753	2
10	122900001	1.25782	1.02753	2
10	122950001	1.06364	1.02753	2
10	123000001	1.15989	1.02753	2
10	123050001	1.01478	1.02753	2
10	123100001	0.923985	1.02753	2
10	123150001	1.22111	1.02753	2
10	123200001	0.875204	1.02753	2
10	123250001	1.29114	1.02753	2
10	123300001	1.08271	1.02753	2
10	123350001	0.739056	1.02753	2
10	123400001	1.13969	1.02753	2
10	123450001	1.01695	1.02753	2
10	123500001	0.871292	1.02753	2
10	123550001	1.04651	1.02753	2
10	123600001	0.972268	1.02753	2
10	123650001	0.846778	1.02753	2
10	123700001	0.912935	1.02753	2
10	123750001	1.07747	1.02753	2
10	123800001	1.40407	1.02753	2
10	123850001	1.12024	1.02753	2
10	123900001	0.851126	1.02753	2
10	123950001	0.986855	1.02753	2
10	124000001	0.855468	1.02753	2
10	124050001	0.980684	1.02753	2
10	124100001	1.33144	1.02753	2
10	124150001	1.08412	1.02753	2
10	124200001	0.89532	1.02753	2
10	124250001	0.908235	1.02753	2
10	124300001	1.13274	1.02753	2
10	124350001	0.935541	1.02753	2
10	124400001	1.26842	1.02753	2
10	124450001	0.975508	1.02753	2
10	124500001	0.757667	1.02753	2
10	124550001	1.30636	1.02753	2
10	124600001	1.26698	1.02753	2
10	124650001	1.37776	1.02753	2
10	124700001	0.986169	1.02753	2
10	124750001	0.794751	1.02753	2
10	124800001	1.15034	1.02753	2
10	124850001	1.27083	1.02753	2
10	124900001	0.854099	1.02753	2
10	124950001	1.30407	1.02753	2
10	125000001	0.829217	1.02753	2
10	125050001	1.02356	1.02753	2
10	125100001	1.22207	1.02753	2
10	125150001	1.01687	1.02753	2
10	125200001	1.0286	1.02753	2
10	125250001	1.03857	1.02753	2
10	125300001	1.22266	1.02753	2
10	125350001	1.27855	1.02753	2
10	125400001	1.21946	1.02753	2
10	125450001	0.842785	1.02753	2
10	125500001	1.08188	1.02753	2
10	125550001	0.852514	1.02753	2
10	125600001	0.961684	1.02753	2
10	125650001	0.830474	1.02753	2
10	125700001	1.2692	1.02753	2
10	125750001	1.0614	1.02753	2
10	125800001	0.794014	1.02753	2
10	125850001	-1	1.02753	2
10	125900001	-1	1.02753	2
10	125950001	0.905886	1.02753	2
10	126000001	0.91479	1.02753	2
10	126050001	0.792808	1.02753	2
10	126100001	1.07504	1.02753	2
10	126150001	1.0431	1.02753	2
10	126200001	0.721851	1.02753	2
10	126250001	0.831612	1.02753	2
10	126300001	0.939142	1.02753	2
10	126350001	1.00788	1.02753	2
10	126400001	1.09083	1.02753	2
10	126450001	0.814857	1.02753	2
10	126500001	0.964138	1.02753	2
10	126550001	0.908191	1.02753	2
10	126600001	1.10189	1.02753	2
10	126650001	1.31474	1.02753	2
10	126700001	0.64082	1.02753	2
10	126750001	0.771355	1.02753	2
10	126800001	1.1125	1.02753	2
10	126850001	1.25717	1.02753	2
10	126900001	0.701881	1.02753	2
10	126950001	0.798716	1.02753	2
10	127000001	1.05775	1.02753	2
10	127050001	0.818819	1.02753	2
10	127100001	0.947679	1.02753	2
10	127150001	1.03528	1.02753	2
10	127200001	0.775908	1.02753	2
10	127250001	1.07597	1.02753	2
10	127300001	1.08619	1.02753	2
10	127350001	0.832612	1.02753	2
10	127400001	1.3256	1.02753	2
10	127450001	1.12405	1.02753	2
10	127500001	0.707169	1.02753	2
10	127550001	3.23429	3.23429	6
10	127600001	1.39441	0.999626	2
10	127650001	1.00154	0.999626	2
10	127700001	0.893283	0.999626	2
10	127750001	0.919226	0.999626	2
10	127800001	1.08047	0.999626	2
10	127850001	0.848017	0.999626	2
10	127900001	0.758693	0.999626	2
10	127950001	1.10201	0.999626	2
10	128000001	0.977447	0.999626	2
10	128050001	1.19966	0.999626	2
10	128100001	1.44867	0.999626	2
10	128150001	0.997707	0.999626	2
10	128200001	1.26589	0.999626	2
10	128250001	0.858903	0.999626	2
10	128300001	1.32797	0.999626	2
10	128350001	1.03615	0.999626	2
10	128400001	0.78887	0.999626	2
10	128450001	0.811116	0.999626	2
10	128500001	0.894026	0.999626	2
10	128550001	1.09508	0.999626	2
10	128600001	-1	-1	2
10	128650001	0	0	0
10	128700001	0	0	0
10	128750001	0.761767	0.89212	2
10	128800001	0.893043	0.89212	2
10	128850001	1.14817	0.89212	2
10	128900001	0.673236	0.89212	2
10	128950001	1.02429	0.89212	2
10	129000001	1.53604	0.89212	2
10	129050001	0.788065	0.89212	2
10	129100001	0.953975	0.89212	2
10	129150001	1.08335	0.89212	2
10	129200001	0.475548	0.89212	2
10	129250001	0.953617	0.89212	2
10	129300001	0.949009	0.89212	2
10	129350001	0.990403	0.89212	2
10	129400001	0.860291	0.89212	2
10	129450001	1.03195	0.89212	2
10	129500001	1.07122	0.89212	2
10	129550001	0.765645	0.89212	2
10	129600001	1.4041	0.89212	2
10	129650001	0.87396	0.89212	2
10	129700001	0.926438	0.89212	2
10	129750001	1.05642	0.89212	2
10	129800001	0.886266	0.89212	2
10	129850001	1.00128	0.89212	2
10	129900001	1.13982	0.89212	2
10	129950001	0.93096	0.89212	2
10	130000001	0.836159	0.89212	2
10	130050001	0.878219	0.89212	2
10	130100001	1.25981	0.89212	2
10	130150001	0.664184	0.89212	2
10	130200001	1.22918	0.89212	2
10	130250001	1.33314	0.89212	2
10	130300001	0.529901	0.89212	2
10	130350001	1.04055	0.89212	2
10	130400001	0.819525	0.89212	2
10	130450001	0.90507	0.89212	2
10	130500001	0.803467	0.89212	2
10	130550001	1.28401	0.89212	2
10	130600001	1.41669	0.89212	2
10	130650001	1.04073	0.89212	2
10	130700001	1.21055	0.89212	2
10	130750001	0.746003	0.89212	2
10	130800001	0.939717	0.89212	2
10	130850001	0.61777	0.89212	2
10	130900001	0.789046	0.89212	2
10	130950001	0.775562	0.89212	2
10	131000001	0.705068	0.89212	2
10	131050001	0.919089	0.89212	2
10	131100001	0.92065	0.89212	2
10	131150001	0.735421	0.89212	2
10	131200001	0.845715	0.89212	2
10	131250001	0.963624	0.89212	2
10	131300001	0.486751	0.89212	2
10	131350001	1.10988	0.89212	2
10	131400001	0.97229	0.89212	2
10	131450001	0.88581	0.89212	2
10	131500001	1.10449	0.89212	2
10	131550001	0.632718	0.89212	2
10	131600001	1.03546	0.89212	2
10	131650001	0.470865	0.89212	2
10	131700001	0.878708	0.89212	2
10	131750001	0.488259	0.89212	2
10	131800001	0.498015	0.89212	2
10	131850001	1.09459	0.89212	2
10	131900001	1.106	0.89212	2
10	131950001	0.911092	0.89212	2
10	132000001	0.696712	0.89212	2
10	132050001	0.863908	0.89212	2
10	132100001	0.889052	0.89212	2
10	132150001	1.08176	0.89212	2
10	132200001	1.06956	0.89212	2
10	132250001	0.691826	0.89212	2
10	132300001	0.875218	0.89212	2
10	132350001	1.13648	0.89212	2
10	132400001	1.20521	0.89212	2
10	132450001	1.40697	0.89212	2
10	132500001	0.58264	0.89212	2
10	132550001	0.814877	0.89212	2
10	132600001	1.30933	0.89212	2
10	132650001	0.891198	0.89212	2
10	132700001	1.19926	0.89212	2
10	132750001	1.0826	0.89212	2
10	132800001	0.856725	0.89212	2
10	132850001	0.719974	0.89212	2
10	132900001	0.627817	0.89212	2
10	132950001	0.543075	0.89212	2
10	133000001	0.570626	0.89212	2
10	133050001	0.73999	0.89212	2
10	133100001	1.26295	0.89212	2
10	133150001	0.830268	0.89212	2
10	133200001	0.986438	0.89212	2
10	133250001	-1	0.89212	2
10	133300001	1.28193	0.89212	2
10	133350001	0.515745	0.89212	2
10	133400001	0.428429	0.89212	2
10	133450001	0.929959	0.89212	2
10	133500001	-1	0.89212	2
10	133550001	-1	0.89212	2
10	133600001	0.841983	0.89212	2
10	133650001	0.282509	0.89212	2
10	133700001	0.533748	0.89212	2
10	133750001	0.716936	0.89212	2
10	133800001	1.53833	1.30758	3
10	133850001	1.30758	1.30758	3
10	133900001	1.11793	1.30758	3
10	133950001	0.45517	0.650745	1
10	134000001	0.539213	0.650745	1
10	134050001	0.650745	0.650745	1
10	134100001	1.00438	0.650745	1
10	134150001	0.840499	0.650745	1
10	134200001	0.442003	0.650745	1
10	134250001	0.690114	0.650745	1
10	134300001	0.729957	0.650745	1
10	134350001	0.914954	0.650745	1
10	134400001	1.06121	0.650745	1
10	134450001	1.22091	0.650745	1
10	134500001	0.681844	0.650745	1
10	134550001	0.459453	0.650745	1
10	134600001	0.420295	0.650745	1
10	134650001	0.401432	0.650745	1
10	134700001	0.873313	0.650745	1
10	134750001	0.92952	0.650745	1
10	134800001	0.591783	0.650745	1
10	134850001	0.43988	0.650745	1
10	134900001	0.721094	0.650745	1
10	134950001	0.840816	0.650745	1
10	135000001	0.428197	0.650745	1
10	135050001	0.410623	0.650745	1
10	135100001	0.641	0.650745	1
10	135150001	0.433965	0.650745	1
10	135200001	0.613506	0.650745	1
10	135250001	0.574006	0.650745	1
10	135300001	1.57056	0.650745	1
10	135350001	0.68629	0.650745	1
10	135400001	-1	-1	1
10	135450001	-1	-1	1
10	135500001	-1	-1	1
