Chromosome	Start	Ratio	MedianRatio	CopyNumber
17	1	0.757136	0.912496	2
17	50001	0.893043	0.912496	2
17	100001	0.645151	0.912496	2
17	150001	0.828258	0.912496	2
17	200001	0.701565	0.912496	2
17	250001	1.00343	0.912496	2
17	300001	-1	0.912496	2
17	350001	0.0224567	0.912496	2
17	400001	0.797281	0.912496	2
17	450001	0.819149	0.912496	2
17	500001	0.748318	0.912496	2
17	550001	0.666476	0.912496	2
17	600001	0.705062	0.912496	2
17	650001	1.02124	0.912496	2
17	700001	0.800941	0.912496	2
17	750001	0.612738	0.912496	2
17	800001	0.893271	0.912496	2
17	850001	0.601646	0.912496	2
17	900001	0.303473	0.912496	2
17	950001	0.756866	0.912496	2
17	1000001	0.731442	0.912496	2
17	1050001	0.667891	0.912496	2
17	1100001	0.679147	0.912496	2
17	1150001	0.460648	0.912496	2
17	1200001	0.729151	0.912496	2
17	1250001	1.31814	0.912496	2
17	1300001	0.934198	0.912496	2
17	1350001	0.404803	0.912496	2
17	1400001	1.19317	0.912496	2
17	1450001	0.594833	0.912496	2
17	1500001	0.598666	0.912496	2
17	1550001	0.885153	0.912496	2
17	1600001	0.44068	0.912496	2
17	1650001	0.538572	0.912496	2
17	1700001	0.508643	0.912496	2
17	1750001	1.17514	0.912496	2
17	1800001	0.963146	0.912496	2
17	1850001	0.83284	0.912496	2
17	1900001	0.518187	0.912496	2
17	1950001	0.96188	0.912496	2
17	2000001	1.08691	0.912496	2
17	2050001	1.05256	0.912496	2
17	2100001	0.995614	0.912496	2
17	2150001	1.00866	0.912496	2
17	2200001	1.00337	0.912496	2
17	2250001	0.500504	0.912496	2
17	2300001	0.702941	0.912496	2
17	2350001	1.29737	0.912496	2
17	2400001	0.838887	0.912496	2
17	2450001	0.641092	0.912496	2
17	2500001	1.50379	0.912496	2
17	2550001	1.03468	0.912496	2
17	2600001	0.7082	0.912496	2
17	2650001	1.05091	0.912496	2
17	2700001	0.828959	0.912496	2
17	2750001	0.615866	0.912496	2
17	2800001	0.827054	0.912496	2
17	2850001	0.955835	0.912496	2
17	2900001	0.767113	0.912496	2
17	2950001	1.03862	0.912496	2
17	3000001	0.907786	0.912496	2
17	3050001	1.12906	0.912496	2
17	3100001	1.17664	0.912496	2
17	3150001	0.914717	0.912496	2
17	3200001	0.959836	0.912496	2
17	3250001	0.887428	0.912496	2
17	3300001	0.994224	0.912496	2
17	3350001	1.39157	0.912496	2
17	3400001	1.09549	0.912496	2
17	3450001	0.409977	0.912496	2
17	3500001	0.784164	0.912496	2
17	3550001	0.628757	0.912496	2
17	3600001	1.18576	0.912496	2
17	3650001	0.931368	0.912496	2
17	3700001	0.936627	0.912496	2
17	3750001	0.708727	0.912496	2
17	3800001	0.443387	0.912496	2
17	3850001	0.752958	0.912496	2
17	3900001	0.733941	0.912496	2
17	3950001	0.899635	0.912496	2
17	4000001	0.714954	0.912496	2
17	4050001	0.579517	0.912496	2
17	4100001	0.951061	0.912496	2
17	4150001	0.936715	0.912496	2
17	4200001	1.24719	0.912496	2
17	4250001	1.09031	0.912496	2
17	4300001	0.836029	0.912496	2
17	4350001	0.740568	0.912496	2
17	4400001	0.442272	0.912496	2
17	4450001	0.719647	0.912496	2
17	4500001	1.02759	0.912496	2
17	4550001	0.984641	0.912496	2
17	4600001	0.760902	0.912496	2
17	4650001	1.04594	0.912496	2
17	4700001	0.621613	0.912496	2
17	4750001	0.801718	0.912496	2
17	4800001	1.00054	0.912496	2
17	4850001	1.06079	0.912496	2
17	4900001	0.704552	0.912496	2
17	4950001	1.19262	0.912496	2
17	5000001	0.522976	0.912496	2
17	5050001	1.01171	0.912496	2
17	5100001	1.00315	0.912496	2
17	5150001	0.748847	0.912496	2
17	5200001	1.08866	0.912496	2
17	5250001	1.0707	0.912496	2
17	5300001	1.13065	0.912496	2
17	5350001	1.05931	0.912496	2
17	5400001	0.913397	0.912496	2
17	5450001	1.02887	0.912496	2
17	5500001	1.20937	0.912496	2
17	5550001	1.17658	0.912496	2
17	5600001	1.03653	0.912496	2
17	5650001	1.16689	0.912496	2
17	5700001	0.752144	0.912496	2
17	5750001	0.796488	0.912496	2
17	5800001	0.71268	0.912496	2
17	5850001	0.91145	0.912496	2
17	5900001	1.19325	0.912496	2
17	5950001	0.761507	0.912496	2
17	6000001	1.04438	0.912496	2
17	6050001	1.04232	0.912496	2
17	6100001	0.823965	0.912496	2
17	6150001	0.921592	0.912496	2
17	6200001	1.0189	0.912496	2
17	6250001	1.19077	0.912496	2
17	6300001	0.922471	0.912496	2
17	6350001	0.809437	0.912496	2
17	6400001	0.765334	0.912496	2
17	6450001	1.19346	0.912496	2
17	6500001	1.03704	0.912496	2
17	6550001	0.678935	0.912496	2
17	6600001	0.918421	0.912496	2
17	6650001	0.683227	0.912496	2
17	6700001	1.06637	0.912496	2
17	6750001	0.858172	0.912496	2
17	6800001	0.937897	0.912496	2
17	6850001	0.914194	0.912496	2
17	6900001	1.06745	0.912496	2
17	6950001	1.00195	0.912496	2
17	7000001	0.67696	0.912496	2
17	7050001	0.833316	0.912496	2
17	7100001	0.984641	0.912496	2
17	7150001	0.924144	0.912496	2
17	7200001	0.876498	0.912496	2
17	7250001	0.64563	0.912496	2
17	7300001	0.463024	0.912496	2
17	7350001	0.93577	0.912496	2
17	7400001	0.795096	0.912496	2
17	7450001	0.787157	0.912496	2
17	7500001	0.845721	0.912496	2
17	7550001	0.742689	0.912496	2
17	7600001	0.928865	0.912496	2
17	7650001	1.12835	0.912496	2
17	7700001	0.836088	0.912496	2
17	7750001	0.733878	0.912496	2
17	7800001	0.909055	0.912496	2
17	7850001	0.986902	0.912496	2
17	7900001	0.887973	0.912496	2
17	7950001	1.00593	0.912496	2
17	8000001	0.889274	0.912496	2
17	8050001	0.619016	0.912496	2
17	8100001	0.633833	0.912496	2
17	8150001	0.683977	0.912496	2
17	8200001	0.8835	0.912496	2
17	8250001	0.924651	0.912496	2
17	8300001	1.10823	0.912496	2
17	8350001	0.925514	0.912496	2
17	8400001	0.957058	0.912496	2
17	8450001	1.23773	0.912496	2
17	8500001	1.21899	0.912496	2
17	8550001	1.1763	0.912496	2
17	8600001	0.736806	0.912496	2
17	8650001	1.06483	0.912496	2
17	8700001	0.738811	0.912496	2
17	8750001	0.852666	0.912496	2
17	8800001	0.889943	0.912496	2
17	8850001	1.10074	0.912496	2
17	8900001	0.760676	0.912496	2
17	8950001	1.10976	0.912496	2
17	9000001	0.815606	0.912496	2
17	9050001	1.06784	0.912496	2
17	9100001	0.658781	0.912496	2
17	9150001	0.649016	0.912496	2
17	9200001	1.07053	0.912496	2
17	9250001	0.753153	0.912496	2
17	9300001	0.924946	0.912496	2
17	9350001	0.799844	0.912496	2
17	9400001	0.885372	0.912496	2
17	9450001	1.01105	0.912496	2
17	9500001	0.712807	0.912496	2
17	9550001	0.889641	0.912496	2
17	9600001	0.744714	0.912496	2
17	9650001	0.9026	0.912496	2
17	9700001	0.850375	0.912496	2
17	9750001	0.706952	0.912496	2
17	9800001	0.925423	0.912496	2
17	9850001	0.663816	0.912496	2
17	9900001	0.949185	0.912496	2
17	9950001	0.851357	0.912496	2
17	10000001	0.850855	0.912496	2
17	10050001	0.860719	0.912496	2
17	10100001	0.859204	0.912496	2
17	10150001	0.863324	0.912496	2
17	10200001	0.693325	0.912496	2
17	10250001	1.13375	0.912496	2
17	10300001	1.14887	0.912496	2
17	10350001	0.85692	0.912496	2
17	10400001	0.793057	0.912496	2
17	10450001	1.03019	0.912496	2
17	10500001	1.01094	0.912496	2
17	10550001	0.815792	0.912496	2
17	10600001	0.762311	0.912496	2
17	10650001	1.16766	0.912496	2
17	10700001	0.972932	0.912496	2
17	10750001	1.00806	0.912496	2
17	10800001	1.06605	0.912496	2
17	10850001	1.00245	0.912496	2
17	10900001	0.915168	0.912496	2
17	10950001	0.766383	0.912496	2
17	11000001	1.15684	0.912496	2
17	11050001	1.36018	0.912496	2
17	11100001	1.13313	0.912496	2
17	11150001	0.883607	0.912496	2
17	11200001	1.09008	0.912496	2
17	11250001	1.2174	0.912496	2
17	11300001	0.995487	0.912496	2
17	11350001	0.803838	0.912496	2
17	11400001	1.12372	0.912496	2
17	11450001	0.760928	0.912496	2
17	11500001	0.802446	0.912496	2
17	11550001	1.1557	0.912496	2
17	11600001	0.875621	0.912496	2
17	11650001	1.08448	0.912496	2
17	11700001	0.836545	0.912496	2
17	11750001	1.06584	0.912496	2
17	11800001	0.66724	0.912496	2
17	11850001	1.2288	0.912496	2
17	11900001	0.751633	0.912496	2
17	11950001	1.06862	0.912496	2
17	12000001	1.1823	0.912496	2
17	12050001	1.05269	0.912496	2
17	12100001	0.932467	0.912496	2
17	12150001	1.02725	0.912496	2
17	12200001	0.870804	0.912496	2
17	12250001	0.985327	0.912496	2
17	12300001	1.04908	0.912496	2
17	12350001	1.02784	0.912496	2
17	12400001	1.0475	0.912496	2
17	12450001	0.741729	0.912496	2
17	12500001	1.15065	0.912496	2
17	12550001	1.04206	0.912496	2
17	12600001	0.869253	0.912496	2
17	12650001	0.964762	0.912496	2
17	12700001	0.953401	0.912496	2
17	12750001	0.928233	0.912496	2
17	12800001	1.25358	0.912496	2
17	12850001	0.878215	0.912496	2
17	12900001	0.812068	0.912496	2
17	12950001	0.921697	0.912496	2
17	13000001	0.917542	0.912496	2
17	13050001	1.21529	0.912496	2
17	13100001	0.973511	0.912496	2
17	13150001	0.957686	0.912496	2
17	13200001	1.02797	0.912496	2
17	13250001	1.06967	0.912496	2
17	13300001	0.685954	0.912496	2
17	13350001	0.728815	0.912496	2
17	13400001	0.978528	0.912496	2
17	13450001	0.797323	0.912496	2
17	13500001	0.91057	0.912496	2
17	13550001	0.910405	0.912496	2
17	13600001	0.987099	0.912496	2
17	13650001	1.11968	0.912496	2
17	13700001	0.771274	0.912496	2
17	13750001	1.08554	0.912496	2
17	13800001	1.08211	0.912496	2
17	13850001	1.07365	0.912496	2
17	13900001	0.916468	0.912496	2
17	13950001	1.04188	0.912496	2
17	14000001	1.24229	0.912496	2
17	14050001	1.07933	0.912496	2
17	14100001	1.11077	0.912496	2
17	14150001	0.939979	0.912496	2
17	14200001	0.93035	0.912496	2
17	14250001	0.657291	0.912496	2
17	14300001	1.1811	0.912496	2
17	14350001	0.747841	0.912496	2
17	14400001	0.922956	0.912496	2
17	14450001	1.0877	0.912496	2
17	14500001	0.906417	0.912496	2
17	14550001	1.21696	0.912496	2
17	14600001	0.863657	0.912496	2
17	14650001	1.00921	0.912496	2
17	14700001	1.03257	0.912496	2
17	14750001	0.890636	0.912496	2
17	14800001	1.19879	0.912496	2
17	14850001	0.714758	0.912496	2
17	14900001	0.749278	0.912496	2
17	14950001	1.13188	0.912496	2
17	15000001	0.871424	0.912496	2
17	15050001	0.818213	0.912496	2
17	15100001	1.07003	0.912496	2
17	15150001	0.886111	0.912496	2
17	15200001	1.21185	0.912496	2
17	15250001	1.49874	0.912496	2
17	15300001	0.836845	0.912496	2
17	15350001	0.978689	0.912496	2
17	15400001	1.23366	0.912496	2
17	15450001	0.736755	0.912496	2
17	15500001	1.0673	0.912496	2
17	15550001	1.13807	0.912496	2
17	15600001	0.881539	0.912496	2
17	15650001	0.855321	0.912496	2
17	15700001	0.774408	0.912496	2
17	15750001	0.87256	0.912496	2
17	15800001	1.02736	0.912496	2
17	15850001	1.04261	0.912496	2
17	15900001	0.918222	0.912496	2
17	15950001	1.23884	0.912496	2
17	16000001	0.886306	0.912496	2
17	16050001	1.02227	0.912496	2
17	16100001	1.03468	0.912496	2
17	16150001	0.861381	0.912496	2
17	16200001	0.946311	0.912496	2
17	16250001	0.811408	0.912496	2
17	16300001	0.98061	0.912496	2
17	16350001	0.646399	0.912496	2
17	16400001	1.1753	0.912496	2
17	16450001	1.18846	0.912496	2
17	16500001	0.984971	0.912496	2
17	16550001	0.767701	0.912496	2
17	16600001	0.76813	0.912496	2
17	16650001	1.6854	0.912496	2
17	16700001	0.771947	0.912496	2
17	16750001	1.18821	0.912496	2
17	16800001	0.761476	0.912496	2
17	16850001	0.843467	0.912496	2
17	16900001	0.736377	0.912496	2
17	16950001	0.929696	0.912496	2
17	17000001	0.606178	0.912496	2
17	17050001	0.855358	0.912496	2
17	17100001	0.800662	0.912496	2
17	17150001	1.1524	0.912496	2
17	17200001	1.14164	0.912496	2
17	17250001	1.00489	0.912496	2
17	17300001	1.25788	0.912496	2
17	17350001	0.910804	0.912496	2
17	17400001	0.622579	0.912496	2
17	17450001	0.486822	0.912496	2
17	17500001	0.821315	0.912496	2
17	17550001	1.03693	0.912496	2
17	17600001	0.693213	0.912496	2
17	17650001	0.542815	0.912496	2
17	17700001	0.460879	0.912496	2
17	17750001	1.05001	0.912496	2
17	17800001	0.899671	0.912496	2
17	17850001	1.08223	0.912496	2
17	17900001	0.694433	0.912496	2
17	17950001	1.11378	0.912496	2
17	18000001	0.606653	0.912496	2
17	18050001	0.784867	0.912496	2
17	18100001	1.2114	0.912496	2
17	18150001	0.707456	0.912496	2
17	18200001	0.624972	0.912496	2
17	18250001	0.588905	0.912496	2
17	18300001	0.630914	0.912496	2
17	18350001	0.567106	0.912496	2
17	18400001	0.79606	0.912496	2
17	18450001	1.34893	0.912496	2
17	18500001	0.854868	0.912496	2
17	18550001	1.03268	0.912496	2
17	18600001	0.872459	0.912496	2
17	18650001	0.799954	0.912496	2
17	18700001	1.56813	0.912496	2
17	18750001	0.801933	0.912496	2
17	18800001	0.955944	0.912496	2
17	18850001	0.617447	0.912496	2
17	18900001	0.673718	0.912496	2
17	18950001	0.748201	0.912496	2
17	19000001	0.669662	0.912496	2
17	19050001	0.56107	0.912496	2
17	19100001	1.17339	0.912496	2
17	19150001	0.929839	0.912496	2
17	19200001	0.807484	0.912496	2
17	19250001	0.82654	0.912496	2
17	19300001	0.922555	0.912496	2
17	19350001	1.09752	0.912496	2
17	19400001	0.527974	0.912496	2
17	19450001	0.807368	0.912496	2
17	19500001	0.911594	0.912496	2
17	19550001	1.09599	0.912496	2
17	19600001	0.566234	0.912496	2
17	19650001	0.694935	0.912496	2
17	19700001	1.04886	0.912496	2
17	19750001	0.834602	0.912496	2
17	19800001	1.25814	0.912496	2
17	19850001	0.762181	0.912496	2
17	19900001	0.986354	0.912496	2
17	19950001	1.25755	0.912496	2
17	20000001	1.06911	0.912496	2
17	20050001	1.16708	0.912496	2
17	20100001	0.958706	0.912496	2
17	20150001	0.971477	0.912496	2
17	20200001	1.20924	0.912496	2
17	20250001	0.876887	0.912496	2
17	20300001	1.01259	0.912496	2
17	20350001	0.702566	0.912496	2
17	20400001	0.654381	0.912496	2
17	20450001	0.887834	0.912496	2
17	20500001	0.697051	0.912496	2
17	20550001	1.27143	0.912496	2
17	20600001	1.13253	0.912496	2
17	20650001	0.955103	0.912496	2
17	20700001	0.624852	0.912496	2
17	20750001	1.13083	0.912496	2
17	20800001	1.2546	0.912496	2
17	20850001	0.695281	0.912496	2
17	20900001	0.845532	0.912496	2
17	20950001	1.13808	0.912496	2
17	21000001	0.968627	0.912496	2
17	21050001	0.714702	0.912496	2
17	21100001	0.954174	0.912496	2
17	21150001	0.820846	0.912496	2
17	21200001	2.23747	0.912496	2
17	21250001	0.417507	0.912496	2
17	21300001	1.36854	0.912496	2
17	21350001	1.03959	0.912496	2
17	21400001	0.980594	0.912496	2
17	21450001	0.944794	0.912496	2
17	21500001	-1	0.912496	2
17	21550001	-1	0.912496	2
17	21600001	0	0.912496	2
17	21650001	1.80217	1.45698	3
17	21700001	1.33945	1.45698	3
17	21750001	1.61244	1.45698	3
17	21800001	1.6459	1.45698	3
17	21850001	1.51872	1.45698	3
17	21900001	1.31431	1.45698	3
17	21950001	0.903222	1.45698	3
17	22000001	1.39524	1.45698	3
17	22050001	1.17934	1.45698	3
17	22100001	1.55596	1.45698	3
17	22150001	-1	-1	0
17	22200001	-1	-1	0
17	22250001	-1	-1	0
17	22300001	0	0	0
17	22350001	0	0	0
17	22400001	0	0	0
17	22450001	0	0	0
17	22500001	0	0	0
17	22550001	0	0	0
17	22600001	0	0	0
17	22650001	0	0	0
17	22700001	0	0	0
17	22750001	0	0	0
17	22800001	0	0	0
17	22850001	0	0	0
17	22900001	0	0	0
17	22950001	0	0	0
17	23000001	0	0	0
17	23050001	0	0	0
17	23100001	0	0	0
17	23150001	0	0	0
17	23200001	0	0	0
17	23250001	0	0	0
17	23300001	0	0	0
17	23350001	0	0	0
17	23400001	0	0	0
17	23450001	0	0	0
17	23500001	0	0	0
17	23550001	0	0	0
17	23600001	0	0	0
17	23650001	0	0	0
17	23700001	0	0	0
17	23750001	0	0	0
17	23800001	0	0	0
17	23850001	0	0	0
17	23900001	0	0	0
17	23950001	0	0	0
17	24000001	0	0	0
17	24050001	0	0	0
17	24100001	0	0	0
17	24150001	0	0	0
17	24200001	0	0	0
17	24250001	0	0	0
17	24300001	0	0	0
17	24350001	0	0	0
17	24400001	0	0	0
17	24450001	0	0	0
17	24500001	0	0	0
17	24550001	0	0	0
17	24600001	0	0	0
17	24650001	0	0	0
17	24700001	0	0	0
17	24750001	0	0	0
17	24800001	0	0	0
17	24850001	0	0	0
17	24900001	0	0	0
17	24950001	0	0	0
17	25000001	0	0	0
17	25050001	0	0	0
17	25100001	0	0	0
17	25150001	0	0	0
17	25200001	0	0	0
17	25250001	3.95795	3.1484	6
17	25300001	2.33885	3.1484	6
17	25350001	1.13003	1.04959	2
17	25400001	1.17566	1.04959	2
17	25450001	0.887712	1.04959	2
17	25500001	1.4205	1.04959	2
17	25550001	1.2087	1.04959	2
17	25600001	1.11112	1.04959	2
17	25650001	0.657582	1.04959	2
17	25700001	0.979817	1.04959	2
17	25750001	0.786058	1.04959	2
17	25800001	1.06766	1.04959	2
17	25850001	1.02675	1.04959	2
17	25900001	1.05113	1.04959	2
17	25950001	0.525719	1.04959	2
17	26000001	1.41767	1.04959	2
17	26050001	0.877377	1.04959	2
17	26100001	0.615396	1.04959	2
17	26150001	0.941222	1.04959	2
17	26200001	1.05873	1.04959	2
17	26250001	1.14943	1.04959	2
17	26300001	1.33023	1.04959	2
17	26350001	1.16799	1.04959	2
17	26400001	0.999086	1.04959	2
17	26450001	1.12956	1.04959	2
17	26500001	0.969399	1.04959	2
17	26550001	0.955104	1.04959	2
17	26600001	1.16756	1.04959	2
17	26650001	0.871136	1.04959	2
17	26700001	0.930247	1.04959	2
17	26750001	1.44888	1.04959	2
17	26800001	0.998021	1.04959	2
17	26850001	0.846604	1.04959	2
17	26900001	0.963501	1.04959	2
17	26950001	0.90917	1.04959	2
17	27000001	0.908007	1.04959	2
17	27050001	0.868598	1.04959	2
17	27100001	1.16414	1.04959	2
17	27150001	0.849563	1.04959	2
17	27200001	0.975642	1.04959	2
17	27250001	1.2293	1.04959	2
17	27300001	0.809417	1.04959	2
17	27350001	0.911643	1.04959	2
17	27400001	0.726721	1.04959	2
17	27450001	0.831812	1.04959	2
17	27500001	0.80181	1.04959	2
17	27550001	0.922294	1.04959	2
17	27600001	1.17217	1.04959	2
17	27650001	1.32733	1.04959	2
17	27700001	0.536318	1.04959	2
17	27750001	1.17283	1.04959	2
17	27800001	1.03079	1.04959	2
17	27850001	0.885305	1.04959	2
17	27900001	0.430083	1.04959	2
17	27950001	1.2338	1.04959	2
17	28000001	1.41458	1.04959	2
17	28050001	1.04741	1.04959	2
17	28100001	0.886491	1.04959	2
17	28150001	1.0374	1.04959	2
17	28200001	1.17344	1.04959	2
17	28250001	1.23536	1.04959	2
17	28300001	1.53312	1.04959	2
17	28350001	1.12258	1.04959	2
17	28400001	1.02364	1.04959	2
17	28450001	1.18194	1.04959	2
17	28500001	1.1881	1.04959	2
17	28550001	1.35821	1.04959	2
17	28600001	1.01179	1.04959	2
17	28650001	1.13885	1.04959	2
17	28700001	1.30496	1.04959	2
17	28750001	1.34092	1.04959	2
17	28800001	1.1324	1.04959	2
17	28850001	0.938506	1.04959	2
17	28900001	1.04445	1.04959	2
17	28950001	0.930376	1.04959	2
17	29000001	0.57616	1.04959	2
17	29050001	0.924761	1.04959	2
17	29100001	1.10256	1.04959	2
17	29150001	0.880927	1.04959	2
17	29200001	1.26177	1.04959	2
17	29250001	0.801381	1.04959	2
17	29300001	1.18474	1.04959	2
17	29350001	1.05964	1.04959	2
17	29400001	1.22882	1.04959	2
17	29450001	1.20418	1.04959	2
17	29500001	1.645	1.04959	2
17	29550001	1.13711	1.04959	2
17	29600001	0.824178	1.04959	2
17	29650001	1.07763	1.04959	2
17	29700001	0.964589	1.04959	2
17	29750001	0.941196	1.04959	2
17	29800001	0.830905	1.04959	2
17	29850001	0.804116	1.04959	2
17	29900001	1.04947	1.04959	2
17	29950001	1.36345	1.04959	2
17	30000001	1.04064	1.04959	2
17	30050001	1.10733	1.04959	2
17	30100001	1.08468	1.04959	2
17	30150001	1.12338	1.04959	2
17	30200001	1.05992	1.04959	2
17	30250001	1.05484	1.04959	2
17	30300001	1.01937	1.04959	2
17	30350001	1.01262	1.04959	2
17	30400001	0.707244	1.04959	2
17	30450001	0.965901	1.04959	2
17	30500001	0.981625	1.04959	2
17	30550001	1.01999	1.04959	2
17	30600001	0.766562	1.04959	2
17	30650001	0.980258	1.04959	2
17	30700001	0.848221	1.04959	2
17	30750001	0.998704	1.04959	2
17	30800001	0.737554	1.04959	2
17	30850001	1.05841	1.04959	2
17	30900001	1.0331	1.04959	2
17	30950001	0.946913	1.04959	2
17	31000001	1.45152	1.04959	2
17	31050001	0.770364	1.04959	2
17	31100001	1.55792	1.04959	2
17	31150001	1.06648	1.04959	2
17	31200001	1.46144	1.04959	2
17	31250001	1.44948	1.04959	2
17	31300001	1.22107	1.04959	2
17	31350001	1.04316	1.04959	2
17	31400001	0.916576	1.04959	2
17	31450001	1.03284	1.04959	2
17	31500001	1.42949	1.04959	2
17	31550001	0.788971	1.04959	2
17	31600001	1.25898	1.04959	2
17	31650001	1.02628	1.04959	2
17	31700001	-1	1.04959	2
17	31750001	-1	1.04959	2
17	31800001	1.34242	1.04959	2
17	31850001	1.29593	1.04959	2
17	31900001	1.07166	1.04959	2
17	31950001	1.08118	1.04959	2
17	32000001	0.959838	1.04959	2
17	32050001	1.22177	1.04959	2
17	32100001	1.20901	1.04959	2
17	32150001	1.23732	1.04959	2
17	32200001	0.898032	1.04959	2
17	32250001	1.05867	1.04959	2
17	32300001	1.20852	1.04959	2
17	32350001	1.13093	1.04959	2
17	32400001	1.33077	1.04959	2
17	32450001	1.0795	1.04959	2
17	32500001	1.5032	1.04959	2
17	32550001	1.1373	1.04959	2
17	32600001	1.12981	1.04959	2
17	32650001	1.12885	1.04959	2
17	32700001	1.35607	1.04959	2
17	32750001	1.3503	1.04959	2
17	32800001	0.881008	1.04959	2
17	32850001	1.05046	1.04959	2
17	32900001	0.816118	1.04959	2
17	32950001	0.838903	1.04959	2
17	33000001	1.213	1.04959	2
17	33050001	1.0089	1.04959	2
17	33100001	1.00311	1.04959	2
17	33150001	1.20022	1.04959	2
17	33200001	0.966043	1.04959	2
17	33250001	1.33007	1.04959	2
17	33300001	1.04092	1.04959	2
17	33350001	1.02107	1.04959	2
17	33400001	-1	1.04959	2
17	33450001	-1	1.04959	2
17	33500001	-1	1.04959	2
17	33550001	1.55441	1.04959	2
17	33600001	0.884606	1.04959	2
17	33650001	1.28954	1.04959	2
17	33700001	1.58731	1.04959	2
17	33750001	1.00044	1.04959	2
17	33800001	1.57199	1.04959	2
17	33850001	1.39253	1.04959	2
17	33900001	1.57169	1.04959	2
17	33950001	1.04755	1.04959	2
17	34000001	1.80471	1.04959	2
17	34050001	1.08449	1.04959	2
17	34100001	0.99974	1.04959	2
17	34150001	1.08398	1.04959	2
17	34200001	1.27692	1.04959	2
17	34250001	1.28724	1.04959	2
17	34300001	1.21658	1.04959	2
17	34350001	0.819121	1.04959	2
17	34400001	1.16666	1.04959	2
17	34450001	1.23675	1.04959	2
17	34500001	0.499414	1.04959	2
17	34550001	0.784789	1.04959	2
17	34600001	0.555934	1.04959	2
17	34650001	0.402858	1.04959	2
17	34700001	0.480111	1.04959	2
17	34750001	0.814631	1.04959	2
17	34800001	0.798609	1.04959	2
17	34850001	1.0092	1.04959	2
17	34900001	0.990495	1.04959	2
17	34950001	1.12695	1.04959	2
17	35000001	0.974572	1.04959	2
17	35050001	1.01176	1.04959	2
17	35100001	0.761707	1.04959	2
17	35150001	0.822046	1.04959	2
17	35200001	1.1574	1.04959	2
17	35250001	0.76568	1.04959	2
17	35300001	1.0696	1.04959	2
17	35350001	1.45439	1.04959	2
17	35400001	1.12988	1.04959	2
17	35450001	1.3172	1.04959	2
17	35500001	1.38637	1.04959	2
17	35550001	1.33984	1.04959	2
17	35600001	1.13186	1.04959	2
17	35650001	1.23496	1.04959	2
17	35700001	1.09845	1.04959	2
17	35750001	1.58676	1.04959	2
17	35800001	1.20526	1.04959	2
17	35850001	1.14637	1.04959	2
17	35900001	1.51607	1.04959	2
17	35950001	1.05345	1.04959	2
17	36000001	1.35212	1.04959	2
17	36050001	0.886477	1.04959	2
17	36100001	0.812261	1.04959	2
17	36150001	1.17979	1.04959	2
17	36200001	1.30955	1.04959	2
17	36250001	1.26135	1.04959	2
17	36300001	1.81964	1.04959	2
17	36350001	2.23933	1.04959	2
17	36400001	1.11817	1.04959	2
17	36450001	0.759441	1.04959	2
17	36500001	0.927336	1.04959	2
17	36550001	0.869191	1.04959	2
17	36600001	0.506109	1.04959	2
17	36650001	0.656907	1.04959	2
17	36700001	0.461421	1.04959	2
17	36750001	0.873962	1.04959	2
17	36800001	0.920422	1.04959	2
17	36850001	0.775151	1.04959	2
17	36900001	1.09399	1.04959	2
17	36950001	0.875237	1.04959	2
17	37000001	1.02728	1.04959	2
17	37050001	1.04205	1.04959	2
17	37100001	1.07266	1.04959	2
17	37150001	1.24592	1.04959	2
17	37200001	1.22048	1.04959	2
17	37250001	0.834826	1.04959	2
17	37300001	1.12738	1.04959	2
17	37350001	0.870858	1.04959	2
17	37400001	0.979085	1.04959	2
17	37450001	1.17073	1.04959	2
17	37500001	1.21081	1.04959	2
17	37550001	1.40263	1.04959	2
17	37600001	1.20289	1.04959	2
17	37650001	1.18578	1.04959	2
17	37700001	1.23789	1.04959	2
17	37750001	0.596548	1.04959	2
17	37800001	0.883209	1.04959	2
17	37850001	0.818523	1.04959	2
17	37900001	1.11051	1.04959	2
17	37950001	1.31592	1.04959	2
17	38000001	1.30911	1.04959	2
17	38050001	1.20599	1.04959	2
17	38100001	1.17727	1.04959	2
17	38150001	0.976466	1.04959	2
17	38200001	0.728639	1.04959	2
17	38250001	0.522106	1.04959	2
17	38300001	1.03847	1.04959	2
17	38350001	0.924045	1.04959	2
17	38400001	1.15261	1.04959	2
17	38450001	0.696243	1.04959	2
17	38500001	0.773084	1.04959	2
17	38550001	1.08858	1.04959	2
17	38600001	-1	1.04959	2
17	38650001	-1	1.04959	2
17	38700001	1.19079	1.04959	2
17	38750001	1.02777	1.04959	2
17	38800001	1.46098	1.04959	2
17	38850001	1.3445	1.04959	2
17	38900001	1.03922	1.04959	2
17	38950001	1.40627	1.04959	2
17	39000001	1.54546	1.04959	2
17	39050001	1.20989	1.04959	2
17	39100001	1.3661	1.04959	2
17	39150001	1.47731	1.04959	2
17	39200001	1.39236	1.04959	2
17	39250001	1.05612	1.04959	2
17	39300001	1.08309	1.04959	2
17	39350001	1.13393	1.04959	2
17	39400001	0.890867	1.04959	2
17	39450001	0.704333	1.04959	2
17	39500001	1.08361	1.04959	2
17	39550001	1.0099	1.04959	2
17	39600001	1.18778	1.04959	2
17	39650001	0.651037	1.04959	2
17	39700001	1.18326	1.04959	2
17	39750001	0.972288	1.04959	2
17	39800001	0.870508	1.04959	2
17	39850001	0.698473	1.04959	2
17	39900001	1.03514	1.04959	2
17	39950001	0.874554	1.04959	2
17	40000001	1.39216	1.04959	2
17	40050001	1.13676	1.04959	2
17	40100001	0.847643	1.04959	2
17	40150001	0.673872	1.04959	2
17	40200001	0.740513	1.04959	2
17	40250001	0.982807	1.04959	2
17	40300001	0.822072	1.04959	2
17	40350001	0.90873	1.04959	2
17	40400001	0.922349	1.04959	2
17	40450001	1.35375	1.04959	2
17	40500001	1.6018	1.04959	2
17	40550001	1.26989	1.04959	2
17	40600001	1.36896	1.04959	2
17	40650001	0.936171	1.04959	2
17	40700001	1.28436	1.04959	2
17	40750001	0.918536	1.04959	2
17	40800001	0.946371	1.04959	2
17	40850001	1.2524	1.04959	2
17	40900001	1.07673	1.04959	2
17	40950001	0.690281	1.04959	2
17	41000001	1.16307	1.04959	2
17	41050001	1.21616	1.04959	2
17	41100001	1.10503	1.04959	2
17	41150001	0.863896	1.04959	2
17	41200001	1.06236	1.04959	2
17	41250001	1.00355	1.04959	2
17	41300001	1.23353	1.04959	2
17	41350001	1.34352	1.04959	2
17	41400001	1.63587	1.04959	2
17	41450001	0.948369	1.04959	2
17	41500001	1.25914	1.04959	2
17	41550001	1.1524	1.04959	2
17	41600001	1.16025	1.04959	2
17	41650001	0.816767	1.04959	2
17	41700001	0.914224	1.04959	2
17	41750001	0.657932	1.04959	2
17	41800001	0.870446	1.04959	2
17	41850001	1.07235	1.04959	2
17	41900001	0.894489	1.04959	2
17	41950001	0.979264	1.04959	2
17	42000001	0.759347	1.04959	2
17	42050001	0.72562	1.04959	2
17	42100001	1.06902	1.04959	2
17	42150001	0.753939	1.04959	2
17	42200001	1.03943	1.04959	2
17	42250001	0.885136	1.04959	2
17	42300001	0.768995	1.04959	2
17	42350001	0.678472	1.04959	2
17	42400001	0.725236	1.04959	2
17	42450001	1.01557	1.04959	2
17	42500001	1.24457	1.04959	2
17	42550001	0.745304	1.04959	2
17	42600001	0.593669	1.04959	2
17	42650001	0.885833	1.04959	2
17	42700001	0.855798	1.04959	2
17	42750001	0.846474	1.04959	2
17	42800001	0.687071	1.04959	2
17	42850001	0.705539	1.04959	2
17	42900001	1.2958	1.04959	2
17	42950001	0.955001	1.04959	2
17	43000001	0.786009	1.04959	2
17	43050001	0.952245	1.04959	2
17	43100001	0.934989	1.04959	2
17	43150001	0.814258	1.04959	2
17	43200001	0.821298	1.04959	2
17	43250001	0.809937	1.04959	2
17	43300001	0.617102	1.04959	2
17	43350001	1.30614	1.04959	2
17	43400001	0.771038	1.04959	2
17	43450001	1.07895	1.04959	2
17	43500001	0.848112	1.04959	2
17	43550001	1.25937	1.04959	2
17	43600001	1.23358	1.04959	2
17	43650001	1.4514	1.04959	2
17	43700001	1.31593	1.04959	2
17	43750001	0.955689	1.04959	2
17	43800001	1.14917	1.04959	2
17	43850001	0.648903	1.04959	2
17	43900001	0.789446	1.04959	2
17	43950001	0.856825	1.04959	2
17	44000001	0.912565	1.04959	2
17	44050001	0.980631	1.04959	2
17	44100001	1.14295	1.04959	2
17	44150001	1.85124	1.04959	2
17	44200001	2.01265	1.04959	2
17	44250001	1.61098	1.04959	2
17	44300001	1.30081	1.04959	2
17	44350001	1.12272	1.04959	2
17	44400001	0.662626	1.04959	2
17	44450001	0.423126	1.04959	2
17	44500001	0.509698	1.04959	2
17	44550001	0.718071	1.04959	2
17	44600001	0.985324	1.04959	2
17	44650001	0.557097	1.04959	2
17	44700001	0.825673	1.04959	2
17	44750001	0.834794	1.04959	2
17	44800001	1.22177	1.04959	2
17	44850001	0.810513	1.04959	2
17	44900001	1.00686	1.04959	2
17	44950001	0.855319	1.04959	2
17	45000001	1.38254	1.04959	2
17	45050001	1.01232	1.04959	2
17	45100001	0.943785	1.04959	2
17	45150001	1.1486	1.04959	2
17	45200001	1.85998	1.04959	2
17	45250001	1.30318	1.04959	2
17	45300001	1.19439	1.04959	2
17	45350001	1.23433	1.04959	2
17	45400001	1.37832	1.04959	2
17	45450001	1.15577	1.04959	2
17	45500001	1.34903	1.04959	2
17	45550001	1.21278	1.04959	2
17	45600001	1.36596	1.04959	2
17	45650001	0.897401	1.04959	2
17	45700001	1.01546	1.04959	2
17	45750001	0.882284	1.04959	2
17	45800001	0.952344	1.04959	2
17	45850001	0.907793	1.04959	2
17	45900001	0.892029	1.04959	2
17	45950001	1.1894	1.04959	2
17	46000001	1.03803	1.04959	2
17	46050001	1.14366	1.04959	2
17	46100001	1.10737	1.04959	2
17	46150001	0.798415	1.04959	2
17	46200001	0.97126	1.04959	2
17	46250001	1.35014	1.04959	2
17	46300001	1.40631	1.04959	2
17	46350001	1.25504	1.04959	2
17	46400001	1.28911	1.04959	2
17	46450001	0.976909	1.04959	2
17	46500001	1.05995	1.04959	2
17	46550001	1.15091	1.04959	2
17	46600001	0.730808	1.04959	2
17	46650001	0.648375	1.04959	2
17	46700001	0.868596	1.04959	2
17	46750001	1.20308	1.04959	2
17	46800001	1.0099	1.04959	2
17	46850001	1.20825	1.04959	2
17	46900001	0.915346	1.04959	2
17	46950001	0.741156	1.04959	2
17	47000001	1.04913	1.04959	2
17	47050001	0.951895	1.04959	2
17	47100001	0.913641	1.04959	2
17	47150001	1.12266	1.04959	2
17	47200001	1.01869	1.04959	2
17	47250001	1.05972	1.04959	2
17	47300001	0.625134	1.04959	2
17	47350001	1.14905	1.04959	2
17	47400001	1.2635	1.04959	2
17	47450001	1.06845	1.04959	2
17	47500001	0.665256	1.04959	2
17	47550001	0.826125	1.04959	2
17	47600001	1.02202	1.04959	2
17	47650001	1.12143	1.04959	2
17	47700001	0.72614	1.04959	2
17	47750001	0.834199	1.04959	2
17	47800001	1.14813	1.04959	2
17	47850001	1.05207	1.04959	2
17	47900001	1.06451	1.04959	2
17	47950001	0.720488	1.04959	2
17	48000001	0.614354	1.04959	2
17	48050001	0.975821	1.04959	2
17	48100001	0.841858	1.04959	2
17	48150001	0.640359	1.04959	2
17	48200001	0.616755	1.04959	2
17	48250001	0.664458	1.04959	2
17	48300001	0.834298	1.04959	2
17	48350001	1.02514	1.04959	2
17	48400001	0.82208	1.04959	2
17	48450001	0.863984	1.04959	2
17	48500001	0.733445	1.04959	2
17	48550001	0.910609	1.04959	2
17	48600001	0.575097	1.04959	2
17	48650001	0.646305	1.04959	2
17	48700001	0.769779	1.04959	2
17	48750001	0.968081	1.04959	2
17	48800001	1.2833	1.04959	2
17	48850001	1.24116	1.04959	2
17	48900001	1.14703	1.04959	2
17	48950001	0.776828	1.04959	2
17	49000001	0.761387	1.04959	2
17	49050001	1.27209	1.04959	2
17	49100001	0.97555	1.04959	2
17	49150001	1.29263	1.04959	2
17	49200001	0.808267	1.04959	2
17	49250001	1.05813	1.04959	2
17	49300001	0.943553	1.04959	2
17	49350001	1.05111	1.04959	2
17	49400001	1.12122	1.04959	2
17	49450001	1.14149	1.04959	2
17	49500001	0.918232	1.04959	2
17	49550001	1.00816	1.04959	2
17	49600001	1.00476	1.04959	2
17	49650001	1.08902	1.04959	2
17	49700001	1.06769	1.04959	2
17	49750001	0.868288	1.04959	2
17	49800001	0.847754	1.04959	2
17	49850001	1.26211	1.04959	2
17	49900001	1.3359	1.04959	2
17	49950001	1.14239	1.04959	2
17	50000001	0.989426	1.04959	2
17	50050001	1.30336	1.04959	2
17	50100001	1.07319	1.04959	2
17	50150001	1.03277	1.04959	2
17	50200001	1.08005	1.04959	2
17	50250001	1.19928	1.04959	2
17	50300001	1.04493	1.04959	2
17	50350001	1.41807	1.04959	2
17	50400001	1.1822	1.04959	2
17	50450001	1.49956	1.04959	2
17	50500001	1.1184	1.04959	2
17	50550001	1.11309	1.04959	2
17	50600001	0.998532	1.04959	2
17	50650001	1.34602	1.04959	2
17	50700001	0.832051	1.04959	2
17	50750001	0.782822	1.04959	2
17	50800001	1.02473	1.04959	2
17	50850001	1.23285	1.04959	2
17	50900001	1.54063	1.04959	2
17	50950001	0.869962	1.04959	2
17	51000001	0.796454	1.04959	2
17	51050001	0.991962	1.04959	2
17	51100001	0.914862	1.04959	2
17	51150001	0.846542	1.04959	2
17	51200001	1.323	1.04959	2
17	51250001	1.25893	1.04959	2
17	51300001	0.729621	1.04959	2
17	51350001	1.02839	1.04959	2
17	51400001	1.05969	1.04959	2
17	51450001	1.4417	1.04959	2
17	51500001	0.990208	1.04959	2
17	51550001	0.895837	1.04959	2
17	51600001	0.842683	1.04959	2
17	51650001	1.21877	1.04959	2
17	51700001	1.33978	1.04959	2
17	51750001	1.18913	1.04959	2
17	51800001	1.20859	1.04959	2
17	51850001	1.19016	1.04959	2
17	51900001	0.868035	1.04959	2
17	51950001	1.20113	1.04959	2
17	52000001	1.14155	1.04959	2
17	52050001	1.03851	1.04959	2
17	52100001	1.37943	1.04959	2
17	52150001	1.33212	1.04959	2
17	52200001	1.10199	1.04959	2
17	52250001	1.03244	1.04959	2
17	52300001	1.24264	1.04959	2
17	52350001	1.33506	1.04959	2
17	52400001	1.24279	1.04959	2
17	52450001	1.23753	1.04959	2
17	52500001	1.33968	1.04959	2
17	52550001	1.4685	1.04959	2
17	52600001	1.27327	1.04959	2
17	52650001	0.963446	1.04959	2
17	52700001	1.48275	1.04959	2
17	52750001	1.14567	1.04959	2
17	52800001	1.02402	1.04959	2
17	52850001	1.30934	1.04959	2
17	52900001	1.02857	1.04959	2
17	52950001	1.28842	1.04959	2
17	53000001	1.3791	1.04959	2
17	53050001	1.04423	1.04959	2
17	53100001	1.43886	1.04959	2
17	53150001	1.36421	1.04959	2
17	53200001	1.37433	1.04959	2
17	53250001	1.55693	1.04959	2
17	53300001	0.906309	1.04959	2
17	53350001	1.30811	1.04959	2
17	53400001	1.00829	1.04959	2
17	53450001	0.885915	1.04959	2
17	53500001	0.680912	1.04959	2
17	53550001	0.822574	1.04959	2
17	53600001	1.03261	1.04959	2
17	53650001	1.12013	1.04959	2
17	53700001	1.25157	1.04959	2
17	53750001	1.58896	1.04959	2
17	53800001	0.833305	1.04959	2
17	53850001	1.04971	1.04959	2
17	53900001	1.14683	1.04959	2
17	53950001	1.1998	1.04959	2
17	54000001	0.837043	1.04959	2
17	54050001	0.945562	1.04959	2
17	54100001	1.03811	1.04959	2
17	54150001	0.711593	1.04959	2
17	54200001	1.35973	1.04959	2
17	54250001	1.13204	1.04959	2
17	54300001	1.06774	1.04959	2
17	54350001	1.21533	1.04959	2
17	54400001	1.17871	1.04959	2
17	54450001	1.04886	1.04959	2
17	54500001	1.14994	1.04959	2
17	54550001	0.962844	1.04959	2
17	54600001	1.00594	1.04959	2
17	54650001	1.28742	1.04959	2
17	54700001	1.4156	1.04959	2
17	54750001	1.0861	1.04959	2
17	54800001	1.33564	1.04959	2
17	54850001	1.35989	1.04959	2
17	54900001	1.19846	1.04959	2
17	54950001	1.00014	1.04959	2
17	55000001	0.906884	1.04959	2
17	55050001	0.969088	1.04959	2
17	55100001	1.23908	1.04959	2
17	55150001	0.916538	1.04959	2
17	55200001	1.06869	1.04959	2
17	55250001	1.1207	1.04959	2
17	55300001	1.16343	1.04959	2
17	55350001	1.11065	1.04959	2
17	55400001	0.782685	1.04959	2
17	55450001	1.29283	1.04959	2
17	55500001	1.32654	1.04959	2
17	55550001	1.35251	1.04959	2
17	55600001	1.02977	1.04959	2
17	55650001	1.04756	1.04959	2
17	55700001	0.926537	1.04959	2
17	55750001	1.30459	1.04959	2
17	55800001	0.979731	1.04959	2
17	55850001	1.14909	1.04959	2
17	55900001	1.11094	1.04959	2
17	55950001	0.872851	1.04959	2
17	56000001	1.1296	1.04959	2
17	56050001	1.25644	1.04959	2
17	56100001	0.969064	1.04959	2
17	56150001	1.02727	1.04959	2
17	56200001	1.13093	1.04959	2
17	56250001	0.476753	1.04959	2
17	56300001	1.15836	1.04959	2
17	56350001	0.713253	1.04959	2
17	56400001	0.874076	1.04959	2
17	56450001	1.20293	1.04959	2
17	56500001	1.08825	1.04959	2
17	56550001	1.04773	1.04959	2
17	56600001	1.26965	1.04959	2
17	56650001	0.878432	1.04959	2
17	56700001	1.20065	1.04959	2
17	56750001	1.12886	1.04959	2
17	56800001	1.1852	1.04959	2
17	56850001	1.03905	1.04959	2
17	56900001	1.0494	1.04959	2
17	56950001	0.644616	1.04959	2
17	57000001	1.04755	1.04959	2
17	57050001	1.29419	1.04959	2
17	57100001	1.19616	1.04959	2
17	57150001	0.947608	1.04959	2
17	57200001	1.51457	1.04959	2
17	57250001	0.932187	1.04959	2
17	57300001	0.726014	1.04959	2
17	57350001	0.972476	1.04959	2
17	57400001	1.02743	1.04959	2
17	57450001	0.978501	1.04959	2
17	57500001	0.951792	1.04959	2
17	57550001	1.21272	1.04959	2
17	57600001	1.21159	1.04959	2
17	57650001	1.01127	1.04959	2
17	57700001	1.06319	1.04959	2
17	57750001	1.12936	1.04959	2
17	57800001	0.973497	1.04959	2
17	57850001	1.30325	1.04959	2
17	57900001	1.51253	1.04959	2
17	57950001	1.00874	1.04959	2
17	58000001	1.27925	1.04959	2
17	58050001	1.00723	1.04959	2
17	58100001	1.42633	1.04959	2
17	58150001	1.0627	1.04959	2
17	58200001	0.96373	1.04959	2
17	58250001	1.20589	1.04959	2
17	58300001	0.93362	1.04959	2
17	58350001	1.28983	1.04959	2
17	58400001	1.08559	1.04959	2
17	58450001	1.30939	1.04959	2
17	58500001	0.983401	1.04959	2
17	58550001	1.31451	1.04959	2
17	58600001	0.969658	1.04959	2
17	58650001	1.009	1.04959	2
17	58700001	1.0314	1.04959	2
17	58750001	0.896356	1.04959	2
17	58800001	1.20177	1.04959	2
17	58850001	1.66271	1.04959	2
17	58900001	1.37472	1.04959	2
17	58950001	1.28031	1.04959	2
17	59000001	1.32205	1.04959	2
17	59050001	1.3895	1.04959	2
17	59100001	1.33337	1.04959	2
17	59150001	1.04057	1.04959	2
17	59200001	1.16578	1.04959	2
17	59250001	1.47899	1.04959	2
17	59300001	1.41393	1.04959	2
17	59350001	1.17423	1.04959	2
17	59400001	1.28539	1.04959	2
17	59450001	0.414575	1.04959	2
17	59500001	1.01999	1.04959	2
17	59550001	0.746556	1.04959	2
17	59600001	1.39577	1.04959	2
17	59650001	1.5466	1.04959	2
17	59700001	1.56693	1.04959	2
17	59750001	1.34036	1.04959	2
17	59800001	0.992541	1.04959	2
17	59850001	1.20718	1.04959	2
17	59900001	0.764289	1.04959	2
17	59950001	1.05151	1.04959	2
17	60000001	0.897098	1.04959	2
17	60050001	1.03654	1.04959	2
17	60100001	1.22672	1.04959	2
17	60150001	0.782708	1.04959	2
17	60200001	0.668238	1.04959	2
17	60250001	1.09957	1.04959	2
17	60300001	0.986736	1.04959	2
17	60350001	0.928077	1.04959	2
17	60400001	0.937062	1.04959	2
17	60450001	1.11944	1.04959	2
17	60500001	0.879878	1.04959	2
17	60550001	0.881282	1.04959	2
17	60600001	1.21076	1.04959	2
17	60650001	1.14328	1.04959	2
17	60700001	0.681767	1.04959	2
17	60750001	0.555739	1.04959	2
17	60800001	1.27842	1.04959	2
17	60850001	1.20173	1.04959	2
17	60900001	1.39337	1.04959	2
17	60950001	1.31278	1.04959	2
17	61000001	0.985906	1.04959	2
17	61050001	1.04045	1.04959	2
17	61100001	1.40288	1.04959	2
17	61150001	1.33516	1.04959	2
17	61200001	0.95115	1.04959	2
17	61250001	1.36967	1.04959	2
17	61300001	1.02993	1.04959	2
17	61350001	1.32395	1.04959	2
17	61400001	0.938141	1.04959	2
17	61450001	1.31348	1.04959	2
17	61500001	0.777392	1.04959	2
17	61550001	0.566512	1.04959	2
17	61600001	0.854716	1.04959	2
17	61650001	0.945212	1.04959	2
17	61700001	0.998293	1.04959	2
17	61750001	1.13579	1.04959	2
17	61800001	0.738967	1.04959	2
17	61850001	1.24006	1.04959	2
17	61900001	1.06055	1.04959	2
17	61950001	1.18	1.04959	2
17	62000001	0.604327	1.04959	2
17	62050001	0.836835	1.04959	2
17	62100001	1.06253	1.04959	2
17	62150001	1.49508	1.04959	2
17	62200001	1.14213	1.04959	2
17	62250001	1.28284	1.04959	2
17	62300001	1.08837	1.04959	2
17	62350001	1.25669	1.04959	2
17	62400001	0.242328	1.04959	2
17	62450001	0.81829	1.04959	2
17	62500001	1.12305	1.04959	2
17	62550001	1.21402	1.04959	2
17	62600001	1.04746	1.04959	2
17	62650001	1.18798	1.04959	2
17	62700001	1.07202	1.04959	2
17	62750001	0.743739	1.04959	2
17	62800001	1.01032	1.04959	2
17	62850001	0.889535	1.04959	2
17	62900001	1.27807	1.04959	2
17	62950001	1.0799	1.04959	2
17	63000001	1.76829	1.04959	2
17	63050001	1.16179	1.04959	2
17	63100001	0.788638	1.04959	2
17	63150001	0.799335	1.04959	2
17	63200001	1.05895	1.04959	2
17	63250001	0.989277	1.04959	2
17	63300001	1.13066	1.04959	2
17	63350001	1.07856	1.04959	2
17	63400001	1.25958	1.04959	2
17	63450001	1.40226	1.04959	2
17	63500001	-1	1.04959	2
17	63550001	-1	1.04959	2
17	63600001	0.866831	1.04959	2
17	63650001	0.918678	1.04959	2
17	63700001	1.04737	1.04959	2
17	63750001	1.48541	1.04959	2
17	63800001	1.05675	1.04959	2
17	63850001	1.18374	1.04959	2
17	63900001	1.08744	1.04959	2
17	63950001	1.06842	1.04959	2
17	64000001	1.01795	1.04959	2
17	64050001	1.27113	1.04959	2
17	64100001	1.07743	1.04959	2
17	64150001	1.22531	1.04959	2
17	64200001	0.919465	1.04959	2
17	64250001	0.816682	1.04959	2
17	64300001	0.992992	1.04959	2
17	64350001	1.06807	1.04959	2
17	64400001	0.636324	1.04959	2
17	64450001	0.765502	1.04959	2
17	64500001	0.911733	1.04959	2
17	64550001	1.22257	1.04959	2
17	64600001	0.869655	1.04959	2
17	64650001	1.01491	1.04959	2
17	64700001	0.87101	1.04959	2
17	64750001	0.850398	1.04959	2
17	64800001	0.80494	1.04959	2
17	64850001	0.803974	1.04959	2
17	64900001	0.891724	1.04959	2
17	64950001	0.677226	1.04959	2
17	65000001	0.771729	1.04959	2
17	65050001	0.796431	1.04959	2
17	65100001	0.989591	1.04959	2
17	65150001	1.22379	1.04959	2
17	65200001	1.26947	1.04959	2
17	65250001	1.02843	1.04959	2
17	65300001	0.755335	1.04959	2
17	65350001	0.837401	1.04959	2
17	65400001	0.737067	1.04959	2
17	65450001	1.11747	1.04959	2
17	65500001	0.735764	1.04959	2
17	65550001	1.37524	1.04959	2
17	65600001	0.94749	1.04959	2
17	65650001	1.02738	1.04959	2
17	65700001	0.992406	1.04959	2
17	65750001	0.890916	1.04959	2
17	65800001	0.826865	1.04959	2
17	65850001	0.969428	1.04959	2
17	65900001	0.795298	1.04959	2
17	65950001	0.879508	1.04959	2
17	66000001	0.907005	1.04959	2
17	66050001	1.02029	1.04959	2
17	66100001	1.10963	1.04959	2
17	66150001	1.07309	1.04959	2
17	66200001	1.0896	1.04959	2
17	66250001	1.12813	1.04959	2
17	66300001	1.17567	1.04959	2
17	66350001	1.26391	1.04959	2
17	66400001	1.03895	1.04959	2
17	66450001	1.1697	1.04959	2
17	66500001	0.977575	1.04959	2
17	66550001	1.42609	1.04959	2
17	66600001	1.08799	1.04959	2
17	66650001	1.09515	1.04959	2
17	66700001	1.0684	1.04959	2
17	66750001	1.0091	1.04959	2
17	66800001	1.28909	1.04959	2
17	66850001	1.2911	1.04959	2
17	66900001	0.949961	1.04959	2
17	66950001	0.808513	1.04959	2
17	67000001	1.3921	1.2349	2
17	67050001	1.09863	1.2349	2
17	67100001	1.18609	1.2349	2
17	67150001	1.04219	1.2349	2
17	67200001	1.35267	1.2349	2
17	67250001	0.977629	1.2349	2
17	67300001	1.40152	1.2349	2
17	67350001	1.43179	1.2349	2
17	67400001	1.09007	1.2349	2
17	67450001	1.17823	1.2349	2
17	67500001	1.09455	1.2349	2
17	67550001	0.98457	1.2349	2
17	67600001	1.01024	1.2349	2
17	67650001	1.21184	1.2349	2
17	67700001	1.39407	1.2349	2
17	67750001	1.00795	1.2349	2
17	67800001	1.35598	1.2349	2
17	67850001	1.29294	1.2349	2
17	67900001	0.97949	1.2349	2
17	67950001	1.0851	1.2349	2
17	68000001	1.14147	1.2349	2
17	68050001	1.08039	1.2349	2
17	68100001	0.893696	1.2349	2
17	68150001	1.09209	1.2349	2
17	68200001	1.28794	1.2349	2
17	68250001	1.06718	1.2349	2
17	68300001	1.29058	1.2349	2
17	68350001	1.31272	1.2349	2
17	68400001	1.32259	1.2349	2
17	68450001	1.26956	1.2349	2
17	68500001	1.44692	1.2349	2
17	68550001	1.30079	1.2349	2
17	68600001	1.49672	1.2349	2
17	68650001	1.30821	1.2349	2
17	68700001	1.29433	1.2349	2
17	68750001	1.34108	1.2349	2
17	68800001	1.36949	1.2349	2
17	68850001	1.40824	1.2349	2
17	68900001	1.30695	1.2349	2
17	68950001	1.54772	1.2349	2
17	69000001	1.0875	1.2349	2
17	69050001	1.38522	1.2349	2
17	69100001	1.22271	1.2349	2
17	69150001	1.22911	1.2349	2
17	69200001	0.650357	1.2349	2
17	69250001	1.39405	1.2349	2
17	69300001	1.48901	1.2349	2
17	69350001	0.92219	1.2349	2
17	69400001	1.23365	1.2349	2
17	69450001	1.60496	1.2349	2
17	69500001	1.49596	1.2349	2
17	69550001	1.05261	1.2349	2
17	69600001	0.831437	1.2349	2
17	69650001	1.34128	1.2349	2
17	69700001	1.22391	1.2349	2
17	69750001	1.22641	1.2349	2
17	69800001	1.8742	1.2349	2
17	69850001	1.01151	1.2349	2
17	69900001	1.10207	1.2349	2
17	69950001	1.23615	1.2349	2
17	70000001	1.30707	1.2349	2
17	70050001	1.345	1.2349	2
17	70100001	1.22416	1.2349	2
17	70150001	0.88668	1.2349	2
17	70200001	0.859866	1.2349	2
17	70250001	1.72247	1.2349	2
17	70300001	1.11248	1.2349	2
17	70350001	1.34111	1.2349	2
17	70400001	1.59591	1.2349	2
17	70450001	1.41054	1.2349	2
17	70500001	0.798101	1.2349	2
17	70550001	1.20005	1.2349	2
17	70600001	1.26501	1.2349	2
17	70650001	1.16334	1.2349	2
17	70700001	0.859433	0.889558	2
17	70750001	1.01278	0.889558	2
17	70800001	0.981928	0.889558	2
17	70850001	0.898132	0.889558	2
17	70900001	0.862994	0.889558	2
17	70950001	0.908763	0.889558	2
17	71000001	1.23256	0.889558	2
17	71050001	1.01276	0.889558	2
17	71100001	1.4965	0.889558	2
17	71150001	0.784545	0.889558	2
17	71200001	1.31716	0.889558	2
17	71250001	0.615763	0.889558	2
17	71300001	1.07798	0.889558	2
17	71350001	0.880795	0.889558	2
17	71400001	0.983547	0.889558	2
17	71450001	0.923886	0.889558	2
17	71500001	0.556959	0.889558	2
17	71550001	0.987791	0.889558	2
17	71600001	0.862787	0.889558	2
17	71650001	1.04265	0.889558	2
17	71700001	0.999807	0.889558	2
17	71750001	1.06695	0.889558	2
17	71800001	0.996219	0.889558	2
17	71850001	1.09639	0.889558	2
17	71900001	1.2812	0.889558	2
17	71950001	1.41542	0.889558	2
17	72000001	0.594962	0.889558	2
17	72050001	0.89591	0.889558	2
17	72100001	1.4003	0.889558	2
17	72150001	0.925376	0.889558	2
17	72200001	0.959193	0.889558	2
17	72250001	0.781647	0.889558	2
17	72300001	0.538063	0.889558	2
17	72350001	0.667469	0.889558	2
17	72400001	0.70298	0.889558	2
17	72450001	1.17746	0.889558	2
17	72500001	0.983348	0.889558	2
17	72550001	1.192	0.889558	2
17	72600001	0.768386	0.889558	2
17	72650001	0.834644	0.889558	2
17	72700001	0.796644	0.889558	2
17	72750001	0.750768	0.889558	2
17	72800001	0.73282	0.889558	2
17	72850001	0.864123	0.889558	2
17	72900001	1.22798	0.889558	2
17	72950001	0.911464	0.889558	2
17	73000001	0.710941	0.889558	2
17	73050001	0.724494	0.889558	2
17	73100001	1.10218	0.889558	2
17	73150001	1.33197	0.889558	2
17	73200001	0.729786	0.889558	2
17	73250001	0.976301	0.889558	2
17	73300001	1.25535	0.889558	2
17	73350001	1.2715	0.889558	2
17	73400001	1.33305	0.889558	2
17	73450001	0.553124	0.889558	2
17	73500001	0.723913	0.889558	2
17	73550001	0.443982	0.889558	2
17	73600001	0.683036	0.889558	2
17	73650001	1.19219	0.889558	2
17	73700001	0.889558	0.889558	2
17	73750001	0.504019	0.889558	2
17	73800001	0.645326	0.889558	2
17	73850001	0.719734	0.889558	2
17	73900001	1.17279	0.889558	2
17	73950001	1.09783	0.889558	2
17	74000001	0.607675	0.889558	2
17	74050001	0.853633	0.889558	2
17	74100001	0.60299	0.889558	2
17	74150001	1.10344	0.889558	2
17	74200001	1.28834	0.889558	2
17	74250001	0.691771	0.889558	2
17	74300001	1.02926	0.889558	2
17	74350001	0.670873	0.889558	2
17	74400001	1.0126	0.889558	2
17	74450001	0.509938	0.889558	2
17	74500001	0.855455	0.889558	2
17	74550001	1.10725	0.889558	2
17	74600001	0.960379	0.889558	2
17	74650001	1.01361	0.889558	2
17	74700001	0.826396	0.889558	2
17	74750001	1.23447	0.889558	2
17	74800001	0.909212	0.889558	2
17	74850001	0.642407	0.889558	2
17	74900001	0.467879	0.889558	2
17	74950001	0.965118	0.889558	2
17	75000001	1.03111	0.889558	2
17	75050001	-1	0.889558	2
17	75100001	-1	0.889558	2
17	75150001	-1	0.889558	2
17	75200001	-1	0.889558	2
17	75250001	0.807032	0.889558	2
17	75300001	0.799439	0.889558	2
17	75350001	0.582046	0.889558	2
17	75400001	0.580128	0.889558	2
17	75450001	0.780275	0.889558	2
17	75500001	1.1513	0.889558	2
17	75550001	0.929318	0.889558	2
17	75600001	0.709361	0.889558	2
17	75650001	1.29808	0.889558	2
17	75700001	1.34411	0.889558	2
17	75750001	1.02417	0.889558	2
17	75800001	0.804768	0.889558	2
17	75850001	1.05825	0.889558	2
17	75900001	0.84508	0.889558	2
17	75950001	1.27928	0.889558	2
17	76000001	1.21406	0.889558	2
17	76050001	1.63065	0.889558	2
17	76100001	0.256249	0.889558	2
17	76150001	0.697564	0.889558	2
17	76200001	0.969836	0.889558	2
17	76250001	0.365279	0.889558	2
17	76300001	0.823439	0.889558	2
17	76350001	1.10916	0.889558	2
17	76400001	0.818643	0.889558	2
17	76450001	0.518659	0.889558	2
17	76500001	0.9966	0.889558	2
17	76550001	1.18765	0.889558	2
17	76600001	0.98517	0.889558	2
17	76650001	1.03816	0.889558	2
17	76700001	1.0742	0.889558	2
17	76750001	0.970661	0.889558	2
17	76800001	1.10436	0.889558	2
17	76850001	0.96213	0.889558	2
17	76900001	1.03258	0.889558	2
17	76950001	0.346411	0.889558	2
17	77000001	0.82286	0.889558	2
17	77050001	0.732225	0.889558	2
17	77100001	0.412897	0.889558	2
17	77150001	0.744543	0.889558	2
17	77200001	0.937363	0.889558	2
17	77250001	0.864481	0.889558	2
17	77300001	-1	0.889558	2
17	77350001	-1	0.889558	2
17	77400001	0.652987	0.889558	2
17	77450001	0.621756	0.889558	2
17	77500001	0.402833	0.889558	2
17	77550001	0.0457264	0.889558	2
17	77600001	0.513942	0.889558	2
17	77650001	0.527234	0.889558	2
17	77700001	0.795437	0.889558	2
17	77750001	0.785912	0.889558	2
17	77800001	0.696288	0.889558	2
17	77850001	1.14197	0.889558	2
17	77900001	0.683586	0.889558	2
17	77950001	0.517975	0.889558	2
17	78000001	0.698581	0.889558	2
17	78050001	0.627651	0.889558	2
17	78100001	0.948932	0.889558	2
17	78150001	0.342564	0.889558	2
17	78200001	0.946039	0.889558	2
17	78250001	1.33875	0.889558	2
17	78300001	0.70712	0.889558	2
17	78350001	0.674508	0.889558	2
17	78400001	0.448247	0.889558	2
17	78450001	0.790487	0.889558	2
17	78500001	1.29359	0.889558	2
17	78550001	1.0887	0.889558	2
17	78600001	0.937436	0.889558	2
17	78650001	-1	-1	2
17	78700001	-1	-1	2
17	78750001	-1	-1	2
17	78800001	-1	-1	2
17	78850001	-1	-1	2
17	78900001	-1	-1	2
17	78950001	-1	-1	2
17	79000001	-1	-1	2
17	79050001	-1	-1	2
17	79100001	-1	-1	2
17	79150001	-1	-1	2
17	79200001	-1	-1	2
17	79250001	-1	-1	2
17	79300001	-1	-1	2
17	79350001	-1	-1	2
17	79400001	-1	-1	2
17	79450001	-1	-1	2
17	79500001	-1	-1	2
17	79550001	-1	-1	2
17	79600001	-1	-1	2
17	79650001	-1	-1	2
17	79700001	-1	-1	2
17	79750001	-1	-1	2
17	79800001	-1	-1	2
17	79850001	-1	-1	2
17	79900001	-1	-1	2
17	79950001	-1	-1	2
17	80000001	-1	-1	2
17	80050001	-1	-1	2
17	80100001	-1	-1	2
17	80150001	-1	-1	2
17	80200001	-1	-1	2
17	80250001	-1	-1	2
17	80300001	-1	-1	2
17	80350001	-1	-1	2
17	80400001	-1	-1	2
17	80450001	-1	-1	2
17	80500001	-1	-1	2
17	80550001	-1	-1	2
17	80600001	-1	-1	2
17	80650001	-1	-1	2
17	80700001	-1	-1	2
17	80750001	-1	-1	2
17	80800001	-1	-1	2
17	80850001	-1	-1	2
17	80900001	-1	-1	2
17	80950001	-1	-1	2
17	81000001	-1	-1	2
17	81050001	-1	-1	2
17	81100001	-1	-1	2
17	81150001	-1	-1	2
