Chromosome	Start	Ratio	MedianRatio	CopyNumber
13	1	-1	-1	0
13	50001	-1	-1	0
13	100001	-1	-1	0
13	150001	-1	-1	0
13	200001	-1	-1	0
13	250001	-1	-1	0
13	300001	-1	-1	0
13	350001	-1	-1	0
13	400001	-1	-1	0
13	450001	-1	-1	0
13	500001	-1	-1	0
13	550001	-1	-1	0
13	600001	-1	-1	0
13	650001	-1	-1	0
13	700001	-1	-1	0
13	750001	-1	-1	0
13	800001	-1	-1	0
13	850001	-1	-1	0
13	900001	-1	-1	0
13	950001	-1	-1	0
13	1000001	-1	-1	0
13	1050001	-1	-1	0
13	1100001	-1	-1	0
13	1150001	-1	-1	0
13	1200001	-1	-1	0
13	1250001	-1	-1	0
13	1300001	-1	-1	0
13	1350001	-1	-1	0
13	1400001	-1	-1	0
13	1450001	-1	-1	0
13	1500001	-1	-1	0
13	1550001	-1	-1	0
13	1600001	-1	-1	0
13	1650001	-1	-1	0
13	1700001	-1	-1	0
13	1750001	-1	-1	0
13	1800001	-1	-1	0
13	1850001	-1	-1	0
13	1900001	-1	-1	0
13	1950001	-1	-1	0
13	2000001	-1	-1	0
13	2050001	-1	-1	0
13	2100001	-1	-1	0
13	2150001	-1	-1	0
13	2200001	-1	-1	0
13	2250001	-1	-1	0
13	2300001	-1	-1	0
13	2350001	-1	-1	0
13	2400001	-1	-1	0
13	2450001	-1	-1	0
13	2500001	-1	-1	0
13	2550001	-1	-1	0
13	2600001	-1	-1	0
13	2650001	-1	-1	0
13	2700001	-1	-1	0
13	2750001	-1	-1	0
13	2800001	-1	-1	0
13	2850001	-1	-1	0
13	2900001	-1	-1	0
13	2950001	-1	-1	0
13	3000001	-1	-1	0
13	3050001	-1	-1	0
13	3100001	-1	-1	0
13	3150001	-1	-1	0
13	3200001	-1	-1	0
13	3250001	-1	-1	0
13	3300001	-1	-1	0
13	3350001	-1	-1	0
13	3400001	-1	-1	0
13	3450001	-1	-1	0
13	3500001	-1	-1	0
13	3550001	-1	-1	0
13	3600001	-1	-1	0
13	3650001	-1	-1	0
13	3700001	-1	-1	0
13	3750001	-1	-1	0
13	3800001	-1	-1	0
13	3850001	-1	-1	0
13	3900001	-1	-1	0
13	3950001	-1	-1	0
13	4000001	-1	-1	0
13	4050001	-1	-1	0
13	4100001	-1	-1	0
13	4150001	-1	-1	0
13	4200001	-1	-1	0
13	4250001	-1	-1	0
13	4300001	-1	-1	0
13	4350001	-1	-1	0
13	4400001	-1	-1	0
13	4450001	-1	-1	0
13	4500001	-1	-1	0
13	4550001	-1	-1	0
13	4600001	-1	-1	0
13	4650001	-1	-1	0
13	4700001	-1	-1	0
13	4750001	-1	-1	0
13	4800001	-1	-1	0
13	4850001	-1	-1	0
13	4900001	-1	-1	0
13	4950001	-1	-1	0
13	5000001	-1	-1	0
13	5050001	-1	-1	0
13	5100001	-1	-1	0
13	5150001	-1	-1	0
13	5200001	-1	-1	0
13	5250001	-1	-1	0
13	5300001	-1	-1	0
13	5350001	-1	-1	0
13	5400001	-1	-1	0
13	5450001	-1	-1	0
13	5500001	-1	-1	0
13	5550001	-1	-1	0
13	5600001	-1	-1	0
13	5650001	-1	-1	0
13	5700001	-1	-1	0
13	5750001	-1	-1	0
13	5800001	-1	-1	0
13	5850001	-1	-1	0
13	5900001	-1	-1	0
13	5950001	-1	-1	0
13	6000001	-1	-1	0
13	6050001	-1	-1	0
13	6100001	-1	-1	0
13	6150001	-1	-1	0
13	6200001	-1	-1	0
13	6250001	-1	-1	0
13	6300001	-1	-1	0
13	6350001	-1	-1	0
13	6400001	-1	-1	0
13	6450001	-1	-1	0
13	6500001	-1	-1	0
13	6550001	-1	-1	0
13	6600001	-1	-1	0
13	6650001	-1	-1	0
13	6700001	-1	-1	0
13	6750001	-1	-1	0
13	6800001	-1	-1	0
13	6850001	-1	-1	0
13	6900001	-1	-1	0
13	6950001	-1	-1	0
13	7000001	-1	-1	0
13	7050001	-1	-1	0
13	7100001	-1	-1	0
13	7150001	-1	-1	0
13	7200001	-1	-1	0
13	7250001	-1	-1	0
13	7300001	-1	-1	0
13	7350001	-1	-1	0
13	7400001	-1	-1	0
13	7450001	-1	-1	0
13	7500001	-1	-1	0
13	7550001	-1	-1	0
13	7600001	-1	-1	0
13	7650001	-1	-1	0
13	7700001	-1	-1	0
13	7750001	-1	-1	0
13	7800001	-1	-1	0
13	7850001	-1	-1	0
13	7900001	-1	-1	0
13	7950001	-1	-1	0
13	8000001	-1	-1	0
13	8050001	-1	-1	0
13	8100001	-1	-1	0
13	8150001	-1	-1	0
13	8200001	-1	-1	0
13	8250001	-1	-1	0
13	8300001	-1	-1	0
13	8350001	-1	-1	0
13	8400001	-1	-1	0
13	8450001	-1	-1	0
13	8500001	-1	-1	0
13	8550001	-1	-1	0
13	8600001	-1	-1	0
13	8650001	-1	-1	0
13	8700001	-1	-1	0
13	8750001	-1	-1	0
13	8800001	-1	-1	0
13	8850001	-1	-1	0
13	8900001	-1	-1	0
13	8950001	-1	-1	0
13	9000001	-1	-1	0
13	9050001	-1	-1	0
13	9100001	-1	-1	0
13	9150001	-1	-1	0
13	9200001	-1	-1	0
13	9250001	-1	-1	0
13	9300001	-1	-1	0
13	9350001	-1	-1	0
13	9400001	-1	-1	0
13	9450001	-1	-1	0
13	9500001	-1	-1	0
13	9550001	-1	-1	0
13	9600001	-1	-1	0
13	9650001	-1	-1	0
13	9700001	-1	-1	0
13	9750001	-1	-1	0
13	9800001	-1	-1	0
13	9850001	-1	-1	0
13	9900001	-1	-1	0
13	9950001	-1	-1	0
13	10000001	-1	-1	0
13	10050001	-1	-1	0
13	10100001	-1	-1	0
13	10150001	-1	-1	0
13	10200001	-1	-1	0
13	10250001	-1	-1	0
13	10300001	-1	-1	0
13	10350001	-1	-1	0
13	10400001	-1	-1	0
13	10450001	-1	-1	0
13	10500001	-1	-1	0
13	10550001	-1	-1	0
13	10600001	-1	-1	0
13	10650001	-1	-1	0
13	10700001	-1	-1	0
13	10750001	-1	-1	0
13	10800001	-1	-1	0
13	10850001	-1	-1	0
13	10900001	-1	-1	0
13	10950001	-1	-1	0
13	11000001	-1	-1	0
13	11050001	-1	-1	0
13	11100001	-1	-1	0
13	11150001	-1	-1	0
13	11200001	-1	-1	0
13	11250001	-1	-1	0
13	11300001	-1	-1	0
13	11350001	-1	-1	0
13	11400001	-1	-1	0
13	11450001	-1	-1	0
13	11500001	-1	-1	0
13	11550001	-1	-1	0
13	11600001	-1	-1	0
13	11650001	-1	-1	0
13	11700001	-1	-1	0
13	11750001	-1	-1	0
13	11800001	-1	-1	0
13	11850001	-1	-1	0
13	11900001	-1	-1	0
13	11950001	-1	-1	0
13	12000001	-1	-1	0
13	12050001	-1	-1	0
13	12100001	-1	-1	0
13	12150001	-1	-1	0
13	12200001	-1	-1	0
13	12250001	-1	-1	0
13	12300001	-1	-1	0
13	12350001	-1	-1	0
13	12400001	-1	-1	0
13	12450001	-1	-1	0
13	12500001	-1	-1	0
13	12550001	-1	-1	0
13	12600001	-1	-1	0
13	12650001	-1	-1	0
13	12700001	-1	-1	0
13	12750001	-1	-1	0
13	12800001	-1	-1	0
13	12850001	-1	-1	0
13	12900001	-1	-1	0
13	12950001	-1	-1	0
13	13000001	-1	-1	0
13	13050001	-1	-1	0
13	13100001	-1	-1	0
13	13150001	-1	-1	0
13	13200001	-1	-1	0
13	13250001	-1	-1	0
13	13300001	-1	-1	0
13	13350001	-1	-1	0
13	13400001	-1	-1	0
13	13450001	-1	-1	0
13	13500001	-1	-1	0
13	13550001	-1	-1	0
13	13600001	-1	-1	0
13	13650001	-1	-1	0
13	13700001	-1	-1	0
13	13750001	-1	-1	0
13	13800001	-1	-1	0
13	13850001	-1	-1	0
13	13900001	-1	-1	0
13	13950001	-1	-1	0
13	14000001	-1	-1	0
13	14050001	-1	-1	0
13	14100001	-1	-1	0
13	14150001	-1	-1	0
13	14200001	-1	-1	0
13	14250001	-1	-1	0
13	14300001	-1	-1	0
13	14350001	-1	-1	0
13	14400001	-1	-1	0
13	14450001	-1	-1	0
13	14500001	-1	-1	0
13	14550001	-1	-1	0
13	14600001	-1	-1	0
13	14650001	-1	-1	0
13	14700001	-1	-1	0
13	14750001	-1	-1	0
13	14800001	-1	-1	0
13	14850001	-1	-1	0
13	14900001	-1	-1	0
13	14950001	-1	-1	0
13	15000001	-1	-1	0
13	15050001	-1	-1	0
13	15100001	-1	-1	0
13	15150001	-1	-1	0
13	15200001	-1	-1	0
13	15250001	-1	-1	0
13	15300001	-1	-1	0
13	15350001	-1	-1	0
13	15400001	-1	-1	0
13	15450001	-1	-1	0
13	15500001	-1	-1	0
13	15550001	-1	-1	0
13	15600001	-1	-1	0
13	15650001	-1	-1	0
13	15700001	-1	-1	0
13	15750001	-1	-1	0
13	15800001	-1	-1	0
13	15850001	-1	-1	0
13	15900001	-1	-1	0
13	15950001	-1	-1	0
13	16000001	-1	-1	0
13	16050001	-1	-1	0
13	16100001	-1	-1	0
13	16150001	-1	-1	0
13	16200001	-1	-1	0
13	16250001	-1	-1	0
13	16300001	-1	-1	0
13	16350001	-1	-1	0
13	16400001	-1	-1	0
13	16450001	-1	-1	0
13	16500001	-1	-1	0
13	16550001	-1	-1	0
13	16600001	-1	-1	0
13	16650001	-1	-1	0
13	16700001	-1	-1	0
13	16750001	-1	-1	0
13	16800001	-1	-1	0
13	16850001	-1	-1	0
13	16900001	-1	-1	0
13	16950001	-1	-1	0
13	17000001	-1	-1	0
13	17050001	-1	-1	0
13	17100001	-1	-1	0
13	17150001	-1	-1	0
13	17200001	-1	-1	0
13	17250001	-1	-1	0
13	17300001	-1	-1	0
13	17350001	-1	-1	0
13	17400001	-1	-1	0
13	17450001	-1	-1	0
13	17500001	-1	-1	0
13	17550001	-1	-1	0
13	17600001	-1	-1	0
13	17650001	-1	-1	0
13	17700001	-1	-1	0
13	17750001	-1	-1	0
13	17800001	-1	-1	0
13	17850001	-1	-1	0
13	17900001	-1	-1	0
13	17950001	0	0	0
13	18000001	0	0	0
13	18050001	0	0	0
13	18100001	0	0	0
13	18150001	0	0	0
13	18200001	0	0	0
13	18250001	0	0	0
13	18300001	0	0	0
13	18350001	0	0	0
13	18400001	0	0	0
13	18450001	0	0	0
13	18500001	0	0	0
13	18550001	0	0	0
13	18600001	0	0	0
13	18650001	0	0	0
13	18700001	0	0	0
13	18750001	0	0	0
13	18800001	0	0	0
13	18850001	0	0	0
13	18900001	0	0	0
13	18950001	0	0	0
13	19000001	1.39778	1.39778	3
13	19050001	1.54584	1.39778	3
13	19100001	1.33718	1.39778	3
13	19150001	1.00333	0.95979	2
13	19200001	0.828787	0.95979	2
13	19250001	1.02183	0.95979	2
13	19300001	0.577991	0.95979	2
13	19350001	1.22973	0.95979	2
13	19400001	1.07641	0.95979	2
13	19450001	0.813966	0.95979	2
13	19500001	0.977506	0.95979	2
13	19550001	0.702893	0.95979	2
13	19600001	1.08209	0.95979	2
13	19650001	0.981652	0.95979	2
13	19700001	0.713756	0.95979	2
13	19750001	0.696978	0.95979	2
13	19800001	1.18732	0.95979	2
13	19850001	1.07907	0.95979	2
13	19900001	0.736271	0.95979	2
13	19950001	1.13388	0.95979	2
13	20000001	1.21152	0.95979	2
13	20050001	1.10456	0.95979	2
13	20100001	0.825655	0.95979	2
13	20150001	1.32388	0.95979	2
13	20200001	0.730539	0.95979	2
13	20250001	1.25584	0.95979	2
13	20300001	0.860997	0.95979	2
13	20350001	0.973888	0.95979	2
13	20400001	0.754977	0.95979	2
13	20450001	0.725104	0.95979	2
13	20500001	1.19192	0.95979	2
13	20550001	0.997177	0.95979	2
13	20600001	0.956789	0.95979	2
13	20650001	0.638023	0.95979	2
13	20700001	1.17825	0.95979	2
13	20750001	0.875352	0.95979	2
13	20800001	0.759066	0.95979	2
13	20850001	0.674573	0.95979	2
13	20900001	0.663403	0.95979	2
13	20950001	0.884916	0.95979	2
13	21000001	0.883672	0.95979	2
13	21050001	0.818803	0.95979	2
13	21100001	0.846819	0.95979	2
13	21150001	1.08761	0.95979	2
13	21200001	1.34933	0.95979	2
13	21250001	1.07845	0.95979	2
13	21300001	1.09079	0.95979	2
13	21350001	1.15987	0.95979	2
13	21400001	1.02035	0.95979	2
13	21450001	1.0729	0.95979	2
13	21500001	0.986483	0.95979	2
13	21550001	0.811948	0.95979	2
13	21600001	0.755741	0.95979	2
13	21650001	0.829696	0.95979	2
13	21700001	0.94715	0.95979	2
13	21750001	0.709265	0.95979	2
13	21800001	0.710199	0.95979	2
13	21850001	1.01321	0.95979	2
13	21900001	0.941807	0.95979	2
13	21950001	1.03533	0.95979	2
13	22000001	1.1089	0.95979	2
13	22050001	0.908118	0.95979	2
13	22100001	0.908094	0.95979	2
13	22150001	0.965466	0.95979	2
13	22200001	0.61623	0.95979	2
13	22250001	0.767388	0.95979	2
13	22300001	0.769742	0.95979	2
13	22350001	1.21471	0.95979	2
13	22400001	1.16256	0.95979	2
13	22450001	1.09965	0.95979	2
13	22500001	0.930285	0.95979	2
13	22550001	1.29043	0.95979	2
13	22600001	0.90211	0.95979	2
13	22650001	0.803136	0.95979	2
13	22700001	0.976822	0.95979	2
13	22750001	1.12037	0.95979	2
13	22800001	1.07294	0.95979	2
13	22850001	1.04686	0.95979	2
13	22900001	1.23288	0.95979	2
13	22950001	0.945652	0.95979	2
13	23000001	0.751406	0.95979	2
13	23050001	0.99502	0.95979	2
13	23100001	0.888968	0.95979	2
13	23150001	1.1745	0.95979	2
13	23200001	1.09294	0.95979	2
13	23250001	0.838376	0.95979	2
13	23300001	1.02365	0.95979	2
13	23350001	0.935214	0.95979	2
13	23400001	1.07298	0.95979	2
13	23450001	0.782338	0.95979	2
13	23500001	0.764403	0.95979	2
13	23550001	1.04582	0.95979	2
13	23600001	0.909929	0.95979	2
13	23650001	1.18467	0.95979	2
13	23700001	0.841611	0.95979	2
13	23750001	0.764539	0.95979	2
13	23800001	0.570598	0.95979	2
13	23850001	1.0699	0.95979	2
13	23900001	1.0236	0.95979	2
13	23950001	0.66278	0.95979	2
13	24000001	1.13264	0.95979	2
13	24050001	1.04455	0.95979	2
13	24100001	1.0358	0.95979	2
13	24150001	1.04802	0.95979	2
13	24200001	0.875245	0.95979	2
13	24250001	0.790885	0.95979	2
13	24300001	0.813875	0.95979	2
13	24350001	1.01238	0.95979	2
13	24400001	0.822894	0.95979	2
13	24450001	1.05531	0.95979	2
13	24500001	0.985101	0.95979	2
13	24550001	0.853692	0.95979	2
13	24600001	1.05479	0.95979	2
13	24650001	1.24803	0.95979	2
13	24700001	0.872491	0.95979	2
13	24750001	0.651847	0.95979	2
13	24800001	1.09859	0.95979	2
13	24850001	0.858801	0.95979	2
13	24900001	1.02501	0.95979	2
13	24950001	0.795632	0.95979	2
13	25000001	0.982781	0.95979	2
13	25050001	0.988967	0.95979	2
13	25100001	0.78196	0.95979	2
13	25150001	1.19622	0.95979	2
13	25200001	0.793396	0.95979	2
13	25250001	0.896286	0.95979	2
13	25300001	0.603475	0.95979	2
13	25350001	1.05069	0.95979	2
13	25400001	1.33077	0.95979	2
13	25450001	1.08881	0.95979	2
13	25500001	0.96279	0.95979	2
13	25550001	0.85412	0.95979	2
13	25600001	0.838992	0.95979	2
13	25650001	1.03392	0.95979	2
13	25700001	0.933738	0.95979	2
13	25750001	1.03495	0.95979	2
13	25800001	0.783351	0.95979	2
13	25850001	0.884971	0.95979	2
13	25900001	0.849788	0.95979	2
13	25950001	1.06181	0.95979	2
13	26000001	0.845088	0.95979	2
13	26050001	0.918856	0.95979	2
13	26100001	0.96788	0.95979	2
13	26150001	1.39654	0.95979	2
13	26200001	1.09722	0.95979	2
13	26250001	1.096	0.95979	2
13	26300001	1.11569	0.95979	2
13	26350001	1.34232	0.95979	2
13	26400001	1.18756	0.95979	2
13	26450001	0.86581	0.95979	2
13	26500001	0.784575	0.95979	2
13	26550001	0.918981	0.95979	2
13	26600001	0.864154	0.95979	2
13	26650001	1.1032	0.95979	2
13	26700001	1.01793	0.95979	2
13	26750001	1.11475	0.95979	2
13	26800001	0.983414	0.95979	2
13	26850001	1.7333	0.95979	2
13	26900001	1.36893	0.95979	2
13	26950001	1.03552	0.95979	2
13	27000001	0.907786	0.95979	2
13	27050001	0.886662	0.95979	2
13	27100001	0.744232	0.95979	2
13	27150001	0.886403	0.95979	2
13	27200001	0.800854	0.95979	2
13	27250001	0.945235	0.95979	2
13	27300001	1.22061	0.95979	2
13	27350001	1.15068	0.95979	2
13	27400001	1.10588	0.95979	2
13	27450001	0.874635	0.95979	2
13	27500001	0.955212	0.95979	2
13	27550001	0.865509	0.95979	2
13	27600001	0.682234	0.95979	2
13	27650001	1.0494	0.95979	2
13	27700001	1.19534	0.95979	2
13	27750001	0.877998	0.95979	2
13	27800001	1.1606	0.95979	2
13	27850001	0.911204	0.95979	2
13	27900001	1.16742	0.95979	2
13	27950001	0.710299	0.95979	2
13	28000001	0.766628	0.95979	2
13	28050001	0.902236	0.95979	2
13	28100001	1.10756	0.95979	2
13	28150001	0.630494	0.95979	2
13	28200001	1.3792	0.95979	2
13	28250001	1.29552	0.95979	2
13	28300001	0.653174	0.95979	2
13	28350001	0.850166	0.95979	2
13	28400001	0.861323	0.95979	2
13	28450001	1.154	0.95979	2
13	28500001	0.538499	0.95979	2
13	28550001	0.698809	0.95979	2
13	28600001	0.744453	0.95979	2
13	28650001	0.735614	0.95979	2
13	28700001	1.1366	0.95979	2
13	28750001	1.22713	0.95979	2
13	28800001	0.825059	0.95979	2
13	28850001	0.939097	0.95979	2
13	28900001	0.808934	0.95979	2
13	28950001	0.811702	0.95979	2
13	29000001	0.832463	0.95979	2
13	29050001	0.780699	0.95979	2
13	29100001	0.699586	0.95979	2
13	29150001	0.912576	0.95979	2
13	29200001	1.12365	0.95979	2
13	29250001	0.969186	0.95979	2
13	29300001	0.981108	0.95979	2
13	29350001	0.546383	0.95979	2
13	29400001	0.824193	0.95979	2
13	29450001	1.15978	0.95979	2
13	29500001	0.928347	0.95979	2
13	29550001	1.23216	0.95979	2
13	29600001	1.08406	0.95979	2
13	29650001	1.05155	0.95979	2
13	29700001	0.860762	0.95979	2
13	29750001	0.909208	0.95979	2
13	29800001	0.973132	0.95979	2
13	29850001	1.0263	0.95979	2
13	29900001	0.815642	0.95979	2
13	29950001	1.22091	0.95979	2
13	30000001	1.05021	0.95979	2
13	30050001	0.850581	0.95979	2
13	30100001	1.14813	0.95979	2
13	30150001	0.664473	0.95979	2
13	30200001	1.13348	0.95979	2
13	30250001	1.19037	0.95979	2
13	30300001	1.01568	0.95979	2
13	30350001	0.770003	0.95979	2
13	30400001	1.00844	0.95979	2
13	30450001	1.42324	0.95979	2
13	30500001	0.998126	0.95979	2
13	30550001	0.827164	0.95979	2
13	30600001	1.19064	0.95979	2
13	30650001	0.970759	0.95979	2
13	30700001	0.934859	0.95979	2
13	30750001	1.14785	1.21608	2
13	30800001	1.17615	1.21608	2
13	30850001	1.14287	1.21608	2
13	30900001	1.25601	1.21608	2
13	30950001	1.37209	1.21608	2
13	31000001	1.50005	1.21608	2
13	31050001	0.700114	1.02093	2
13	31100001	1.09296	1.02093	2
13	31150001	0.884328	1.02093	2
13	31200001	1.15115	1.02093	2
13	31250001	1.19885	1.02093	2
13	31300001	0.875871	1.02093	2
13	31350001	0.989639	1.02093	2
13	31400001	1.047	1.02093	2
13	31450001	0.776113	1.02093	2
13	31500001	1.04738	1.02093	2
13	31550001	0.767374	1.02093	2
13	31600001	0.988382	1.02093	2
13	31650001	0.791525	1.02093	2
13	31700001	1.42637	1.02093	2
13	31750001	0.911601	1.02093	2
13	31800001	1.22089	1.02093	2
13	31850001	1.00703	1.02093	2
13	31900001	0.96132	1.02093	2
13	31950001	1.10454	1.02093	2
13	32000001	1.0143	1.02093	2
13	32050001	1.34253	1.02093	2
13	32100001	1.43765	1.02093	2
13	32150001	0.780151	1.02093	2
13	32200001	1.03037	1.02093	2
13	32250001	1.02744	1.02093	2
13	32300001	1.16549	1.02093	2
13	32350001	0.990681	1.02093	2
13	32400001	0.754482	1.02093	2
13	32450001	1.20755	1.02093	2
13	32500001	0.931804	1.02093	2
13	32550001	0.90849	1.02093	2
13	32600001	1.13805	1.02093	2
13	32650001	1.12305	1.02093	2
13	32700001	0.79856	1.02093	2
13	32750001	1.16418	1.02093	2
13	32800001	1.15152	1.02093	2
13	32850001	1.07335	1.02093	2
13	32900001	0.837179	1.02093	2
13	32950001	0.698295	1.02093	2
13	33000001	0.957371	1.02093	2
13	33050001	0.931118	1.02093	2
13	33100001	1.20195	1.02093	2
13	33150001	0.896892	1.02093	2
13	33200001	1.05363	1.02093	2
13	33250001	0.954407	1.02093	2
13	33300001	1.30222	1.02093	2
13	33350001	0.977126	1.02093	2
13	33400001	0.83714	1.02093	2
13	33450001	0.755741	1.02093	2
13	33500001	1.01304	1.02093	2
13	33550001	0.95344	1.02093	2
13	33600001	0.826078	1.02093	2
13	33650001	0.954674	1.02093	2
13	33700001	0.941948	1.02093	2
13	33750001	1.36155	1.02093	2
13	33800001	0.98568	1.02093	2
13	33850001	1.02383	1.02093	2
13	33900001	1.00062	1.02093	2
13	33950001	0.779778	1.02093	2
13	34000001	1.16118	1.02093	2
13	34050001	0.981234	1.02093	2
13	34100001	0.885114	1.02093	2
13	34150001	1.04669	1.02093	2
13	34200001	1.08132	1.02093	2
13	34250001	1.01445	1.02093	2
13	34300001	0.976732	1.02093	2
13	34350001	1.30256	1.02093	2
13	34400001	0.978751	1.02093	2
13	34450001	0.90988	1.02093	2
13	34500001	0.987718	1.02093	2
13	34550001	0.968348	1.02093	2
13	34600001	1.0429	1.02093	2
13	34650001	1.03615	1.02093	2
13	34700001	1.05156	1.02093	2
13	34750001	0.938111	1.02093	2
13	34800001	1.00787	1.02093	2
13	34850001	0.892475	1.02093	2
13	34900001	1.23986	1.02093	2
13	34950001	0.994044	1.02093	2
13	35000001	1.04552	1.02093	2
13	35050001	1.07594	1.02093	2
13	35100001	1.30221	1.02093	2
13	35150001	1.01962	1.02093	2
13	35200001	0.943977	1.02093	2
13	35250001	0.933864	1.02093	2
13	35300001	0.888684	1.02093	2
13	35350001	1.01292	1.02093	2
13	35400001	0.93501	1.02093	2
13	35450001	0.991166	1.02093	2
13	35500001	0.999921	1.02093	2
13	35550001	1.3492	1.02093	2
13	35600001	1.0947	1.02093	2
13	35650001	0.95343	1.02093	2
13	35700001	1.44182	1.02093	2
13	35750001	0.95367	1.02093	2
13	35800001	1.15324	1.02093	2
13	35850001	0.813887	1.02093	2
13	35900001	1.14728	1.02093	2
13	35950001	1.09322	1.02093	2
13	36000001	1.04769	1.02093	2
13	36050001	1.04657	1.02093	2
13	36100001	1.43452	1.02093	2
13	36150001	1.22729	1.02093	2
13	36200001	0.8625	1.02093	2
13	36250001	0.65595	1.02093	2
13	36300001	1.31628	1.02093	2
13	36350001	0.914584	1.02093	2
13	36400001	1.19775	1.02093	2
13	36450001	1.03513	1.02093	2
13	36500001	1.05819	1.02093	2
13	36550001	0.989136	1.02093	2
13	36600001	1.09296	1.02093	2
13	36650001	0.862004	1.02093	2
13	36700001	0.860448	1.02093	2
13	36750001	0.88398	1.02093	2
13	36800001	0.913046	1.02093	2
13	36850001	1.25675	1.02093	2
13	36900001	0.513221	1.02093	2
13	36950001	1.05221	1.02093	2
13	37000001	0.818444	1.02093	2
13	37050001	0.940403	1.02093	2
13	37100001	0.981376	1.02093	2
13	37150001	1.03473	1.02093	2
13	37200001	1.0881	1.02093	2
13	37250001	1.41649	1.02093	2
13	37300001	1.05184	1.02093	2
13	37350001	0.890038	1.02093	2
13	37400001	1.16589	1.02093	2
13	37450001	0.617351	1.02093	2
13	37500001	0.909091	1.02093	2
13	37550001	1.04947	1.02093	2
13	37600001	1.05161	1.02093	2
13	37650001	0.737962	1.02093	2
13	37700001	1.04952	1.02093	2
13	37750001	1.1449	1.02093	2
13	37800001	1.11117	1.02093	2
13	37850001	0.853645	1.02093	2
13	37900001	1.06558	1.02093	2
13	37950001	1.02945	1.02093	2
13	38000001	0.678383	1.02093	2
13	38050001	0.688309	1.02093	2
13	38100001	0.86292	1.02093	2
13	38150001	1.1653	1.02093	2
13	38200001	1.07068	1.02093	2
13	38250001	0.967149	1.02093	2
13	38300001	1.07036	1.02093	2
13	38350001	1.02384	1.02093	2
13	38400001	1.11751	1.02093	2
13	38450001	1.11626	1.02093	2
13	38500001	1.16277	1.02093	2
13	38550001	0.744231	1.02093	2
13	38600001	0.802687	1.02093	2
13	38650001	0.90697	1.02093	2
13	38700001	0.662839	1.02093	2
13	38750001	0.97673	1.02093	2
13	38800001	1.00197	1.02093	2
13	38850001	0.884858	1.02093	2
13	38900001	1.02386	1.02093	2
13	38950001	0.955193	1.02093	2
13	39000001	1.00097	1.02093	2
13	39050001	1.12087	1.02093	2
13	39100001	1.08612	1.02093	2
13	39150001	1.20415	1.02093	2
13	39200001	0.955435	1.02093	2
13	39250001	0.686409	1.02093	2
13	39300001	1.43372	1.02093	2
13	39350001	0.988285	1.02093	2
13	39400001	0.803704	1.02093	2
13	39450001	0.90905	1.02093	2
13	39500001	0.702305	1.02093	2
13	39550001	1.09219	1.02093	2
13	39600001	1.17082	1.02093	2
13	39650001	1.17057	1.02093	2
13	39700001	1.24151	1.02093	2
13	39750001	0.891887	1.02093	2
13	39800001	1.08184	1.02093	2
13	39850001	0.923589	1.02093	2
13	39900001	1.18516	1.02093	2
13	39950001	1.3579	1.02093	2
13	40000001	1.0101	1.02093	2
13	40050001	1.20543	1.02093	2
13	40100001	1.16237	1.02093	2
13	40150001	1.08027	1.02093	2
13	40200001	0.968328	1.02093	2
13	40250001	1.38822	1.02093	2
13	40300001	1.46573	1.02093	2
13	40350001	1.03666	1.02093	2
13	40400001	0.909128	1.02093	2
13	40450001	0.885576	1.02093	2
13	40500001	0.852953	1.02093	2
13	40550001	0.980167	1.02093	2
13	40600001	1.07345	1.02093	2
13	40650001	1.0964	1.02093	2
13	40700001	1.07434	1.02093	2
13	40750001	0.997428	1.02093	2
13	40800001	1.15433	1.02093	2
13	40850001	0.85329	1.02093	2
13	40900001	0.963343	1.02093	2
13	40950001	1.31553	1.02093	2
13	41000001	0.984182	1.02093	2
13	41050001	1.11806	1.02093	2
13	41100001	0.906962	1.02093	2
13	41150001	1.1967	1.02093	2
13	41200001	0.794425	1.02093	2
13	41250001	0.937208	1.02093	2
13	41300001	0.978782	1.02093	2
13	41350001	1.39522	1.02093	2
13	41400001	1.32554	1.02093	2
13	41450001	1.0756	1.02093	2
13	41500001	1.0329	1.02093	2
13	41550001	1.11643	1.02093	2
13	41600001	1.32546	1.02093	2
13	41650001	0.909223	1.02093	2
13	41700001	1.26768	1.02093	2
13	41750001	1.01627	1.02093	2
13	41800001	0.596082	1.02093	2
13	41850001	0.954786	1.02093	2
13	41900001	1.19837	1.02093	2
13	41950001	0.819473	1.02093	2
13	42000001	1.01079	1.02093	2
13	42050001	1.27752	1.02093	2
13	42100001	0.982082	1.02093	2
13	42150001	1.08147	1.02093	2
13	42200001	1.13175	1.02093	2
13	42250001	0.826335	1.02093	2
13	42300001	1.34285	1.02093	2
13	42350001	1.38387	1.02093	2
13	42400001	1.04235	1.02093	2
13	42450001	0.965433	1.02093	2
13	42500001	1.19893	1.02093	2
13	42550001	1.49987	1.02093	2
13	42600001	0.901831	1.02093	2
13	42650001	1.52295	1.02093	2
13	42700001	1.04118	1.02093	2
13	42750001	1.19274	1.02093	2
13	42800001	0.989069	1.02093	2
13	42850001	1.28038	1.02093	2
13	42900001	0.907248	1.02093	2
13	42950001	0.791246	1.02093	2
13	43000001	0.848758	1.02093	2
13	43050001	0.976963	1.02093	2
13	43100001	1.07044	1.02093	2
13	43150001	1.06981	1.02093	2
13	43200001	1.30321	1.02093	2
13	43250001	0.864605	1.02093	2
13	43300001	1.22769	1.02093	2
13	43350001	1.04655	1.02093	2
13	43400001	0.808759	1.02093	2
13	43450001	1.27605	1.02093	2
13	43500001	1.07115	1.02093	2
13	43550001	1.04775	1.02093	2
13	43600001	1.12138	1.02093	2
13	43650001	0.923092	1.02093	2
13	43700001	1.32646	1.02093	2
13	43750001	1.01525	1.02093	2
13	43800001	0.763005	1.02093	2
13	43850001	1.16194	1.02093	2
13	43900001	1.02537	1.02093	2
13	43950001	1.02388	1.02093	2
13	44000001	1.32545	1.02093	2
13	44050001	0.941424	1.02093	2
13	44100001	1.019	1.02093	2
13	44150001	1.14502	1.02093	2
13	44200001	1.02753	1.02093	2
13	44250001	0.920233	1.02093	2
13	44300001	1.20735	1.02093	2
13	44350001	1.15704	1.02093	2
13	44400001	1.34913	1.02093	2
13	44450001	0.711115	1.02093	2
13	44500001	1.19396	1.02093	2
13	44550001	1.25222	1.02093	2
13	44600001	0.745862	1.02093	2
13	44650001	1.05849	1.02093	2
13	44700001	1.26873	1.02093	2
13	44750001	1.05085	1.02093	2
13	44800001	1.05632	1.02093	2
13	44850001	1.3285	1.02093	2
13	44900001	1.38922	1.02093	2
13	44950001	1.10497	1.02093	2
13	45000001	1.08647	1.02093	2
13	45050001	0.837419	1.02093	2
13	45100001	1.19833	1.02093	2
13	45150001	0.878132	1.02093	2
13	45200001	1.20744	1.02093	2
13	45250001	0.849886	1.02093	2
13	45300001	0.954243	1.02093	2
13	45350001	0.886334	1.02093	2
13	45400001	0.90771	1.02093	2
13	45450001	1.17755	1.02093	2
13	45500001	1.21601	1.02093	2
13	45550001	1.13259	1.02093	2
13	45600001	0.982441	1.02093	2
13	45650001	1.11924	1.02093	2
13	45700001	1.05419	1.02093	2
13	45750001	1.34225	1.02093	2
13	45800001	0.78897	1.02093	2
13	45850001	0.94606	1.02093	2
13	45900001	1.03563	1.02093	2
13	45950001	0.802988	1.02093	2
13	46000001	1.13793	1.02093	2
13	46050001	0.806574	1.02093	2
13	46100001	0.689283	1.02093	2
13	46150001	0.755818	1.02093	2
13	46200001	1.08303	1.02093	2
13	46250001	0.966854	1.02093	2
13	46300001	0.895573	1.02093	2
13	46350001	1.04743	1.02093	2
13	46400001	0.837978	1.02093	2
13	46450001	0.685981	1.02093	2
13	46500001	1.07551	1.02093	2
13	46550001	1.29096	1.02093	2
13	46600001	1.03493	1.02093	2
13	46650001	1.04649	1.02093	2
13	46700001	1.17452	1.02093	2
13	46750001	0.965774	1.02093	2
13	46800001	0.738583	1.02093	2
13	46850001	1.02319	1.02093	2
13	46900001	0.558122	1.02093	2
13	46950001	0.89542	1.02093	2
13	47000001	0.875128	1.02093	2
13	47050001	1.13944	1.02093	2
13	47100001	1.46526	1.02093	2
13	47150001	0.986616	1.02093	2
13	47200001	1.09534	1.02093	2
13	47250001	1.0286	1.02093	2
13	47300001	1.08056	1.02093	2
13	47350001	1.16183	1.02093	2
13	47400001	1.15106	1.02093	2
13	47450001	1.2146	1.02093	2
13	47500001	0.869722	1.02093	2
13	47550001	1.03078	1.02093	2
13	47600001	1.37849	1.02093	2
13	47650001	1.04043	1.02093	2
13	47700001	0.999976	1.02093	2
13	47750001	0.984446	1.02093	2
13	47800001	0.88704	1.02093	2
13	47850001	1.15281	1.02093	2
13	47900001	1.39614	1.02093	2
13	47950001	1.5727	1.02093	2
13	48000001	1.27559	1.02093	2
13	48050001	1.1376	1.02093	2
13	48100001	1.03406	1.02093	2
13	48150001	0.953399	1.02093	2
13	48200001	1.03592	1.02093	2
13	48250001	0.702755	1.02093	2
13	48300001	0.913698	1.02093	2
13	48350001	1.05202	1.02093	2
13	48400001	1.22277	1.02093	2
13	48450001	1.11253	1.02093	2
13	48500001	0.837542	1.02093	2
13	48550001	1.10542	1.02093	2
13	48600001	1.29068	1.02093	2
13	48650001	1.13481	1.02093	2
13	48700001	1.14215	1.02093	2
13	48750001	1.05248	1.02093	2
13	48800001	0.930159	1.02093	2
13	48850001	1.03515	1.02093	2
13	48900001	1.68708	1.02093	2
13	48950001	0.726451	1.02093	2
13	49000001	1.25145	1.02093	2
13	49050001	1.23304	1.02093	2
13	49100001	1.38204	1.02093	2
13	49150001	0.983401	1.02093	2
13	49200001	0.790791	1.02093	2
13	49250001	1.07666	1.02093	2
13	49300001	1.09829	1.02093	2
13	49350001	0.870312	1.02093	2
13	49400001	1.0348	1.02093	2
13	49450001	1.17948	1.02093	2
13	49500001	0.988191	1.02093	2
13	49550001	1.16946	1.02093	2
13	49600001	1.31198	1.02093	2
13	49650001	1.24834	1.02093	2
13	49700001	1.10022	1.02093	2
13	49750001	0.511605	1.02093	2
13	49800001	0.889277	1.02093	2
13	49850001	0.611971	1.02093	2
13	49900001	1.13961	1.02093	2
13	49950001	0.930703	1.02093	2
13	50000001	1.02353	1.02093	2
13	50050001	1.16819	1.02093	2
13	50100001	1.07663	1.02093	2
13	50150001	1.23994	1.02093	2
13	50200001	0.607606	1.02093	2
13	50250001	0.977885	1.02093	2
13	50300001	1.10603	1.02093	2
13	50350001	1.17492	1.02093	2
13	50400001	0.953397	1.02093	2
13	50450001	0.763151	1.02093	2
13	50500001	1.0641	1.02093	2
13	50550001	0.848684	1.02093	2
13	50600001	1.20024	1.02093	2
13	50650001	1.08277	1.02093	2
13	50700001	0.889205	1.02093	2
13	50750001	1.10033	1.02093	2
13	50800001	0.862547	1.02093	2
13	50850001	0.799698	1.02093	2
13	50900001	1.20973	1.02093	2
13	50950001	1.02808	1.02093	2
13	51000001	0.816308	1.02093	2
13	51050001	0.914009	1.02093	2
13	51100001	1.35063	1.02093	2
13	51150001	0.918542	1.02093	2
13	51200001	0.752542	1.02093	2
13	51250001	0.939121	1.02093	2
13	51300001	0.843498	1.02093	2
13	51350001	1.05618	1.02093	2
13	51400001	0.921075	1.02093	2
13	51450001	1.0597	1.02093	2
13	51500001	1.34846	1.02093	2
13	51550001	1.14888	1.02093	2
13	51600001	0.923953	1.02093	2
13	51650001	0.746206	1.02093	2
13	51700001	0.931836	1.02093	2
13	51750001	0.979127	1.02093	2
13	51800001	0.939011	1.02093	2
13	51850001	1.04421	1.02093	2
13	51900001	0.956647	1.02093	2
13	51950001	1.4328	1.02093	2
13	52000001	0.954372	1.02093	2
13	52050001	1.07017	1.02093	2
13	52100001	0.97665	1.02093	2
13	52150001	1.11843	1.02093	2
13	52200001	0.782151	1.02093	2
13	52250001	0.942703	1.02093	2
13	52300001	0.738937	1.02093	2
13	52350001	0.759921	1.02093	2
13	52400001	1.37139	1.02093	2
13	52450001	1.09605	1.02093	2
13	52500001	0.745232	1.02093	2
13	52550001	0.861362	1.02093	2
13	52600001	0.796069	1.02093	2
13	52650001	0.850194	1.02093	2
13	52700001	0.833307	1.02093	2
13	52750001	1.3298	1.02093	2
13	52800001	1.04641	1.02093	2
13	52850001	0.83713	1.02093	2
13	52900001	1.08673	1.02093	2
13	52950001	1.09655	1.02093	2
13	53000001	0.854011	1.02093	2
13	53050001	0.876078	1.02093	2
13	53100001	1.41349	1.02093	2
13	53150001	1.09162	1.02093	2
13	53200001	1.06176	1.02093	2
13	53250001	0.891023	1.02093	2
13	53300001	0.822624	1.02093	2
13	53350001	0.615804	1.02093	2
13	53400001	0.913235	1.02093	2
13	53450001	1.21897	1.02093	2
13	53500001	0.914587	1.02093	2
13	53550001	1.06277	1.02093	2
13	53600001	1.06125	1.02093	2
13	53650001	0.889757	1.02093	2
13	53700001	0.664716	1.02093	2
13	53750001	1.06987	1.02093	2
13	53800001	1.199	1.02093	2
13	53850001	0.921738	1.02093	2
13	53900001	1.11516	1.02093	2
13	53950001	0.918592	1.02093	2
13	54000001	0.863338	1.02093	2
13	54050001	0.930443	1.02093	2
13	54100001	1.03881	1.02093	2
13	54150001	1.17577	1.02093	2
13	54200001	0.612444	1.02093	2
13	54250001	1.15429	1.02093	2
13	54300001	1.0109	1.02093	2
13	54350001	0.95711	1.02093	2
13	54400001	0.910183	1.02093	2
13	54450001	1.16905	1.02093	2
13	54500001	0.690064	1.02093	2
13	54550001	1.08164	1.02093	2
13	54600001	1.01826	1.02093	2
13	54650001	1.11519	1.02093	2
13	54700001	1.22045	1.02093	2
13	54750001	1.02079	1.02093	2
13	54800001	0.935412	1.02093	2
13	54850001	0.86839	1.02093	2
13	54900001	0.961588	1.02093	2
13	54950001	0.933592	1.02093	2
13	55000001	0.978008	1.02093	2
13	55050001	1.32945	1.02093	2
13	55100001	0.75907	1.02093	2
13	55150001	1.07462	1.02093	2
13	55200001	0.961383	1.02093	2
13	55250001	1.13089	1.02093	2
13	55300001	1.06261	1.02093	2
13	55350001	0.906137	1.02093	2
13	55400001	0.709062	1.02093	2
13	55450001	1.12535	1.02093	2
13	55500001	1.34908	1.02093	2
13	55550001	1.12346	1.02093	2
13	55600001	1.28714	1.02093	2
13	55650001	1.09024	1.02093	2
13	55700001	0.881635	1.02093	2
13	55750001	1.22184	1.02093	2
13	55800001	0.76763	1.02093	2
13	55850001	1.19933	1.02093	2
13	55900001	0.918796	1.02093	2
13	55950001	1.02093	1.02093	2
13	56000001	1.18109	1.02093	2
13	56050001	0.908704	1.02093	2
13	56100001	0.940224	1.02093	2
13	56150001	0.785513	1.02093	2
13	56200001	1.38331	1.02093	2
13	56250001	1.1406	1.02093	2
13	56300001	1.04586	1.02093	2
13	56350001	1.39447	1.02093	2
13	56400001	1.15571	1.02093	2
13	56450001	0.759567	1.02093	2
13	56500001	1.06432	1.02093	2
13	56550001	1.17677	1.02093	2
13	56600001	1.11081	1.02093	2
13	56650001	0.859873	1.02093	2
13	56700001	1.201	1.02093	2
13	56750001	0.801991	1.02093	2
13	56800001	0.865633	1.02093	2
13	56850001	1.09372	1.02093	2
13	56900001	1.25259	1.02093	2
13	56950001	0.946177	1.02093	2
13	57000001	0.82338	1.02093	2
13	57050001	1.02233	1.02093	2
13	57100001	1.0101	1.02093	2
13	57150001	0.969301	1.02093	2
13	57200001	0.994286	1.02093	2
13	57250001	1.19019	1.02093	2
13	57300001	1.20338	1.02093	2
13	57350001	1.3991	1.02093	2
13	57400001	0.980291	1.02093	2
13	57450001	0.837942	1.02093	2
13	57500001	0.757681	1.02093	2
13	57550001	0.850248	1.02093	2
13	57600001	1.12822	1.02093	2
13	57650001	1.05985	1.02093	2
13	57700001	0.858168	1.02093	2
13	57750001	0.772586	1.02093	2
13	57800001	0.995297	1.02093	2
13	57850001	0.983307	1.02093	2
13	57900001	1.046	1.02093	2
13	57950001	0.94382	1.02093	2
13	58000001	1.34245	1.02093	2
13	58050001	1.24807	1.02093	2
13	58100001	1.48965	1.02093	2
13	58150001	0.977625	1.02093	2
13	58200001	0.756075	1.02093	2
13	58250001	1.36235	1.02093	2
13	58300001	1.09411	1.02093	2
13	58350001	1.08396	1.02093	2
13	58400001	1.02836	1.02093	2
13	58450001	1.09595	1.02093	2
13	58500001	0.977872	1.02093	2
13	58550001	1.32785	1.02093	2
13	58600001	0.978526	1.02093	2
13	58650001	1.40742	1.02093	2
13	58700001	0.790698	1.02093	2
13	58750001	1.11759	1.02093	2
13	58800001	1.0711	1.02093	2
13	58850001	1.11703	1.02093	2
13	58900001	0.722669	1.02093	2
13	58950001	0.782922	1.02093	2
13	59000001	1.02322	1.02093	2
13	59050001	0.884967	1.02093	2
13	59100001	1.05386	1.02093	2
13	59150001	1.33045	1.02093	2
13	59200001	0.770085	1.02093	2
13	59250001	1.03238	1.02093	2
13	59300001	0.833643	1.02093	2
13	59350001	0.780194	1.02093	2
13	59400001	0.865403	1.02093	2
13	59450001	1.05878	1.02093	2
13	59500001	1.17841	1.02093	2
13	59550001	1.06492	1.02093	2
13	59600001	0.930546	1.02093	2
13	59650001	0.988486	1.02093	2
13	59700001	0.931956	1.02093	2
13	59750001	0.666359	1.02093	2
13	59800001	0.825548	1.02093	2
13	59850001	0.895276	1.02093	2
13	59900001	1.06013	1.02093	2
13	59950001	1.29082	1.02093	2
13	60000001	1.21681	1.02093	2
13	60050001	0.942056	1.02093	2
13	60100001	1.11788	1.02093	2
13	60150001	1.27895	1.02093	2
13	60200001	0.79082	1.02093	2
13	60250001	1.31565	1.02093	2
13	60300001	0.662759	1.02093	2
13	60350001	0.909204	1.02093	2
13	60400001	0.774744	1.02093	2
13	60450001	1.28026	1.02093	2
13	60500001	0.892751	1.02093	2
13	60550001	0.953406	1.02093	2
13	60600001	1.08564	1.02093	2
13	60650001	0.861345	1.02093	2
13	60700001	0.937978	1.02093	2
13	60750001	1.07343	1.02093	2
13	60800001	1.28444	1.02093	2
13	60850001	0.633995	1.02093	2
13	60900001	0.698936	1.02093	2
13	60950001	0.962561	1.02093	2
13	61000001	1.06095	1.02093	2
13	61050001	0.759785	1.02093	2
13	61100001	1.00732	1.02093	2
13	61150001	0.956663	1.02093	2
13	61200001	0.759459	1.02093	2
13	61250001	1.31443	1.02093	2
13	61300001	1.02192	1.02093	2
13	61350001	0.821028	1.02093	2
13	61400001	0.986968	1.02093	2
13	61450001	1.30479	1.02093	2
13	61500001	0.758458	1.02093	2
13	61550001	1.11267	1.02093	2
13	61600001	0.977175	1.02093	2
13	61650001	0.997775	1.02093	2
13	61700001	0.97709	1.02093	2
13	61750001	0.832145	1.02093	2
13	61800001	0.843979	1.02093	2
13	61850001	1.24131	1.02093	2
13	61900001	1.0008	1.02093	2
13	61950001	1.00102	1.02093	2
13	62000001	1.25082	1.02093	2
13	62050001	1.10926	1.02093	2
13	62100001	0.952758	1.02093	2
13	62150001	0.79441	1.02093	2
13	62200001	0.993445	1.02093	2
13	62250001	0.794451	1.02093	2
13	62300001	1.31631	1.02093	2
13	62350001	1.24009	1.02093	2
13	62400001	1.27604	1.02093	2
13	62450001	1.21501	1.02093	2
13	62500001	0.89671	1.02093	2
13	62550001	0.884409	1.02093	2
13	62600001	0.959763	1.02093	2
13	62650001	0.845326	1.02093	2
13	62700001	0.891863	1.02093	2
13	62750001	0.936351	1.02093	2
13	62800001	1.14737	1.02093	2
13	62850001	1.23503	1.02093	2
13	62900001	0.714911	1.02093	2
13	62950001	1.05737	1.02093	2
13	63000001	0.984529	1.02093	2
13	63050001	0.960908	1.02093	2
13	63100001	0.936662	1.02093	2
13	63150001	1.09342	1.02093	2
13	63200001	1.09366	1.02093	2
13	63250001	1.0346	1.02093	2
13	63300001	0.838851	1.02093	2
13	63350001	0.824843	1.02093	2
13	63400001	1.00262	1.02093	2
13	63450001	1.40617	1.02093	2
13	63500001	0.777432	1.02093	2
13	63550001	0.875935	1.02093	2
13	63600001	1.95363	1.95363	4
13	63650001	1.10341	0.975806	2
13	63700001	0.903414	0.975806	2
13	63750001	1.28045	0.975806	2
13	63800001	0.882652	0.975806	2
13	63850001	0.79211	0.975806	2
13	63900001	0.975806	0.975806	2
13	63950001	1.08174	0.975806	2
13	64000001	1.12896	0.975806	2
13	64050001	1.21632	0.975806	2
13	64100001	0.844641	0.975806	2
13	64150001	1.30259	0.975806	2
13	64200001	0.904887	0.975806	2
13	64250001	1.08666	0.975806	2
13	64300001	0.845645	0.975806	2
13	64350001	0.903838	0.975806	2
13	64400001	0.943362	0.975806	2
13	64450001	1.00424	0.975806	2
13	64500001	0.664111	0.664111	1
13	64550001	1.03787	0.664111	1
13	64600001	0.645736	0.664111	1
13	64650001	0.654561	0.664111	1
13	64700001	0.616836	0.664111	1
13	64750001	0.800773	0.664111	1
13	64800001	0.751962	0.664111	1
13	64850001	0.568446	0.664111	1
13	64900001	0.61286	0.664111	1
13	64950001	0.774211	0.664111	1
13	65000001	0.663034	0.664111	1
13	65050001	0.920466	0.664111	1
13	65100001	0.752511	0.664111	1
13	65150001	0.532706	0.664111	1
13	65200001	0.767002	0.664111	1
13	65250001	1.19938	1.06111	2
13	65300001	1.08895	1.06111	2
13	65350001	1.06007	1.06111	2
13	65400001	0.746476	1.06111	2
13	65450001	1.04183	1.06111	2
13	65500001	1.09759	1.06111	2
13	65550001	1.33039	1.06111	2
13	65600001	1.28537	1.06111	2
13	65650001	0.699081	1.06111	2
13	65700001	0.791383	1.06111	2
13	65750001	0.798058	1.06111	2
13	65800001	0.505312	1.06111	2
13	65850001	1.16378	1.06111	2
13	65900001	0.863086	1.06111	2
13	65950001	0.996615	1.06111	2
13	66000001	1.23313	1.06111	2
13	66050001	0.923956	1.06111	2
13	66100001	0.964589	1.06111	2
13	66150001	1.2635	1.06111	2
13	66200001	1.03155	1.06111	2
13	66250001	0.90051	1.06111	2
13	66300001	0.977727	1.06111	2
13	66350001	0.945306	1.06111	2
13	66400001	0.944312	1.06111	2
13	66450001	1.04272	1.06111	2
13	66500001	0.892891	1.06111	2
13	66550001	1.03595	1.06111	2
13	66600001	1.22907	1.06111	2
13	66650001	1.2117	1.06111	2
13	66700001	0.899407	1.06111	2
13	66750001	0.751401	1.06111	2
13	66800001	1.12566	1.06111	2
13	66850001	0.782193	1.06111	2
13	66900001	0.988555	1.06111	2
13	66950001	0.945898	1.06111	2
13	67000001	1.26683	1.06111	2
13	67050001	1.09857	1.06111	2
13	67100001	1.29861	1.06111	2
13	67150001	1.07945	1.06111	2
13	67200001	1.10022	1.06111	2
13	67250001	1.14246	1.06111	2
13	67300001	0.670951	1.06111	2
13	67350001	1.3139	1.06111	2
13	67400001	0.504541	1.06111	2
13	67450001	1.09847	1.06111	2
13	67500001	1.35201	1.06111	2
13	67550001	0.878275	1.06111	2
13	67600001	1.13903	1.06111	2
13	67650001	0.761253	1.06111	2
13	67700001	1.06015	1.06111	2
13	67750001	1.17753	1.06111	2
13	67800001	1.03107	1.06111	2
13	67850001	1.3154	1.06111	2
13	67900001	0.936323	1.06111	2
13	67950001	0.837932	1.06111	2
13	68000001	1.10552	1.06111	2
13	68050001	1.06717	1.06111	2
13	68100001	1.33029	1.06111	2
13	68150001	0.843963	1.06111	2
13	68200001	0.92783	1.06111	2
13	68250001	1.50889	1.06111	2
13	68300001	1.18143	1.06111	2
13	68350001	0.806909	1.06111	2
13	68400001	0.944315	1.06111	2
13	68450001	1.15036	1.06111	2
13	68500001	1.34292	1.06111	2
13	68550001	0.974669	1.06111	2
13	68600001	1.0638	1.06111	2
13	68650001	0.967404	1.06111	2
13	68700001	1.21297	1.06111	2
13	68750001	1.04869	1.06111	2
13	68800001	1.0919	1.06111	2
13	68850001	0.986132	1.06111	2
13	68900001	1.17737	1.06111	2
13	68950001	0.933839	1.06111	2
13	69000001	0.873549	1.06111	2
13	69050001	1.18992	1.06111	2
13	69100001	0.925426	1.06111	2
13	69150001	0.998896	1.06111	2
13	69200001	0.877366	1.06111	2
13	69250001	1.24003	1.06111	2
13	69300001	0.624119	1.06111	2
13	69350001	1.05594	1.06111	2
13	69400001	1.02898	1.06111	2
13	69450001	0.689624	1.06111	2
13	69500001	1.22924	1.06111	2
13	69550001	1.05481	1.06111	2
13	69600001	0.730433	1.06111	2
13	69650001	1.16815	1.06111	2
13	69700001	1.30967	1.06111	2
13	69750001	1.07459	1.06111	2
13	69800001	0.996147	1.06111	2
13	69850001	1.05416	1.06111	2
13	69900001	1.3997	1.06111	2
13	69950001	0.764509	1.06111	2
13	70000001	0.876287	1.06111	2
13	70050001	0.900078	1.06111	2
13	70100001	1.18773	1.06111	2
13	70150001	0.955574	1.06111	2
13	70200001	1.26713	1.06111	2
13	70250001	0.831916	1.06111	2
13	70300001	1.15084	1.06111	2
13	70350001	1.2141	1.06111	2
13	70400001	1.08582	1.06111	2
13	70450001	0.93416	1.06111	2
13	70500001	1.07293	1.06111	2
13	70550001	1.33424	1.06111	2
13	70600001	0.957337	1.06111	2
13	70650001	1.05341	1.06111	2
13	70700001	1.06223	1.06111	2
13	70750001	1.22937	1.06111	2
13	70800001	1.08729	1.06111	2
13	70850001	1.08229	1.06111	2
13	70900001	1.20917	1.06111	2
13	70950001	1.02693	1.06111	2
13	71000001	1.09715	1.06111	2
13	71050001	1.0496	1.06111	2
13	71100001	0.920497	1.06111	2
13	71150001	1.32728	1.06111	2
13	71200001	0.920529	1.06111	2
13	71250001	1.13136	1.06111	2
13	71300001	0.887536	1.06111	2
13	71350001	1.12316	1.06111	2
13	71400001	1.10368	1.06111	2
13	71450001	0.953876	1.06111	2
13	71500001	1.00342	1.06111	2
13	71550001	1.41176	1.06111	2
13	71600001	1.07439	1.06111	2
13	71650001	1.094	1.06111	2
13	71700001	1.35297	1.06111	2
13	71750001	1.07957	1.06111	2
13	71800001	0.817095	1.06111	2
13	71850001	1.12497	1.06111	2
13	71900001	1.04732	1.06111	2
13	71950001	1.19995	1.06111	2
13	72000001	0.88379	1.06111	2
13	72050001	0.965333	1.06111	2
13	72100001	1.01236	1.06111	2
13	72150001	0.838303	1.06111	2
13	72200001	1.0277	1.06111	2
13	72250001	0.978074	1.06111	2
13	72300001	1.16695	1.06111	2
13	72350001	0.890554	1.06111	2
13	72400001	1.08212	1.06111	2
13	72450001	1.1777	1.06111	2
13	72500001	1.14895	1.06111	2
13	72550001	1.07178	1.06111	2
13	72600001	1.27624	1.06111	2
13	72650001	0.981462	1.06111	2
13	72700001	1.33103	1.06111	2
13	72750001	1.035	1.06111	2
13	72800001	1.04641	1.06111	2
13	72850001	0.965761	1.06111	2
13	72900001	0.956799	1.06111	2
13	72950001	1.27921	1.06111	2
13	73000001	1.25835	1.06111	2
13	73050001	1.20952	1.06111	2
13	73100001	0.928642	1.06111	2
13	73150001	0.883639	1.06111	2
13	73200001	1.2213	1.06111	2
13	73250001	1.06977	1.06111	2
13	73300001	0.806367	1.06111	2
13	73350001	0.89611	1.06111	2
13	73400001	1.23352	1.06111	2
13	73450001	0.95491	1.06111	2
13	73500001	0.930329	1.06111	2
13	73550001	1.15513	1.06111	2
13	73600001	0.760105	1.06111	2
13	73650001	0.930591	1.06111	2
13	73700001	1.39534	1.06111	2
13	73750001	1.41875	1.06111	2
13	73800001	0.907998	1.06111	2
13	73850001	1.27939	1.06111	2
13	73900001	1.14168	1.06111	2
13	73950001	1.14059	1.06111	2
13	74000001	1.12904	1.06111	2
13	74050001	0.942912	1.06111	2
13	74100001	1.2238	1.06111	2
13	74150001	1.05816	1.06111	2
13	74200001	1.10668	1.06111	2
13	74250001	1.28035	1.06111	2
13	74300001	1.31568	1.06111	2
13	74350001	1.00432	1.06111	2
13	74400001	1.23642	1.06111	2
13	74450001	1.04653	1.06111	2
13	74500001	1.037	1.06111	2
13	74550001	1.15469	1.06111	2
13	74600001	1.13966	1.06111	2
13	74650001	1.19015	1.06111	2
13	74700001	1.07474	1.06111	2
13	74750001	1.09543	1.06111	2
13	74800001	0.8837	1.06111	2
13	74850001	1.0581	1.06111	2
13	74900001	0.965024	1.06111	2
13	74950001	0.918393	1.06111	2
13	75000001	1.09353	1.06111	2
13	75050001	1.35813	1.06111	2
13	75100001	1.19097	1.06111	2
13	75150001	0.883984	1.06111	2
13	75200001	0.976657	1.06111	2
13	75250001	1.09331	1.06111	2
13	75300001	1.02324	1.06111	2
13	75350001	1.34911	1.06111	2
13	75400001	1.14095	1.06111	2
13	75450001	0.667045	1.06111	2
13	75500001	1.48019	1.06111	2
13	75550001	1.0768	1.06111	2
13	75600001	1.25904	1.06111	2
13	75650001	1.39643	1.06111	2
13	75700001	1.05981	1.06111	2
13	75750001	1.24047	1.06111	2
13	75800001	0.886363	1.06111	2
13	75850001	1.06207	1.06111	2
13	75900001	0.934974	1.06111	2
13	75950001	1.26972	1.06111	2
13	76000001	1.29363	1.06111	2
13	76050001	1.22089	1.06111	2
13	76100001	1.13943	1.06111	2
13	76150001	1.21213	1.06111	2
13	76200001	1.04901	1.06111	2
13	76250001	0.992743	1.06111	2
13	76300001	1.34893	1.06111	2
13	76350001	1.21157	1.06111	2
13	76400001	0.922831	1.06111	2
13	76450001	1.40302	1.06111	2
13	76500001	1.11617	1.06111	2
13	76550001	0.94721	1.06111	2
13	76600001	1.2422	1.06111	2
13	76650001	0.959673	1.06111	2
13	76700001	1.25295	1.06111	2
13	76750001	0.860387	1.06111	2
13	76800001	1.09395	1.06111	2
13	76850001	1.28033	1.06111	2
13	76900001	0.907002	1.06111	2
13	76950001	0.883869	1.06111	2
13	77000001	0.815219	1.06111	2
13	77050001	1.05821	1.06111	2
13	77100001	1.13955	1.06111	2
13	77150001	1.12894	1.06111	2
13	77200001	0.989342	1.06111	2
13	77250001	0.976674	1.06111	2
13	77300001	0.944031	1.06111	2
13	77350001	1.17525	1.06111	2
13	77400001	1.11619	1.06111	2
13	77450001	1.00222	1.06111	2
13	77500001	0.953622	1.06111	2
13	77550001	1.24838	1.06111	2
13	77600001	0.688724	1.06111	2
13	77650001	1.24386	1.06111	2
13	77700001	1.31898	1.06111	2
13	77750001	1.27682	1.06111	2
13	77800001	1.02678	1.06111	2
13	77850001	0.860403	1.06111	2
13	77900001	1.29198	1.06111	2
13	77950001	0.883778	1.06111	2
13	78000001	1.04737	1.06111	2
13	78050001	1.37047	1.06111	2
13	78100001	1.14153	1.06111	2
13	78150001	0.897109	1.06111	2
13	78200001	1.38381	1.06111	2
13	78250001	0.983113	1.06111	2
13	78300001	1.21156	1.06111	2
13	78350001	1.2346	1.06111	2
13	78400001	1.02318	1.06111	2
13	78450001	1.09425	1.06111	2
13	78500001	1.14045	1.06111	2
13	78550001	1.25581	1.06111	2
13	78600001	0.794177	1.06111	2
13	78650001	0.848806	1.06111	2
13	78700001	0.957628	1.06111	2
13	78750001	1.14315	1.06111	2
13	78800001	0.770491	1.06111	2
13	78850001	1.36338	1.06111	2
13	78900001	0.930317	1.06111	2
13	78950001	1.13012	1.06111	2
13	79000001	1.08599	1.06111	2
13	79050001	0.874527	1.06111	2
13	79100001	1.18609	1.06111	2
13	79150001	0.933537	1.06111	2
13	79200001	1.32681	1.06111	2
13	79250001	1.07252	1.06111	2
13	79300001	1.07112	1.06111	2
13	79350001	0.791235	1.06111	2
13	79400001	1.41847	1.06111	2
13	79450001	0.954328	1.06111	2
13	79500001	1.14201	1.06111	2
13	79550001	0.978807	1.06111	2
13	79600001	0.837928	1.06111	2
13	79650001	1.27352	1.06111	2
13	79700001	1.20936	1.06111	2
13	79750001	1.12163	1.06111	2
13	79800001	1.02537	1.06111	2
13	79850001	0.930145	1.06111	2
13	79900001	1.04655	1.06111	2
13	79950001	0.884124	1.06111	2
13	80000001	1.02695	1.06111	2
13	80050001	1.09978	1.06111	2
13	80100001	1.10212	1.06111	2
13	80150001	1.22106	1.06111	2
13	80200001	0.834842	1.06111	2
13	80250001	1.35472	1.06111	2
13	80300001	1.2413	1.06111	2
13	80350001	1.27408	1.06111	2
13	80400001	1.2318	1.06111	2
13	80450001	1.4423	1.06111	2
13	80500001	1.0428	1.06111	2
13	80550001	1.25662	1.06111	2
13	80600001	1.21158	1.06111	2
13	80650001	1.10982	1.06111	2
13	80700001	1.01391	1.06111	2
13	80750001	0.933436	1.06111	2
13	80800001	1.29601	1.06111	2
13	80850001	1.05874	1.06111	2
13	80900001	0.988509	1.06111	2
13	80950001	1.04105	1.06111	2
13	81000001	1.39187	1.06111	2
13	81050001	1.47278	1.06111	2
13	81100001	1.01752	1.06111	2
13	81150001	0.949848	1.06111	2
13	81200001	1.14691	1.06111	2
13	81250001	0.956209	1.06111	2
13	81300001	0.819344	1.06111	2
13	81350001	0.77817	1.06111	2
13	81400001	1.10062	1.06111	2
13	81450001	1.1661	1.06111	2
13	81500001	1.31411	1.06111	2
13	81550001	0.878883	1.06111	2
13	81600001	0.900758	1.06111	2
13	81650001	1.04562	1.06111	2
13	81700001	0.934029	1.06111	2
13	81750001	1.07683	1.06111	2
13	81800001	1.06633	1.06111	2
13	81850001	0.97544	1.06111	2
13	81900001	0.933798	1.06111	2
13	81950001	1.22477	1.06111	2
13	82000001	1.21099	1.06111	2
13	82050001	1.06292	1.06111	2
13	82100001	0.678378	1.06111	2
13	82150001	1.16318	1.06111	2
13	82200001	0.933699	1.06111	2
13	82250001	1.00443	1.06111	2
13	82300001	0.928857	1.06111	2
13	82350001	0.952956	1.06111	2
13	82400001	0.89091	1.06111	2
13	82450001	1.13466	1.06111	2
13	82500001	1.17816	1.06111	2
13	82550001	0.976513	1.06111	2
13	82600001	0.902994	1.06111	2
13	82650001	1.30458	1.06111	2
13	82700001	0.659692	1.06111	2
13	82750001	1.25497	1.06111	2
13	82800001	1.56194	1.06111	2
13	82850001	1.09071	1.06111	2
13	82900001	1.20164	1.06111	2
13	82950001	0.783224	1.06111	2
13	83000001	0.84215	1.06111	2
13	83050001	1.14543	1.06111	2
13	83100001	1.2014	1.06111	2
13	83150001	0.874955	1.06111	2
13	83200001	1.1866	1.06111	2
13	83250001	1.28928	1.06111	2
13	83300001	1.04289	1.06111	2
13	83350001	1.2339	1.06111	2
13	83400001	0.679184	1.06111	2
13	83450001	0.942893	1.06111	2
13	83500001	0.776902	1.06111	2
13	83550001	1.04864	1.06111	2
13	83600001	1.21446	1.06111	2
13	83650001	1.32299	1.06111	2
13	83700001	1.3235	1.06111	2
13	83750001	1.03958	1.06111	2
13	83800001	1.12083	1.06111	2
13	83850001	1.07579	1.06111	2
13	83900001	0.869834	1.06111	2
13	83950001	0.766753	1.06111	2
13	84000001	0.817125	1.06111	2
13	84050001	1.10552	1.06111	2
13	84100001	0.937324	1.06111	2
13	84150001	0.945915	1.06111	2
13	84200001	1.00433	1.06111	2
13	84250001	0.703858	1.06111	2
13	84300001	0.84804	1.06111	2
13	84350001	0.980438	1.06111	2
13	84400001	1.07733	1.06111	2
13	84450001	0.95372	1.06111	2
13	84500001	1.19808	1.06111	2
13	84550001	1.21479	1.06111	2
13	84600001	0.820773	1.06111	2
13	84650001	1.09449	1.06111	2
13	84700001	0.970393	1.06111	2
13	84750001	0.900403	1.06111	2
13	84800001	1.10092	1.06111	2
13	84850001	0.751063	1.06111	2
13	84900001	1.12578	1.06111	2
13	84950001	0.819978	1.06111	2
13	85000001	1.26552	1.06111	2
13	85050001	1.12494	1.06111	2
13	85100001	0.986433	1.06111	2
13	85150001	1.01874	1.06111	2
13	85200001	0.997506	1.06111	2
13	85250001	0.907946	1.06111	2
13	85300001	0.919321	1.06111	2
13	85350001	0.775584	1.06111	2
13	85400001	1.08622	1.06111	2
13	85450001	0.895967	1.06111	2
13	85500001	0.999563	1.06111	2
13	85550001	1.40211	1.06111	2
13	85600001	1.3149	1.06111	2
13	85650001	-1	1.06111	2
13	85700001	-1	1.06111	2
13	85750001	1.13866	1.06111	2
13	85800001	1.13383	1.06111	2
13	85850001	1.03189	1.06111	2
13	85900001	0.962275	1.06111	2
13	85950001	1.19108	1.06111	2
13	86000001	0.89852	1.06111	2
13	86050001	1.21039	1.06111	2
13	86100001	1.15233	1.06111	2
13	86150001	1.31671	1.06111	2
13	86200001	1.1068	1.06111	2
13	86250001	0.804386	1.06111	2
13	86300001	1.22199	1.06111	2
13	86350001	0.974386	1.06111	2
13	86400001	1.22586	1.06111	2
13	86450001	0.966481	1.06111	2
13	86500001	0.981204	1.06111	2
13	86550001	1.53292	1.06111	2
13	86600001	1.01238	1.06111	2
13	86650001	1.11313	1.06111	2
13	86700001	0.832878	1.06111	2
13	86750001	0.140666	0	0
13	86800001	0	0	0
13	86850001	0	0	0
13	86900001	0.871522	1.00632	2
13	86950001	0.954306	1.00632	2
13	87000001	0.835995	1.00632	2
13	87050001	1.30832	1.00632	2
13	87100001	0.825484	1.00632	2
13	87150001	0.92428	1.00632	2
13	87200001	0.993577	1.00632	2
13	87250001	0.831514	1.00632	2
13	87300001	0.714024	1.00632	2
13	87350001	1.23016	1.00632	2
13	87400001	1.22838	1.00632	2
13	87450001	1.1385	1.00632	2
13	87500001	1.01896	1.00632	2
13	87550001	1.23701	1.00632	2
13	87600001	0.745251	1.00632	2
13	87650001	1.29825	1.00632	2
13	87700001	1.15988	1.00632	2
13	87750001	0.917467	1.00632	2
13	87800001	1.075	1.00632	2
13	87850001	0.892475	1.00632	2
13	87900001	1.39303	1.00632	2
13	87950001	0.838618	1.00632	2
13	88000001	1.06197	1.00632	2
13	88050001	0.900953	1.00632	2
13	88100001	1.01815	1.00632	2
13	88150001	1.41246	1.00632	2
13	88200001	0.870408	1.00632	2
13	88250001	0.958863	1.00632	2
13	88300001	1.06573	1.00632	2
13	88350001	1.12593	1.00632	2
13	88400001	1.36072	1.00632	2
13	88450001	1.0209	1.00632	2
13	88500001	0.753526	1.00632	2
13	88550001	0.903032	1.00632	2
13	88600001	0.824883	1.00632	2
13	88650001	1.02595	1.00632	2
13	88700001	1.04981	1.00632	2
13	88750001	1.15771	1.00632	2
13	88800001	0.803301	1.00632	2
13	88850001	0.777507	1.00632	2
13	88900001	0.964589	1.00632	2
13	88950001	0.750221	1.00632	2
13	89000001	1.13164	1.00632	2
13	89050001	0.899626	1.00632	2
13	89100001	0.791488	1.00632	2
13	89150001	0.903452	1.00632	2
13	89200001	1.19135	1.00632	2
13	89250001	1.19405	1.00632	2
13	89300001	0.934753	1.00632	2
13	89350001	0.800062	1.00632	2
13	89400001	1.03406	1.00632	2
13	89450001	1.07625	1.00632	2
13	89500001	0.892115	1.00632	2
13	89550001	0.9783	1.00632	2
13	89600001	1.06116	1.00632	2
13	89650001	0.760135	1.00632	2
13	89700001	1.16347	1.00632	2
13	89750001	1.07782	1.00632	2
13	89800001	1.20303	1.00632	2
13	89850001	0.803539	1.00632	2
13	89900001	1.0176	1.00632	2
13	89950001	1.07977	1.00632	2
13	90000001	1.04011	1.00632	2
13	90050001	1.04726	1.00632	2
13	90100001	0.97793	1.00632	2
13	90150001	0.792394	1.00632	2
13	90200001	1.12734	1.00632	2
13	90250001	0.930719	1.00632	2
13	90300001	0.93165	1.00632	2
13	90350001	1.2039	1.00632	2
13	90400001	0.841075	1.00632	2
13	90450001	0.932258	1.00632	2
13	90500001	0.954585	1.00632	2
13	90550001	0.912298	1.00632	2
13	90600001	0.953402	1.00632	2
13	90650001	0.837597	1.00632	2
13	90700001	1.14308	1.00632	2
13	90750001	1.18677	1.00632	2
13	90800001	1.0707	1.00632	2
13	90850001	1.04703	1.00632	2
13	90900001	0.793819	1.00632	2
13	90950001	0.91223	1.00632	2
13	91000001	0.489644	1.00632	2
13	91050001	0.8974	1.00632	2
13	91100001	1.06473	1.00632	2
13	91150001	1.16639	1.00632	2
13	91200001	1.09556	1.00632	2
13	91250001	1.01343	1.00632	2
13	91300001	1.19748	1.00632	2
13	91350001	0.799132	1.00632	2
13	91400001	0.876495	1.00632	2
13	91450001	1.08078	1.00632	2
13	91500001	0.878815	1.00632	2
13	91550001	1.11676	1.00632	2
13	91600001	0.890786	1.00632	2
13	91650001	1.00632	1.00632	2
13	91700001	0.932252	1.00632	2
13	91750001	0.94294	1.00632	2
13	91800001	1.02958	1.00632	2
13	91850001	0.777221	1.00632	2
13	91900001	0.922794	1.00632	2
13	91950001	1.00076	1.00632	2
13	92000001	0.700758	1.00632	2
13	92050001	0.696083	1.00632	2
13	92100001	0.919954	1.00632	2
13	92150001	0.722069	1.00632	2
13	92200001	1.23455	1.00632	2
13	92250001	0.918976	1.00632	2
13	92300001	0.959792	1.00632	2
13	92350001	1.2852	1.00632	2
13	92400001	1.31393	1.00632	2
13	92450001	0.804984	1.00632	2
13	92500001	0.883679	1.00632	2
13	92550001	1.17044	1.00632	2
13	92600001	0.933036	1.00632	2
13	92650001	1.09292	1.00632	2
13	92700001	1.04738	1.00632	2
13	92750001	1.30664	1.00632	2
13	92800001	1.3155	1.00632	2
13	92850001	1.11952	1.00632	2
13	92900001	0.8488	1.00632	2
13	92950001	0.840162	1.00632	2
13	93000001	0.915333	1.00632	2
13	93050001	0.968626	1.00632	2
13	93100001	0.658447	1.00632	2
13	93150001	1.25374	1.00632	2
13	93200001	0.733136	1.00632	2
13	93250001	1.33179	1.00632	2
13	93300001	0.808352	1.00632	2
13	93350001	1.19816	1.00632	2
13	93400001	1.10921	1.00632	2
13	93450001	0.863907	1.00632	2
13	93500001	1.07089	1.00632	2
13	93550001	0.815189	1.00632	2
13	93600001	0.674358	1.00632	2
13	93650001	0.976705	1.00632	2
13	93700001	0.604685	1.00632	2
13	93750001	0.922568	1.00632	2
13	93800001	0.926139	1.00632	2
13	93850001	1.18754	1.00632	2
13	93900001	1.07614	1.00632	2
13	93950001	0.87985	1.00632	2
13	94000001	0.981481	1.00632	2
13	94050001	1.06981	1.00632	2
13	94100001	0.620583	1.00632	2
13	94150001	0.952739	1.00632	2
13	94200001	1.0717	1.00632	2
13	94250001	1.16466	1.00632	2
13	94300001	0.819293	1.00632	2
13	94350001	1.18681	1.00632	2
13	94400001	1.08533	1.00632	2
13	94450001	0.853895	1.00632	2
13	94500001	1.36911	1.00632	2
13	94550001	1.09121	1.00632	2
13	94600001	1.15204	1.00632	2
13	94650001	0.871707	1.00632	2
13	94700001	1.04168	1.00632	2
13	94750001	0.798358	1.00632	2
13	94800001	0.998202	1.00632	2
13	94850001	1.09055	1.00632	2
13	94900001	0.908987	1.00632	2
13	94950001	0.93254	1.00632	2
13	95000001	0.851819	1.00632	2
13	95050001	1.05023	1.00632	2
13	95100001	1.10007	1.00632	2
13	95150001	1.23528	1.00632	2
13	95200001	0.942337	1.00632	2
13	95250001	1.01221	1.00632	2
13	95300001	1.41967	1.00632	2
13	95350001	0.80235	1.00632	2
13	95400001	0.607262	1.00632	2
13	95450001	1.30223	1.00632	2
13	95500001	1.12237	1.00632	2
13	95550001	1.41855	1.00632	2
13	95600001	0.988953	1.00632	2
13	95650001	1.17477	1.00632	2
13	95700001	0.837552	1.00632	2
13	95750001	1.29066	1.00632	2
13	95800001	0.907013	1.00632	2
13	95850001	1.09302	1.00632	2
13	95900001	1.11619	1.00632	2
13	95950001	0.860743	1.00632	2
13	96000001	0.616683	1.00632	2
13	96050001	1.24934	1.00632	2
13	96100001	1.25629	1.00632	2
13	96150001	1.3381	1.00632	2
13	96200001	1.14121	1.00632	2
13	96250001	0.828093	1.00632	2
13	96300001	1.1934	1.00632	2
13	96350001	1.16757	1.00632	2
13	96400001	1.00031	1.00632	2
13	96450001	1.24419	1.00632	2
13	96500001	1.60462	1.00632	2
13	96550001	1.04108	1.00632	2
13	96600001	1.07608	1.00632	2
13	96650001	1.07572	1.00632	2
13	96700001	1.02742	1.00632	2
13	96750001	0.812437	1.00632	2
13	96800001	1.06975	1.00632	2
13	96850001	0.837417	1.00632	2
13	96900001	0.883799	1.00632	2
13	96950001	1.03444	1.00632	2
13	97000001	1.28754	1.00632	2
13	97050001	0.862089	1.00632	2
13	97100001	0.991451	1.00632	2
13	97150001	1.23621	1.00632	2
13	97200001	1.07535	1.00632	2
13	97250001	0.791675	1.00632	2
13	97300001	1.108	1.00632	2
13	97350001	0.907494	1.00632	2
13	97400001	0.881171	1.00632	2
13	97450001	1.2691	1.00632	2
13	97500001	1.16366	1.00632	2
13	97550001	1.02612	1.00632	2
13	97600001	1.15824	1.00632	2
13	97650001	0.899968	1.00632	2
13	97700001	0.930031	1.00632	2
13	97750001	0.968667	1.00632	2
13	97800001	0.997715	1.00632	2
13	97850001	1.51379	1.00632	2
13	97900001	1.17424	1.00632	2
13	97950001	1.28876	1.00632	2
13	98000001	1.06269	1.00632	2
13	98050001	0.878317	1.00632	2
13	98100001	1.2783	1.00632	2
13	98150001	1.21422	1.00632	2
13	98200001	1.11475	1.00632	2
13	98250001	0.834232	1.00632	2
13	98300001	0.719161	1.00632	2
13	98350001	1.0778	1.00632	2
13	98400001	1.2641	1.00632	2
13	98450001	0.963975	1.00632	2
13	98500001	1.0853	1.00632	2
13	98550001	0.926043	1.00632	2
13	98600001	1.13721	1.00632	2
13	98650001	1.31764	1.00632	2
13	98700001	1.04775	1.00632	2
13	98750001	0.800615	1.00632	2
13	98800001	1.09708	1.00632	2
13	98850001	1.34029	1.00632	2
13	98900001	0.714792	1.00632	2
13	98950001	1.02663	1.00632	2
13	99000001	0.763854	1.00632	2
13	99050001	1.01378	1.00632	2
13	99100001	0.825443	1.00632	2
13	99150001	0.661056	1.00632	2
13	99200001	0.94833	1.00632	2
13	99250001	0.850887	1.00632	2
13	99300001	0.939487	1.00632	2
13	99350001	0.90463	1.00632	2
13	99400001	0.954828	1.00632	2
13	99450001	1.2365	1.00632	2
13	99500001	0.886137	1.00632	2
13	99550001	1.19837	1.00632	2
13	99600001	1.08155	1.00632	2
13	99650001	1.351	1.00632	2
13	99700001	1.06989	1.00632	2
13	99750001	0.779005	1.00632	2
13	99800001	0.941807	1.00632	2
13	99850001	0.949321	1.00632	2
13	99900001	1.0276	1.00632	2
13	99950001	1.26439	1.00632	2
13	100000001	1.30827	1.00632	2
13	100050001	0.915428	1.00632	2
13	100100001	0.916267	1.00632	2
13	100150001	0.828035	1.00632	2
13	100200001	1.25577	1.00632	2
13	100250001	0.991762	1.00632	2
13	100300001	1.03072	1.00632	2
13	100350001	0.865254	0.717546	1
13	100400001	0.820303	0.717546	1
13	100450001	0.867167	0.717546	1
13	100500001	0.702328	0.717546	1
13	100550001	0.848782	0.717546	1
13	100600001	0.674619	0.717546	1
13	100650001	0.732763	0.717546	1
13	100700001	0.697768	0.717546	1
13	100750001	0.651551	0.717546	1
13	100800001	0.562407	0.717546	1
13	100850001	1.04661	0.999999	2
13	100900001	1.05811	0.999999	2
13	100950001	1.18375	0.999999	2
13	101000001	0.92219	0.999999	2
13	101050001	1.2771	0.999999	2
13	101100001	0.982072	0.999999	2
13	101150001	0.595633	0.999999	2
13	101200001	0.977436	0.999999	2
13	101250001	0.86556	0.999999	2
13	101300001	0.936245	0.999999	2
13	101350001	0.790935	0.999999	2
13	101400001	0.838112	0.999999	2
13	101450001	1.14095	0.999999	2
13	101500001	0.884568	0.999999	2
13	101550001	0.814022	0.999999	2
13	101600001	1.05816	0.999999	2
13	101650001	0.953844	0.999999	2
13	101700001	0.954446	0.999999	2
13	101750001	0.755773	0.999999	2
13	101800001	0.779443	0.999999	2
13	101850001	1.04652	0.999999	2
13	101900001	0.825864	0.999999	2
13	101950001	1.04676	0.999999	2
13	102000001	1.06072	0.999999	2
13	102050001	1.15107	0.999999	2
13	102100001	1.24439	0.999999	2
13	102150001	1.0856	0.999999	2
13	102200001	1.05706	0.999999	2
13	102250001	1.00407	0.999999	2
13	102300001	0.849109	0.999999	2
13	102350001	1.03851	0.999999	2
13	102400001	0.971009	0.999999	2
13	102450001	1.11619	0.999999	2
13	102500001	1.05918	0.999999	2
13	102550001	1.16368	0.999999	2
13	102600001	1.07266	0.999999	2
13	102650001	0.930144	0.999999	2
13	102700001	1.0699	0.999999	2
13	102750001	1.0183	0.999999	2
13	102800001	0.94183	0.999999	2
13	102850001	0.953651	0.999999	2
13	102900001	1.14132	0.999999	2
13	102950001	1.05967	0.999999	2
13	103000001	1.06883	0.999999	2
13	103050001	1.34134	0.999999	2
13	103100001	0.769929	0.999999	2
13	103150001	1.10825	0.999999	2
13	103200001	1.09774	0.999999	2
13	103250001	0.851501	0.999999	2
13	103300001	0.917704	0.999999	2
13	103350001	1.22452	0.999999	2
13	103400001	0.982307	0.999999	2
13	103450001	0.966072	0.999999	2
13	103500001	0.903905	0.999999	2
13	103550001	0.81811	0.999999	2
13	103600001	0.749374	0.999999	2
13	103650001	0.844431	0.999999	2
13	103700001	0.914331	0.999999	2
13	103750001	0.999952	0.999999	2
13	103800001	1.07205	0.999999	2
13	103850001	0.892612	0.999999	2
13	103900001	1.03273	0.999999	2
13	103950001	0.844464	0.999999	2
13	104000001	0.907634	0.999999	2
13	104050001	1.21394	0.999999	2
13	104100001	1.06164	0.999999	2
13	104150001	1.00714	0.999999	2
13	104200001	0.837679	0.999999	2
13	104250001	1.06146	0.999999	2
13	104300001	1.21962	0.999999	2
13	104350001	1.13371	0.999999	2
13	104400001	1.27668	0.999999	2
13	104450001	0.981664	0.999999	2
13	104500001	0.86773	0.999999	2
13	104550001	0.971855	0.999999	2
13	104600001	1.00739	0.999999	2
13	104650001	0.985704	0.999999	2
13	104700001	0.767544	0.999999	2
13	104750001	0.956318	0.999999	2
13	104800001	1.09811	0.999999	2
13	104850001	1.14061	0.999999	2
13	104900001	0.876986	0.999999	2
13	104950001	0.978878	0.999999	2
13	105000001	0.860833	0.999999	2
13	105050001	1.26496	0.999999	2
13	105100001	1.08079	0.999999	2
13	105150001	0.956131	0.999999	2
13	105200001	1.00436	0.999999	2
13	105250001	1.00022	0.999999	2
13	105300001	0.953576	0.999999	2
13	105350001	1.11865	0.999999	2
13	105400001	1.29604	0.999999	2
13	105450001	1.09292	0.999999	2
13	105500001	0.872593	0.999999	2
13	105550001	0.840315	0.999999	2
13	105600001	1.63968	0.999999	2
13	105650001	1.02325	0.999999	2
13	105700001	0.840585	0.999999	2
13	105750001	1.22126	0.999999	2
13	105800001	1.01673	0.999999	2
13	105850001	0.656368	0.999999	2
13	105900001	1.08015	0.999999	2
13	105950001	1.11166	0.999999	2
13	106000001	1.00854	0.999999	2
13	106050001	1.24582	0.999999	2
13	106100001	1.05093	0.999999	2
13	106150001	0.999903	0.999999	2
13	106200001	0.939035	0.999999	2
13	106250001	1.16392	0.999999	2
13	106300001	0.830457	0.999999	2
13	106350001	1.00893	0.999999	2
13	106400001	0.976677	0.999999	2
13	106450001	0.592975	0.999999	2
13	106500001	1.04788	0.999999	2
13	106550001	1.18657	0.999999	2
13	106600001	0.769603	0.999999	2
13	106650001	0.990087	0.999999	2
13	106700001	1.06988	0.999999	2
13	106750001	0.909661	0.999999	2
13	106800001	0.814221	0.999999	2
13	106850001	0.945341	0.999999	2
13	106900001	0.872961	0.999999	2
13	106950001	0.815657	0.999999	2
13	107000001	1.04961	0.999999	2
13	107050001	1.18964	0.999999	2
13	107100001	1.15116	0.999999	2
13	107150001	1.03481	0.999999	2
13	107200001	1.07041	0.999999	2
13	107250001	1.02704	0.999999	2
13	107300001	1.17185	0.999999	2
13	107350001	1.02412	0.999999	2
13	107400001	0.941307	0.999999	2
13	107450001	0.965437	0.999999	2
13	107500001	1.02617	0.999999	2
13	107550001	1.00101	0.999999	2
13	107600001	0.990421	0.999999	2
13	107650001	0.791697	0.999999	2
13	107700001	0.693846	0.999999	2
13	107750001	1.02347	0.999999	2
13	107800001	0.790974	0.999999	2
13	107850001	1.00005	0.999999	2
13	107900001	1.07045	0.999999	2
13	107950001	0.976666	0.999999	2
13	108000001	0.860406	0.999999	2
13	108050001	0.96562	0.999999	2
13	108100001	1.17449	0.999999	2
13	108150001	1.13957	0.999999	2
13	108200001	0.976975	0.999999	2
13	108250001	0.793889	0.999999	2
13	108300001	0.755741	0.999999	2
13	108350001	1.13004	0.999999	2
13	108400001	1.09321	0.999999	2
13	108450001	0.861597	0.999999	2
13	108500001	0.721981	0.999999	2
13	108550001	0.913067	0.999999	2
13	108600001	0.861968	0.999999	2
13	108650001	0.722402	0.999999	2
13	108700001	0.917594	0.999999	2
13	108750001	1.15217	0.999999	2
13	108800001	0.845069	0.999999	2
13	108850001	1.21579	0.999999	2
13	108900001	1.45412	0.999999	2
13	108950001	0.800711	0.999999	2
13	109000001	1.07022	0.999999	2
13	109050001	1.09893	0.999999	2
13	109100001	0.884396	0.999999	2
13	109150001	0.890581	0.999999	2
13	109200001	0.932381	0.999999	2
13	109250001	1.21243	0.999999	2
13	109300001	1.22362	0.999999	2
13	109350001	1.05038	0.999999	2
13	109400001	0.929638	0.999999	2
13	109450001	1.06437	0.999999	2
13	109500001	1.0811	0.999999	2
13	109550001	1.30541	0.999999	2
13	109600001	0.951804	0.999999	2
13	109650001	0.920706	0.999999	2
13	109700001	1.34726	0.999999	2
13	109750001	1.16878	0.999999	2
13	109800001	1.11599	0.999999	2
13	109850001	0.938647	0.999999	2
13	109900001	1.32844	0.999999	2
13	109950001	0.942629	0.999999	2
13	110000001	1.13366	0.999999	2
13	110050001	1.19707	0.999999	2
13	110100001	0.833407	0.999999	2
13	110150001	0.976267	0.999999	2
13	110200001	1.12431	0.999999	2
13	110250001	0.932868	0.999999	2
13	110300001	1.24401	0.999999	2
13	110350001	1.10066	0.999999	2
13	110400001	0.633822	0.999999	2
13	110450001	0.997813	0.999999	2
13	110500001	0.830219	0.999999	2
13	110550001	1.25685	0.999999	2
13	110600001	1.12945	0.999999	2
13	110650001	1.14855	0.999999	2
13	110700001	0.954482	0.999999	2
13	110750001	0.916676	0.999999	2
13	110800001	0.987205	0.999999	2
13	110850001	0.930748	0.999999	2
13	110900001	0.857187	0.999999	2
13	110950001	0.682083	0.999999	2
13	111000001	1.32306	0.999999	2
13	111050001	0.968328	0.999999	2
13	111100001	0.920926	0.999999	2
13	111150001	-1	0.999999	2
13	111200001	-1	0.999999	2
13	111250001	-1	0.999999	2
13	111300001	-1	0.999999	2
13	111350001	-1	0.999999	2
13	111400001	-1	0.999999	2
13	111450001	-1	0.999999	2
13	111500001	-1	0.999999	2
13	111550001	1.26684	0.999999	2
13	111600001	1.29861	0.999999	2
13	111650001	0.910485	0.999999	2
13	111700001	0.836094	0.999999	2
13	111750001	0.815398	0.999999	2
13	111800001	1.32236	0.999999	2
13	111850001	1.30764	0.999999	2
13	111900001	1.26965	0.999999	2
13	111950001	0.686215	0.999999	2
13	112000001	1.21138	0.999999	2
13	112050001	0.739679	0.682801	1
13	112100001	0.726539	0.682801	1
13	112150001	0.492775	0.682801	1
13	112200001	0.893744	0.682801	1
13	112250001	0.503958	0.682801	1
13	112300001	0.639063	0.682801	1
13	112350001	0.0657516	0	0
13	112400001	0	0	0
13	112450001	0	0	0
13	112500001	0.829064	0.920219	2
13	112550001	0.714475	0.920219	2
13	112600001	0.830872	0.920219	2
13	112650001	0.600146	0.920219	2
13	112700001	0.839617	0.920219	2
13	112750001	1.12242	0.920219	2
13	112800001	0.630805	0.920219	2
13	112850001	0.874669	0.920219	2
13	112900001	1.095	0.920219	2
13	112950001	0.770366	0.920219	2
13	113000001	0.934609	0.920219	2
13	113050001	1.14665	0.920219	2
13	113100001	1.0446	0.920219	2
13	113150001	1.09491	0.920219	2
13	113200001	0.917535	0.920219	2
13	113250001	1.15577	0.920219	2
13	113300001	0.920219	0.920219	2
13	113350001	-1	0.920219	2
13	113400001	-1	0.920219	2
13	113450001	-1	0.920219	2
13	113500001	0.434138	0.920219	2
13	113550001	1.45672	0.920219	2
13	113600001	0.86779	0.920219	2
13	113650001	-1	0.920219	2
13	113700001	-1	0.920219	2
13	113750001	-1	0.920219	2
13	113800001	1.12875	0.920219	2
13	113850001	0.979524	0.920219	2
13	113900001	1.00156	0.920219	2
13	113950001	0.642232	0.604623	1
13	114000001	0.380048	0.604623	1
13	114050001	0.604623	0.604623	1
13	114100001	-1	-1	1
13	114150001	-1	-1	1
13	114200001	-1	-1	1
13	114250001	-1	-1	1
13	114300001	-1	-1	1
13	114350001	-1	-1	1
13	114400001	-1	-1	1
13	114450001	-1	-1	1
13	114500001	-1	-1	1
13	114550001	-1	-1	1
13	114600001	-1	-1	1
13	114650001	-1	-1	1
13	114700001	-1	-1	1
13	114750001	-1	-1	1
13	114800001	-1	-1	1
13	114850001	-1	-1	1
13	114900001	-1	-1	1
13	114950001	-1	-1	1
13	115000001	-1	-1	1
13	115050001	-1	-1	1
13	115100001	-1	-1	1
13	115150001	-1	-1	1
