Chromosome	Start	Ratio	MedianRatio	CopyNumber
20	1	-1	-1	2
20	50001	0.662768	1.09815	2
20	100001	1.42548	1.09815	2
20	150001	1.368	1.09815	2
20	200001	1.37307	1.09815	2
20	250001	1.4197	1.09815	2
20	300001	1.32188	1.09815	2
20	350001	0.827753	1.09815	2
20	400001	0.736947	1.09815	2
20	450001	1.19555	1.09815	2
20	500001	1.4126	1.09815	2
20	550001	1.06335	1.09815	2
20	600001	1.03581	1.09815	2
20	650001	1.06409	1.09815	2
20	700001	1.07629	1.09815	2
20	750001	1.0067	1.09815	2
20	800001	1.04573	1.09815	2
20	850001	0.939611	1.09815	2
20	900001	1.43085	1.09815	2
20	950001	1.17077	1.09815	2
20	1000001	0.990388	1.09815	2
20	1050001	1.19507	1.09815	2
20	1100001	1.30649	1.09815	2
20	1150001	0.864965	1.09815	2
20	1200001	1.89197	1.09815	2
20	1250001	1.30616	1.09815	2
20	1300001	1.16913	1.09815	2
20	1350001	1.04189	1.09815	2
20	1400001	1.31009	1.09815	2
20	1450001	1.15106	1.09815	2
20	1500001	0.808131	1.09815	2
20	1550001	0.759164	1.09815	2
20	1600001	0.995662	1.09815	2
20	1650001	1.02108	1.09815	2
20	1700001	1.25629	1.09815	2
20	1750001	1.23619	1.09815	2
20	1800001	1.5842	1.09815	2
20	1850001	0.976676	1.09815	2
20	1900001	1.34974	1.09815	2
20	1950001	1.2055	1.09815	2
20	2000001	1.14141	1.09815	2
20	2050001	1.51588	1.09815	2
20	2100001	1.09954	1.09815	2
20	2150001	1.04361	1.09815	2
20	2200001	1.41107	1.09815	2
20	2250001	0.945668	1.09815	2
20	2300001	1.20316	1.09815	2
20	2350001	0.941061	1.09815	2
20	2400001	1.16975	1.09815	2
20	2450001	1.08993	1.09815	2
20	2500001	0.882418	1.09815	2
20	2550001	1.45256	1.09815	2
20	2600001	1.40322	1.09815	2
20	2650001	0.875642	1.09815	2
20	2700001	1.24236	1.09815	2
20	2750001	1.13983	1.09815	2
20	2800001	0.721479	1.09815	2
20	2850001	1.07076	1.09815	2
20	2900001	1.35074	1.09815	2
20	2950001	1.58832	1.09815	2
20	3000001	0.949826	1.09815	2
20	3050001	0.901171	1.09815	2
20	3100001	1.30648	1.09815	2
20	3150001	1.29119	1.09815	2
20	3200001	0.592854	1.09815	2
20	3250001	1.12386	1.09815	2
20	3300001	0.946458	1.09815	2
20	3350001	1.33511	1.09815	2
20	3400001	0.939264	1.09815	2
20	3450001	0.920105	1.09815	2
20	3500001	1.01494	1.09815	2
20	3550001	1.46819	1.09815	2
20	3600001	1.78351	1.09815	2
20	3650001	1.0326	1.09815	2
20	3700001	0.587032	1.09815	2
20	3750001	1.0203	1.09815	2
20	3800001	0.877046	1.09815	2
20	3850001	1.43717	1.09815	2
20	3900001	1.00234	1.09815	2
20	3950001	1.33895	1.09815	2
20	4000001	1.06741	1.09815	2
20	4050001	1.25363	1.09815	2
20	4100001	1.03231	1.09815	2
20	4150001	1.25966	1.09815	2
20	4200001	1.13121	1.09815	2
20	4250001	1.03824	1.09815	2
20	4300001	1.18291	1.09815	2
20	4350001	1.23348	1.09815	2
20	4400001	0.863353	1.09815	2
20	4450001	0.932016	1.09815	2
20	4500001	1.00338	1.09815	2
20	4550001	1.54835	1.09815	2
20	4600001	1.24624	1.09815	2
20	4650001	1.22076	1.09815	2
20	4700001	1.32388	1.09815	2
20	4750001	1.05413	1.09815	2
20	4800001	1.08621	1.09815	2
20	4850001	1.16546	1.09815	2
20	4900001	1.43315	1.09815	2
20	4950001	1.23297	1.09815	2
20	5000001	1.00856	1.09815	2
20	5050001	1.0051	1.09815	2
20	5100001	1.07078	1.09815	2
20	5150001	1.12999	1.09815	2
20	5200001	1.61659	1.09815	2
20	5250001	1.36101	1.09815	2
20	5300001	1.09924	1.09815	2
20	5350001	1.21197	1.09815	2
20	5400001	1.17824	1.09815	2
20	5450001	1.0857	1.09815	2
20	5500001	1.29522	1.09815	2
20	5550001	1.16413	1.09815	2
20	5600001	1.10709	1.09815	2
20	5650001	0.947237	1.09815	2
20	5700001	1.11901	1.09815	2
20	5750001	1.24531	1.09815	2
20	5800001	1.17298	1.09815	2
20	5850001	0.958703	1.09815	2
20	5900001	1.00619	1.09815	2
20	5950001	1.46533	1.09815	2
20	6000001	1.17902	1.09815	2
20	6050001	0.977151	1.09815	2
20	6100001	1.21252	1.09815	2
20	6150001	0.974873	1.09815	2
20	6200001	0.920728	1.09815	2
20	6250001	0.941538	1.09815	2
20	6300001	0.852097	1.09815	2
20	6350001	1.47556	1.09815	2
20	6400001	0.909508	1.09815	2
20	6450001	1.00109	1.09815	2
20	6500001	0.963317	1.09815	2
20	6550001	1.10569	1.09815	2
20	6600001	1.23371	1.09815	2
20	6650001	1.4748	1.09815	2
20	6700001	1.13613	1.09815	2
20	6750001	1.16116	1.09815	2
20	6800001	0.848156	1.09815	2
20	6850001	1.10457	1.09815	2
20	6900001	0.915187	1.09815	2
20	6950001	1.06274	1.09815	2
20	7000001	1.00068	1.09815	2
20	7050001	0.914855	1.09815	2
20	7100001	1.08917	1.09815	2
20	7150001	1.00192	1.09815	2
20	7200001	0.986628	1.09815	2
20	7250001	1.03007	1.09815	2
20	7300001	1.16148	1.09815	2
20	7350001	0.736578	1.09815	2
20	7400001	1.03696	1.09815	2
20	7450001	0.983753	1.09815	2
20	7500001	0.668773	1.09815	2
20	7550001	0.857582	1.09815	2
20	7600001	0.838441	1.09815	2
20	7650001	0.653203	1.09815	2
20	7700001	1.04426	1.09815	2
20	7750001	1.0486	1.09815	2
20	7800001	0.840122	1.09815	2
20	7850001	1.02939	1.09815	2
20	7900001	1.09767	1.09815	2
20	7950001	1.0761	1.09815	2
20	8000001	1.22057	1.09815	2
20	8050001	1.31724	1.09815	2
20	8100001	0.840947	1.09815	2
20	8150001	1.19035	1.09815	2
20	8200001	1.0304	1.09815	2
20	8250001	1.15134	1.09815	2
20	8300001	0.828311	1.09815	2
20	8350001	0.978974	1.09815	2
20	8400001	1.0685	1.09815	2
20	8450001	1.11576	1.09815	2
20	8500001	1.08345	1.09815	2
20	8550001	1.07433	1.09815	2
20	8600001	1.09041	1.09815	2
20	8650001	1.18119	1.09815	2
20	8700001	1.12745	1.09815	2
20	8750001	0.996707	1.09815	2
20	8800001	0.931603	1.09815	2
20	8850001	1.015	1.09815	2
20	8900001	1.21094	1.09815	2
20	8950001	1.02515	1.09815	2
20	9000001	0.951934	1.09815	2
20	9050001	1.19272	1.09815	2
20	9100001	1.15546	1.09815	2
20	9150001	1.06471	1.09815	2
20	9200001	1.19007	1.09815	2
20	9250001	1.06332	1.09815	2
20	9300001	0.956031	1.09815	2
20	9350001	1.18189	1.09815	2
20	9400001	0.990031	1.09815	2
20	9450001	1.02862	1.09815	2
20	9500001	1.20493	1.09815	2
20	9550001	1.30111	1.09815	2
20	9600001	1.14247	1.09815	2
20	9650001	1.39325	1.09815	2
20	9700001	1.05116	1.09815	2
20	9750001	0.987624	1.09815	2
20	9800001	1.04722	1.09815	2
20	9850001	1.15826	1.09815	2
20	9900001	1.11992	1.09815	2
20	9950001	1.20655	1.09815	2
20	10000001	1.29923	1.09815	2
20	10050001	1.05282	1.09815	2
20	10100001	1.04847	1.09815	2
20	10150001	1.26719	1.09815	2
20	10200001	0.997016	1.09815	2
20	10250001	1.26529	1.09815	2
20	10300001	0.76858	1.09815	2
20	10350001	1.31245	1.09815	2
20	10400001	1.03992	1.09815	2
20	10450001	1.06645	1.09815	2
20	10500001	1.25742	1.09815	2
20	10550001	1.79732	1.09815	2
20	10600001	1.02485	1.09815	2
20	10650001	1.1943	1.09815	2
20	10700001	1.33234	1.09815	2
20	10750001	0.975709	1.09815	2
20	10800001	1.21276	1.09815	2
20	10850001	0.911678	1.09815	2
20	10900001	1.2431	1.09815	2
20	10950001	0.8934	1.09815	2
20	11000001	1.13609	1.09815	2
20	11050001	1.03533	1.09815	2
20	11100001	1.35657	1.09815	2
20	11150001	1.12378	1.09815	2
20	11200001	1.21227	1.09815	2
20	11250001	1.55368	1.09815	2
20	11300001	1.29782	1.09815	2
20	11350001	1.15819	1.09815	2
20	11400001	1.13228	1.09815	2
20	11450001	1.2807	1.09815	2
20	11500001	1.13214	1.09815	2
20	11550001	1.09863	1.09815	2
20	11600001	1.34029	1.09815	2
20	11650001	1.04115	1.09815	2
20	11700001	0.942562	1.09815	2
20	11750001	1.24172	1.09815	2
20	11800001	1.23455	1.09815	2
20	11850001	1.49049	1.09815	2
20	11900001	1.11121	1.09815	2
20	11950001	1.1608	1.09815	2
20	12000001	1.30773	1.09815	2
20	12050001	0.937847	1.09815	2
20	12100001	1.10028	1.09815	2
20	12150001	1.23254	1.09815	2
20	12200001	1.00366	1.09815	2
20	12250001	1.07374	1.09815	2
20	12300001	0.942585	1.09815	2
20	12350001	1.03069	1.09815	2
20	12400001	1.12476	1.09815	2
20	12450001	0.939516	1.09815	2
20	12500001	0.78448	1.09815	2
20	12550001	1.2332	1.09815	2
20	12600001	1.4052	1.09815	2
20	12650001	1.39595	1.09815	2
20	12700001	1.09687	1.09815	2
20	12750001	0.88203	1.09815	2
20	12800001	1.21441	1.09815	2
20	12850001	0.89965	1.09815	2
20	12900001	0.777017	1.09815	2
20	12950001	1.13261	1.09815	2
20	13000001	1.0354	1.09815	2
20	13050001	0.936237	1.09815	2
20	13100001	0.941765	1.09815	2
20	13150001	1.49534	1.09815	2
20	13200001	1.12556	1.09815	2
20	13250001	0.962777	1.09815	2
20	13300001	1.23177	1.09815	2
20	13350001	1.09712	1.09815	2
20	13400001	1.06052	1.09815	2
20	13450001	0.893911	1.09815	2
20	13500001	1.11128	1.09815	2
20	13550001	1.02961	1.09815	2
20	13600001	0.77603	1.09815	2
20	13650001	0.861141	1.09815	2
20	13700001	0.942771	1.09815	2
20	13750001	1.28062	1.09815	2
20	13800001	1.20006	1.09815	2
20	13850001	1.17531	1.09815	2
20	13900001	1.00918	1.09815	2
20	13950001	1.04955	1.09815	2
20	14000001	0.877201	1.09815	2
20	14050001	0.870596	1.09815	2
20	14100001	0.823688	1.09815	2
20	14150001	1.10093	1.09815	2
20	14200001	0.852325	1.09815	2
20	14250001	0.940314	1.09815	2
20	14300001	0.849347	1.09815	2
20	14350001	1.00845	1.09815	2
20	14400001	0.845747	1.09815	2
20	14450001	1.05357	1.09815	2
20	14500001	1.0192	1.09815	2
20	14550001	1.19582	1.09815	2
20	14600001	0.892165	1.09815	2
20	14650001	0.960294	1.09815	2
20	14700001	0.811421	1.09815	2
20	14750001	1.09146	1.09815	2
20	14800001	1.08792	1.09815	2
20	14850001	1.13673	1.09815	2
20	14900001	1.14928	1.09815	2
20	14950001	1.27305	1.09815	2
20	15000001	0.940201	1.09815	2
20	15050001	1.48595	1.09815	2
20	15100001	1.26541	1.09815	2
20	15150001	1.09711	1.09815	2
20	15200001	1.01791	1.09815	2
20	15250001	0.975682	1.09815	2
20	15300001	1.02793	1.09815	2
20	15350001	0.941804	1.09815	2
20	15400001	1.21155	1.09815	2
20	15450001	1.00588	1.09815	2
20	15500001	1.36698	1.09815	2
20	15550001	1.09541	1.09815	2
20	15600001	0.940496	1.09815	2
20	15650001	0.845518	1.09815	2
20	15700001	1.23252	1.09815	2
20	15750001	1.08435	1.09815	2
20	15800001	1.00894	1.09815	2
20	15850001	0.748247	1.09815	2
20	15900001	1.30456	1.09815	2
20	15950001	1.05424	1.09815	2
20	16000001	0.823346	1.09815	2
20	16050001	1.00122	1.09815	2
20	16100001	1.26045	1.09815	2
20	16150001	1.01498	1.09815	2
20	16200001	0.915124	1.09815	2
20	16250001	1.05239	1.09815	2
20	16300001	1.1252	1.09815	2
20	16350001	0.698141	1.09815	2
20	16400001	0.928245	1.09815	2
20	16450001	1.31356	1.09815	2
20	16500001	0.917621	1.09815	2
20	16550001	0.923832	1.09815	2
20	16600001	1.15257	1.09815	2
20	16650001	1.2483	1.09815	2
20	16700001	1.43509	1.09815	2
20	16750001	1.17807	1.09815	2
20	16800001	0.986991	1.09815	2
20	16850001	1.10789	1.09815	2
20	16900001	1.29861	1.09815	2
20	16950001	1.01623	1.09815	2
20	17000001	1.19683	1.09815	2
20	17050001	1.23211	1.09815	2
20	17100001	0.675898	1.09815	2
20	17150001	1.14871	1.09815	2
20	17200001	0.846094	1.09815	2
20	17250001	1.4429	1.09815	2
20	17300001	0.875579	1.09815	2
20	17350001	1.21067	1.09815	2
20	17400001	0.934909	1.09815	2
20	17450001	1.04212	1.09815	2
20	17500001	1.34971	1.09815	2
20	17550001	1.45778	1.09815	2
20	17600001	0.763604	1.09815	2
20	17650001	1.48299	1.09815	2
20	17700001	1.42144	1.09815	2
20	17750001	1.0853	1.09815	2
20	17800001	1.31061	1.09815	2
20	17850001	0.918164	1.09815	2
20	17900001	1.1045	1.09815	2
20	17950001	1.15522	1.09815	2
20	18000001	0.91586	1.09815	2
20	18050001	0.969801	1.09815	2
20	18100001	1.31881	1.09815	2
20	18150001	0.939142	1.09815	2
20	18200001	0.842695	1.09815	2
20	18250001	1.29817	1.09815	2
20	18300001	1.20336	1.09815	2
20	18350001	0.972489	1.09815	2
20	18400001	1.24446	1.09815	2
20	18450001	0.940444	1.09815	2
20	18500001	1.2703	1.09815	2
20	18550001	1.13048	1.09815	2
20	18600001	1.02224	1.09815	2
20	18650001	1.18304	1.09815	2
20	18700001	1.59122	1.09815	2
20	18750001	1.07434	1.09815	2
20	18800001	1.301	1.09815	2
20	18850001	1.07546	1.09815	2
20	18900001	1.43656	1.09815	2
20	18950001	1.03642	1.09815	2
20	19000001	1.03504	1.09815	2
20	19050001	0.773792	1.09815	2
20	19100001	1.26865	1.09815	2
20	19150001	1.03929	1.09815	2
20	19200001	0.914671	1.09815	2
20	19250001	0.893741	1.09815	2
20	19300001	1.27398	1.09815	2
20	19350001	1.29909	1.09815	2
20	19400001	1.35603	1.09815	2
20	19450001	1.03689	1.09815	2
20	19500001	1.24484	1.09815	2
20	19550001	0.884733	1.09815	2
20	19600001	1.33822	1.09815	2
20	19650001	1.4265	1.09815	2
20	19700001	1.03521	1.09815	2
20	19750001	1.12968	1.09815	2
20	19800001	1.32486	1.09815	2
20	19850001	1.2925	1.09815	2
20	19900001	1.36475	1.09815	2
20	19950001	1.39565	1.09815	2
20	20000001	1.24308	1.09815	2
20	20050001	1.02743	1.09815	2
20	20100001	1.14123	1.09815	2
20	20150001	0.999884	1.09815	2
20	20200001	1.39234	1.09815	2
20	20250001	1.4089	1.09815	2
20	20300001	1.28011	1.09815	2
20	20350001	1.13884	1.09815	2
20	20400001	1.154	1.09815	2
20	20450001	1.20499	1.09815	2
20	20500001	1.06314	1.09815	2
20	20550001	1.23742	1.09815	2
20	20600001	1.27593	1.09815	2
20	20650001	1.05584	1.09815	2
20	20700001	1.23264	1.09815	2
20	20750001	1.38426	1.09815	2
20	20800001	1.12899	1.09815	2
20	20850001	0.907581	1.09815	2
20	20900001	0.936628	1.09815	2
20	20950001	1.34416	1.09815	2
20	21000001	1.0476	1.09815	2
20	21050001	1.00938	1.09815	2
20	21100001	1.30809	1.09815	2
20	21150001	1.12943	1.09815	2
20	21200001	1.11279	1.09815	2
20	21250001	0.981847	1.09815	2
20	21300001	0.966429	1.09815	2
20	21350001	1.03282	1.09815	2
20	21400001	1.46211	1.09815	2
20	21450001	0.93214	1.09815	2
20	21500001	0.952513	1.09815	2
20	21550001	0.798807	1.09815	2
20	21600001	0.95183	1.09815	2
20	21650001	0.6704	1.09815	2
20	21700001	1.20551	1.09815	2
20	21750001	0.980758	1.09815	2
20	21800001	0.928186	1.09815	2
20	21850001	1.2258	1.09815	2
20	21900001	0.943258	1.09815	2
20	21950001	1.0712	1.09815	2
20	22000001	1.08026	1.09815	2
20	22050001	1.11579	1.09815	2
20	22100001	0.762994	1.09815	2
20	22150001	0.881295	1.09815	2
20	22200001	1.12307	1.09815	2
20	22250001	1.0704	1.09815	2
20	22300001	1.23973	1.09815	2
20	22350001	1.00537	1.09815	2
20	22400001	1.05597	1.09815	2
20	22450001	1.07857	1.09815	2
20	22500001	1.50701	1.09815	2
20	22550001	1.15007	1.09815	2
20	22600001	1.45128	1.09815	2
20	22650001	1.07235	1.09815	2
20	22700001	1.23511	1.09815	2
20	22750001	1.15547	1.09815	2
20	22800001	1.01064	1.09815	2
20	22850001	1.16882	1.09815	2
20	22900001	1.08096	1.09815	2
20	22950001	1.23336	1.09815	2
20	23000001	1.24496	1.09815	2
20	23050001	0.74007	1.09815	2
20	23100001	1.06457	1.09815	2
20	23150001	1.51242	1.09815	2
20	23200001	1.0012	1.09815	2
20	23250001	1.32183	1.09815	2
20	23300001	1.18724	1.09815	2
20	23350001	1.25163	1.09815	2
20	23400001	1.15532	1.09815	2
20	23450001	1.1177	1.09815	2
20	23500001	1.07566	1.09815	2
20	23550001	1.45727	1.09815	2
20	23600001	1.1631	1.09815	2
20	23650001	1.10094	1.09815	2
20	23700001	1.40667	1.09815	2
20	23750001	1.5929	1.09815	2
20	23800001	1.00458	1.09815	2
20	23850001	1.17038	1.09815	2
20	23900001	1.47199	1.09815	2
20	23950001	0.849808	1.09815	2
20	24000001	1.16689	1.09815	2
20	24050001	1.23788	1.09815	2
20	24100001	1.04518	1.09815	2
20	24150001	1.15877	1.09815	2
20	24200001	1.05657	1.09815	2
20	24250001	0.947255	1.09815	2
20	24300001	1.08235	1.09815	2
20	24350001	1.22162	1.09815	2
20	24400001	1.5072	1.09815	2
20	24450001	0.727941	1.09815	2
20	24500001	0.833168	1.09815	2
20	24550001	1.18293	1.09815	2
20	24600001	0.895867	1.09815	2
20	24650001	1.12156	1.09815	2
20	24700001	0.849258	1.09815	2
20	24750001	0.992358	1.09815	2
20	24800001	1.45055	1.09815	2
20	24850001	1.26308	1.09815	2
20	24900001	1.14044	1.09815	2
20	24950001	1.32237	1.09815	2
20	25000001	0.943988	1.09815	2
20	25050001	1.23478	1.09815	2
20	25100001	1.17658	1.09815	2
20	25150001	1.53036	1.09815	2
20	25200001	1.83801	1.09815	2
20	25250001	0.338578	1.09815	2
20	25300001	1.33903	1.09815	2
20	25350001	1.10219	1.09815	2
20	25400001	1.7039	1.09815	2
20	25450001	0.963879	1.09815	2
20	25500001	1.28793	1.09815	2
20	25550001	1.22409	1.09815	2
20	25600001	0.949395	1.09815	2
20	25650001	0.673071	1.09815	2
20	25700001	1.74278	1.09815	2
20	25750001	1.51349	1.09815	2
20	25800001	0.571888	1.09815	2
20	25850001	1.61132	1.60994	3
20	25900001	2.14684	1.60994	3
20	25950001	1.16969	1.60994	3
20	26000001	0.841863	1.60994	3
20	26050001	1.73872	1.60994	3
20	26100001	1.60856	1.60994	3
20	26150001	1.07363	1.60994	3
20	26200001	1.75006	1.60994	3
20	26250001	-1	-1	0
20	26300001	-1	-1	0
20	26350001	-1	-1	0
20	26400001	-1	-1	0
20	26450001	-1	-1	0
20	26500001	-1	-1	0
20	26550001	-1	-1	0
20	26600001	-1	-1	0
20	26650001	-1	-1	0
20	26700001	-1	-1	0
20	26750001	-1	-1	0
20	26800001	-1	-1	0
20	26850001	-1	-1	0
20	26900001	-1	-1	0
20	26950001	-1	-1	0
20	27000001	-1	-1	0
20	27050001	-1	-1	0
20	27100001	-1	-1	0
20	27150001	-1	-1	0
20	27200001	-1	-1	0
20	27250001	-1	-1	0
20	27300001	-1	-1	0
20	27350001	-1	-1	0
20	27400001	-1	-1	0
20	27450001	-1	-1	0
20	27500001	-1	-1	0
20	27550001	-1	-1	0
20	27600001	-1	-1	0
20	27650001	-1	-1	0
20	27700001	-1	-1	0
20	27750001	-1	-1	0
20	27800001	-1	-1	0
20	27850001	-1	-1	0
20	27900001	-1	-1	0
20	27950001	-1	-1	0
20	28000001	-1	-1	0
20	28050001	0	0	0
20	28100001	0	0	0
20	28150001	0	0	0
20	28200001	0	0	0
20	28250001	-1	0	0
20	28300001	-1	0	0
20	28350001	-1	0	0
20	28400001	-1	0	0
20	28450001	-1	0	0
20	28500001	-1	0	0
20	28550001	-1	0	0
20	28600001	-1	0	0
20	28650001	-1	0	0
20	28700001	-1	0	0
20	28750001	-1	0	0
20	28800001	-1	0	0
20	28850001	-1	0	0
20	28900001	-1	0	0
20	28950001	-1	0	0
20	29000001	-1	0	0
20	29050001	-1	0	0
20	29100001	-1	0	0
20	29150001	-1	0	0
20	29200001	-1	0	0
20	29250001	-1	0	0
20	29300001	0	0	0
20	29350001	0	0	0
20	29400001	1.01634	1.17609	2
20	29450001	1.55529	1.17609	2
20	29500001	1.17609	1.17609	2
20	29550001	3.31761	5.9868	12
20	29600001	8.65598	5.9868	12
20	29650001	0.952117	0.952117	2
20	29700001	0	0	0
20	29750001	0	0	0
20	29800001	1.11728	0.926056	2
20	29850001	1.07943	0.926056	2
20	29900001	0.996605	0.926056	2
20	29950001	1.05802	0.926056	2
20	30000001	1.29624	0.926056	2
20	30050001	0.845058	0.926056	2
20	30100001	1.07361	0.926056	2
20	30150001	0.664358	0.926056	2
20	30200001	0.786906	0.926056	2
20	30250001	1.02661	0.926056	2
20	30300001	1.24712	0.926056	2
20	30350001	0.911386	0.926056	2
20	30400001	0.598663	0.926056	2
20	30450001	1.03734	0.926056	2
20	30500001	1.89193	0.926056	2
20	30550001	0.77145	0.926056	2
20	30600001	1.42018	0.926056	2
20	30650001	1.13182	0.926056	2
20	30700001	1.30755	0.926056	2
20	30750001	1.07196	0.926056	2
20	30800001	0.73437	0.926056	2
20	30850001	0.864361	0.926056	2
20	30900001	0.917106	0.926056	2
20	30950001	0.877649	0.926056	2
20	31000001	1.22238	0.926056	2
20	31050001	1.07877	0.926056	2
20	31100001	1.24409	0.926056	2
20	31150001	0.443537	0.926056	2
20	31200001	0.602439	0.926056	2
20	31250001	0.707649	0.926056	2
20	31300001	0.866962	0.926056	2
20	31350001	1.21867	0.926056	2
20	31400001	0.772103	0.926056	2
20	31450001	0.666941	0.926056	2
20	31500001	0.988646	0.926056	2
20	31550001	0.923492	0.926056	2
20	31600001	0.680883	0.926056	2
20	31650001	0.856472	0.926056	2
20	31700001	1.37045	0.926056	2
20	31750001	1.11895	0.926056	2
20	31800001	0.980317	0.926056	2
20	31850001	0.989788	0.926056	2
20	31900001	1.07137	0.926056	2
20	31950001	0.896368	0.926056	2
20	32000001	0.74065	0.926056	2
20	32050001	0.696383	0.926056	2
20	32100001	0.968455	0.926056	2
20	32150001	1.11798	0.926056	2
20	32200001	0.873088	0.926056	2
20	32250001	0.672575	0.926056	2
20	32300001	1.15738	0.926056	2
20	32350001	0.946689	0.926056	2
20	32400001	0.754512	0.926056	2
20	32450001	0.799303	0.926056	2
20	32500001	1.00856	0.926056	2
20	32550001	0.927992	0.926056	2
20	32600001	1.42526	0.926056	2
20	32650001	1.31478	0.926056	2
20	32700001	0.950295	0.926056	2
20	32750001	0.612437	0.926056	2
20	32800001	0.859327	0.926056	2
20	32850001	0.751346	0.926056	2
20	32900001	0.782476	0.926056	2
20	32950001	0.549662	0.926056	2
20	33000001	0.903377	0.926056	2
20	33050001	0.996771	0.926056	2
20	33100001	0.796404	0.926056	2
20	33150001	0.971084	0.926056	2
20	33200001	0.963685	0.926056	2
20	33250001	0.90814	0.926056	2
20	33300001	1.45706	0.926056	2
20	33350001	0.965128	0.926056	2
20	33400001	0.619171	0.926056	2
20	33450001	1.24735	0.926056	2
20	33500001	1.10733	0.926056	2
20	33550001	0.838363	0.926056	2
20	33600001	1.19366	0.926056	2
20	33650001	1.22538	0.926056	2
20	33700001	1.08964	0.926056	2
20	33750001	1.07766	0.926056	2
20	33800001	0.860522	0.926056	2
20	33850001	0.643824	0.926056	2
20	33900001	0.742962	0.926056	2
20	33950001	0.792971	0.926056	2
20	34000001	0.891102	0.926056	2
20	34050001	0.919823	0.926056	2
20	34100001	1.21679	0.926056	2
20	34150001	1.29819	0.926056	2
20	34200001	1.23451	0.926056	2
20	34250001	1.16322	0.926056	2
20	34300001	1.31873	0.926056	2
20	34350001	-1	0.926056	2
20	34400001	0.684011	0.926056	2
20	34450001	0.734812	0.926056	2
20	34500001	1.18654	0.926056	2
20	34550001	0.953226	0.926056	2
20	34600001	1.33969	0.926056	2
20	34650001	0.970146	0.926056	2
20	34700001	0.927111	0.926056	2
20	34750001	0.820693	0.926056	2
20	34800001	1.1348	0.926056	2
20	34850001	1.1132	0.926056	2
20	34900001	0	0.926056	2
20	34950001	0.704248	0.926056	2
20	35000001	1.27527	0.926056	2
20	35050001	0.82176	0.926056	2
20	35100001	0.846812	0.926056	2
20	35150001	0.610612	0.926056	2
20	35200001	0.743343	0.926056	2
20	35250001	0.81418	0.926056	2
20	35300001	1.41209	0.926056	2
20	35350001	0.825156	0.926056	2
20	35400001	1.19202	0.926056	2
20	35450001	0.972477	0.926056	2
20	35500001	0.909576	0.926056	2
20	35550001	0.992866	0.926056	2
20	35600001	1.18847	0.926056	2
20	35650001	1.17535	0.926056	2
20	35700001	0.852781	0.926056	2
20	35750001	0.952304	0.926056	2
20	35800001	0.563662	0.926056	2
20	35850001	0.769711	0.926056	2
20	35900001	1.06831	0.926056	2
20	35950001	1.11452	0.926056	2
20	36000001	0.891198	0.926056	2
20	36050001	0.972886	0.926056	2
20	36100001	0.526198	0.926056	2
20	36150001	0.834837	0.926056	2
20	36200001	0.9642	0.926056	2
20	36250001	0.815921	0.926056	2
20	36300001	1.16186	0.926056	2
20	36350001	1.01896	0.926056	2
20	36400001	1.35658	0.926056	2
20	36450001	0.991413	0.926056	2
20	36500001	0.536605	0.926056	2
20	36550001	0.792378	0.926056	2
20	36600001	0.901209	0.926056	2
20	36650001	0.992899	0.926056	2
20	36700001	1.25517	0.926056	2
20	36750001	0.852336	0.926056	2
20	36800001	0.601077	0.926056	2
20	36850001	0.557588	0.926056	2
20	36900001	0.756503	0.926056	2
20	36950001	0.832144	0.926056	2
20	37000001	0.775066	0.926056	2
20	37050001	0.993926	0.926056	2
20	37100001	1.496	0.926056	2
20	37150001	1.45779	0.926056	2
20	37200001	0.920701	0.926056	2
20	37250001	0.727856	0.926056	2
20	37300001	0.564269	0.926056	2
20	37350001	0.731876	0.926056	2
20	37400001	0.972661	0.926056	2
20	37450001	0.767712	0.926056	2
20	37500001	0.731199	0.926056	2
20	37550001	0.666045	0.926056	2
20	37600001	0.830906	0.926056	2
20	37650001	0.601522	0.926056	2
20	37700001	0.831152	0.926056	2
20	37750001	0.568015	0.926056	2
20	37800001	0.581589	0.926056	2
20	37850001	0.771647	0.926056	2
20	37900001	1.27133	0.926056	2
20	37950001	0.900827	0.926056	2
20	38000001	1.05678	0.926056	2
20	38050001	0.688595	0.926056	2
20	38100001	0.724995	0.926056	2
20	38150001	0.914413	0.926056	2
20	38200001	0.914219	0.926056	2
20	38250001	0.811729	0.926056	2
20	38300001	1.05508	0.926056	2
20	38350001	0.85946	0.926056	2
20	38400001	0.821601	0.926056	2
20	38450001	1.00209	0.926056	2
20	38500001	0.839296	0.926056	2
20	38550001	1.0469	0.926056	2
20	38600001	0.966004	0.926056	2
20	38650001	0.946879	0.926056	2
20	38700001	1.08569	0.926056	2
20	38750001	1.30857	0.926056	2
20	38800001	1.3132	0.926056	2
20	38850001	0.756385	0.926056	2
20	38900001	0.784846	0.926056	2
20	38950001	1.03938	0.926056	2
20	39000001	1.24547	0.926056	2
20	39050001	0.870997	0.926056	2
20	39100001	0.936507	0.926056	2
20	39150001	1.02878	0.926056	2
20	39200001	1.21291	0.926056	2
20	39250001	0.691891	0.926056	2
20	39300001	0.973386	0.926056	2
20	39350001	0.786038	0.926056	2
20	39400001	0.830984	0.926056	2
20	39450001	0.740709	0.926056	2
20	39500001	0.902359	0.926056	2
20	39550001	1.02328	0.926056	2
20	39600001	0.998263	0.926056	2
20	39650001	1.09952	0.926056	2
20	39700001	0.960818	0.926056	2
20	39750001	0.872148	0.926056	2
20	39800001	0.681912	0.926056	2
20	39850001	0.923734	0.926056	2
20	39900001	0.699997	0.926056	2
20	39950001	0.534437	0.926056	2
20	40000001	0.597549	0.926056	2
20	40050001	0.791965	0.926056	2
20	40100001	1.10854	0.926056	2
20	40150001	1.43361	0.926056	2
20	40200001	1.07158	0.926056	2
20	40250001	0.90883	0.926056	2
20	40300001	1.07751	0.926056	2
20	40350001	0.978137	0.926056	2
20	40400001	0.939491	0.926056	2
20	40450001	1.03772	0.926056	2
20	40500001	0.971284	0.926056	2
20	40550001	0.991435	0.926056	2
20	40600001	0.980834	0.926056	2
20	40650001	0.69668	0.926056	2
20	40700001	0.828125	0.926056	2
20	40750001	0.958785	0.926056	2
20	40800001	1.33202	0.926056	2
20	40850001	0.924778	0.926056	2
20	40900001	1.39462	0.926056	2
20	40950001	1.09165	0.926056	2
20	41000001	0.852081	0.926056	2
20	41050001	1.05599	0.926056	2
20	41100001	1.01755	0.926056	2
20	41150001	1.10391	0.926056	2
20	41200001	1.11989	0.926056	2
20	41250001	1.40416	0.926056	2
20	41300001	0.887335	0.926056	2
20	41350001	0.763771	0.926056	2
20	41400001	0.926056	0.926056	2
20	41450001	1.15088	0.926056	2
20	41500001	0.995522	0.926056	2
20	41550001	1.22796	0.926056	2
20	41600001	1.41733	0.926056	2
20	41650001	0.393321	0.926056	2
20	41700001	0.910076	0.926056	2
20	41750001	1.03797	0.926056	2
20	41800001	0.868822	0.926056	2
20	41850001	0.92832	0.926056	2
20	41900001	0.898317	0.926056	2
20	41950001	0.991378	0.926056	2
20	42000001	0.948593	0.926056	2
20	42050001	0.879354	0.926056	2
20	42100001	0.939916	0.926056	2
20	42150001	0.767458	0.926056	2
20	42200001	0.99627	0.926056	2
20	42250001	1.13597	0.926056	2
20	42300001	0.880689	0.926056	2
20	42350001	0.97948	0.926056	2
20	42400001	0.979951	0.926056	2
20	42450001	1.08049	0.926056	2
20	42500001	0.71903	0.926056	2
20	42550001	0.775622	0.926056	2
20	42600001	0.968017	0.926056	2
20	42650001	1.21121	0.926056	2
20	42700001	0.812537	0.926056	2
20	42750001	0.860693	0.926056	2
20	42800001	1.08783	0.926056	2
20	42850001	1.04262	0.926056	2
20	42900001	0.644569	0.926056	2
20	42950001	1.09576	0.926056	2
20	43000001	0.811304	0.926056	2
20	43050001	0.666227	0.926056	2
20	43100001	0.894979	0.926056	2
20	43150001	0.842307	0.926056	2
20	43200001	0.689753	0.926056	2
20	43250001	0.805237	0.926056	2
20	43300001	0.805312	0.926056	2
20	43350001	1.01086	0.926056	2
20	43400001	1.16013	0.926056	2
20	43450001	0.925295	0.926056	2
20	43500001	0.920237	0.926056	2
20	43550001	1.16777	0.926056	2
20	43600001	0.968849	0.926056	2
20	43650001	0.995594	0.926056	2
20	43700001	0.676873	0.926056	2
20	43750001	0.9837	0.926056	2
20	43800001	1.10023	0.926056	2
20	43850001	1.22495	0.926056	2
20	43900001	1.1094	0.926056	2
20	43950001	1.38693	0.926056	2
20	44000001	0.973089	0.926056	2
20	44050001	1.17095	0.926056	2
20	44100001	0.800227	0.926056	2
20	44150001	1.00418	0.926056	2
20	44200001	1.42236	0.926056	2
20	44250001	1.19664	0.926056	2
20	44300001	1.52781	0.926056	2
20	44350001	1.40497	0.926056	2
20	44400001	0.898929	0.926056	2
20	44450001	0.753763	0.926056	2
20	44500001	0.864772	0.926056	2
20	44550001	0.564304	0.926056	2
20	44600001	0.648975	0.926056	2
20	44650001	1.02961	0.926056	2
20	44700001	1.02048	0.926056	2
20	44750001	0.939868	0.926056	2
20	44800001	0.814698	0.926056	2
20	44850001	0.823949	0.926056	2
20	44900001	0.838114	0.926056	2
20	44950001	0.580063	0.926056	2
20	45000001	0.797081	0.926056	2
20	45050001	1.20807	0.926056	2
20	45100001	1.29374	0.926056	2
20	45150001	0.977155	0.926056	2
20	45200001	0.885906	0.926056	2
20	45250001	0.71408	0.926056	2
20	45300001	0.950656	0.926056	2
20	45350001	0.787721	0.926056	2
20	45400001	1.04716	0.926056	2
20	45450001	1.06181	0.926056	2
20	45500001	0.791419	0.926056	2
20	45550001	1.06829	0.926056	2
20	45600001	0.928375	0.926056	2
20	45650001	0.761807	0.926056	2
20	45700001	1.1035	0.926056	2
20	45750001	1.141	0.926056	2
20	45800001	0.962394	0.926056	2
20	45850001	1.09901	0.926056	2
20	45900001	1.13245	0.926056	2
20	45950001	0.594681	0.926056	2
20	46000001	0.874987	0.926056	2
20	46050001	1.0594	0.926056	2
20	46100001	1.0352	0.926056	2
20	46150001	1.12509	0.926056	2
20	46200001	0.813653	0.926056	2
20	46250001	1.28623	0.926056	2
20	46300001	0.439313	0.926056	2
20	46350001	0.570144	0.926056	2
20	46400001	0.907868	0.926056	2
20	46450001	0.934746	0.926056	2
20	46500001	0.748468	0.926056	2
20	46550001	1.18322	0.926056	2
20	46600001	1.02306	0.926056	2
20	46650001	1.41916	0.926056	2
20	46700001	0.931665	0.926056	2
20	46750001	1.14642	0.926056	2
20	46800001	0.776852	0.926056	2
20	46850001	1.17497	0.926056	2
20	46900001	1.08684	0.926056	2
20	46950001	0.958864	0.926056	2
20	47000001	0.864864	0.926056	2
20	47050001	1.05924	0.926056	2
20	47100001	1.1194	0.926056	2
20	47150001	0.86774	0.926056	2
20	47200001	0.53345	0.926056	2
20	47250001	0.61698	0.926056	2
20	47300001	1.2269	0.926056	2
20	47350001	0.899934	0.926056	2
20	47400001	0.95733	0.926056	2
20	47450001	0.980354	0.926056	2
20	47500001	1.0637	0.926056	2
20	47550001	0.99983	0.926056	2
20	47600001	1.00186	0.926056	2
20	47650001	0.861486	0.926056	2
20	47700001	0.872845	0.926056	2
20	47750001	0.926896	0.926056	2
20	47800001	0.576375	0.926056	2
20	47850001	0.786329	0.926056	2
20	47900001	1.21328	0.926056	2
20	47950001	1.25482	0.926056	2
20	48000001	1.32954	0.926056	2
20	48050001	0.822925	0.926056	2
20	48100001	1.04194	0.926056	2
20	48150001	0.989427	0.926056	2
20	48200001	0.988602	0.926056	2
20	48250001	1.01053	0.926056	2
20	48300001	1.11759	0.926056	2
20	48350001	1.33768	0.926056	2
20	48400001	1.11935	0.926056	2
20	48450001	1.10385	0.926056	2
20	48500001	0.789133	0.926056	2
20	48550001	0.757175	0.926056	2
20	48600001	0.884216	0.926056	2
20	48650001	0.621354	0.926056	2
20	48700001	1.13532	0.926056	2
20	48750001	0.87981	0.926056	2
20	48800001	0.791817	0.926056	2
20	48850001	0.772825	0.926056	2
20	48900001	0.973659	0.926056	2
20	48950001	0.691878	0.926056	2
20	49000001	0.831087	0.926056	2
20	49050001	1.15878	0.926056	2
20	49100001	1.15662	0.926056	2
20	49150001	0.798547	0.926056	2
20	49200001	0.390337	0.926056	2
20	49250001	0.705149	0.926056	2
20	49300001	0.836344	0.926056	2
20	49350001	0.754787	0.926056	2
20	49400001	1.08781	0.926056	2
20	49450001	0.729181	0.926056	2
20	49500001	1.05675	0.926056	2
20	49550001	0.911807	0.926056	2
20	49600001	0.998037	0.926056	2
20	49650001	1.26208	0.926056	2
20	49700001	0.97011	0.926056	2
20	49750001	0.925529	0.926056	2
20	49800001	1.02946	0.926056	2
20	49850001	0.854289	0.926056	2
20	49900001	0.875949	0.926056	2
20	49950001	0.894468	0.926056	2
20	50000001	0.882913	0.926056	2
20	50050001	0.692534	0.926056	2
20	50100001	0.592727	0.926056	2
20	50150001	0.771138	0.926056	2
20	50200001	0.788156	0.926056	2
20	50250001	0.984153	0.926056	2
20	50300001	0.72856	0.926056	2
20	50350001	0.696188	0.926056	2
20	50400001	0.73459	0.926056	2
20	50450001	0.820398	0.926056	2
20	50500001	0.644812	0.926056	2
20	50550001	0.770877	0.926056	2
20	50600001	0.946586	0.926056	2
20	50650001	0.972035	0.926056	2
20	50700001	0.738728	0.926056	2
20	50750001	0.808509	0.926056	2
20	50800001	0.737973	0.926056	2
20	50850001	0.959105	0.926056	2
20	50900001	0.890395	0.926056	2
20	50950001	0.955487	0.926056	2
20	51000001	1.0199	0.926056	2
20	51050001	0.997345	0.926056	2
20	51100001	0.800794	0.926056	2
20	51150001	0.913931	0.926056	2
20	51200001	1.09109	0.926056	2
20	51250001	0.801311	0.926056	2
20	51300001	1.16509	0.926056	2
20	51350001	1.03891	0.926056	2
20	51400001	0.927655	0.926056	2
20	51450001	1.25903	0.926056	2
20	51500001	0.939865	0.926056	2
20	51550001	1.00896	0.926056	2
20	51600001	0.963421	0.926056	2
20	51650001	1.05781	0.926056	2
20	51700001	1.10643	0.926056	2
20	51750001	0.823027	0.926056	2
20	51800001	1.01993	0.926056	2
20	51850001	0.917037	0.926056	2
20	51900001	0.927011	0.926056	2
20	51950001	0.828947	0.926056	2
20	52000001	0.980562	0.926056	2
20	52050001	1.08222	0.926056	2
20	52100001	0.93538	0.926056	2
20	52150001	0.74747	0.926056	2
20	52200001	0.909698	0.926056	2
20	52250001	0.972011	0.926056	2
20	52300001	0.946727	0.926056	2
20	52350001	0.954576	0.926056	2
20	52400001	0.888586	0.926056	2
20	52450001	0.954804	0.926056	2
20	52500001	0.783413	0.926056	2
20	52550001	1.22026	0.926056	2
20	52600001	0.717027	0.926056	2
20	52650001	0.921714	0.926056	2
20	52700001	1.05966	0.926056	2
20	52750001	0.740489	0.926056	2
20	52800001	0.809471	0.926056	2
20	52850001	0.930599	0.926056	2
20	52900001	0.923343	0.926056	2
20	52950001	0.766621	0.926056	2
20	53000001	0.676098	0.926056	2
20	53050001	0.814422	0.926056	2
20	53100001	0.659279	0.926056	2
20	53150001	0.693848	0.926056	2
20	53200001	0.924686	0.926056	2
20	53250001	0.80579	0.926056	2
20	53300001	0.839907	0.926056	2
20	53350001	0.599142	0.926056	2
20	53400001	0.634552	0.926056	2
20	53450001	0.879411	0.926056	2
20	53500001	0.82894	0.926056	2
20	53550001	0.8398	0.926056	2
20	53600001	0.922211	0.926056	2
20	53650001	1.19743	0.926056	2
20	53700001	0.80847	0.926056	2
20	53750001	0.746356	0.926056	2
20	53800001	0.719315	0.926056	2
20	53850001	0.792589	0.926056	2
20	53900001	0.919769	0.926056	2
20	53950001	0.868026	0.926056	2
20	54000001	0.990581	0.926056	2
20	54050001	1.01713	0.926056	2
20	54100001	0.886037	0.926056	2
20	54150001	0.720106	0.926056	2
20	54200001	0.826971	0.926056	2
20	54250001	1.07431	0.926056	2
20	54300001	0.941365	0.926056	2
20	54350001	1.01936	0.926056	2
20	54400001	1.37614	0.926056	2
20	54450001	1.14678	0.926056	2
20	54500001	1.14373	0.926056	2
20	54550001	0.835956	0.926056	2
20	54600001	1.17755	0.926056	2
20	54650001	1.03805	0.926056	2
20	54700001	0.9269	0.926056	2
20	54750001	0.945964	0.926056	2
20	54800001	1.2127	0.926056	2
20	54850001	1.4248	0.926056	2
20	54900001	0.849832	0.926056	2
20	54950001	1.28639	0.926056	2
20	55000001	0.963259	0.926056	2
20	55050001	0.959287	0.926056	2
20	55100001	0.96378	0.926056	2
20	55150001	1.0798	0.926056	2
20	55200001	0.815743	0.926056	2
20	55250001	0.972554	0.926056	2
20	55300001	0.782287	0.926056	2
20	55350001	1.21802	0.926056	2
20	55400001	1.21164	0.926056	2
20	55450001	1.20123	0.926056	2
20	55500001	0.772827	0.926056	2
20	55550001	1.29909	0.926056	2
20	55600001	1.06016	0.926056	2
20	55650001	1.22431	0.926056	2
20	55700001	1.18426	0.926056	2
20	55750001	0.719858	0.926056	2
20	55800001	0.966522	0.926056	2
20	55850001	0.762098	0.926056	2
20	55900001	1.1964	0.926056	2
20	55950001	0.423048	0.926056	2
20	56000001	0.825925	0.926056	2
20	56050001	0.909145	0.926056	2
20	56100001	1.15324	0.926056	2
20	56150001	0.549543	0.926056	2
20	56200001	0.561343	0.926056	2
20	56250001	0.375002	0.926056	2
20	56300001	0.892315	0.926056	2
20	56350001	0.591927	0.926056	2
20	56400001	0.618361	0.926056	2
20	56450001	0.875582	0.926056	2
20	56500001	0.683421	0.926056	2
20	56550001	0.839066	0.926056	2
20	56600001	1.30957	0.926056	2
20	56650001	0.627963	0.926056	2
20	56700001	1.10372	0.926056	2
20	56750001	0.797729	0.926056	2
20	56800001	0.806259	0.926056	2
20	56850001	0.714829	0.926056	2
20	56900001	1.04272	0.926056	2
20	56950001	0.935326	0.926056	2
20	57000001	0.893835	0.926056	2
20	57050001	0.615071	0.926056	2
20	57100001	0.743901	0.926056	2
20	57150001	0.78211	0.926056	2
20	57200001	0.934459	0.926056	2
20	57250001	0.66032	0.926056	2
20	57300001	1.0987	0.926056	2
20	57350001	0.954688	0.926056	2
20	57400001	0.796462	0.926056	2
20	57450001	1.11564	0.926056	2
20	57500001	0.744373	0.926056	2
20	57550001	0.729091	0.926056	2
20	57600001	1.26491	0.926056	2
20	57650001	0.971769	0.926056	2
20	57700001	0.819896	0.926056	2
20	57750001	0.959064	0.926056	2
20	57800001	1.03057	0.926056	2
20	57850001	0.85301	0.926056	2
20	57900001	0.782525	0.926056	2
20	57950001	0.597623	0.926056	2
20	58000001	0.885088	0.926056	2
20	58050001	0.838604	0.926056	2
20	58100001	0.772102	0.926056	2
20	58150001	0.497052	0.926056	2
20	58200001	0.851313	0.926056	2
20	58250001	0.912397	0.926056	2
20	58300001	0.580682	0.926056	2
20	58350001	0.662126	0.926056	2
20	58400001	0.780169	0.926056	2
20	58450001	1.05978	0.926056	2
20	58500001	0.705494	0.926056	2
20	58550001	1.15081	0.926056	2
20	58600001	0.841151	0.926056	2
20	58650001	0.831142	0.926056	2
20	58700001	0.930863	0.926056	2
20	58750001	0.81625	0.926056	2
20	58800001	1.03997	0.926056	2
20	58850001	0.642911	0.926056	2
20	58900001	0.545697	0.926056	2
20	58950001	0.910512	0.926056	2
20	59000001	0.758645	0.926056	2
20	59050001	0.89332	0.926056	2
20	59100001	0.649345	0.926056	2
20	59150001	0.735528	0.926056	2
20	59200001	1.05727	0.926056	2
20	59250001	1.37021	0.926056	2
20	59300001	0.929077	0.926056	2
20	59350001	1.34262	0.926056	2
20	59400001	1.24943	0.926056	2
20	59450001	1.46536	0.926056	2
20	59500001	0.906851	0.926056	2
20	59550001	0.877155	0.926056	2
20	59600001	0.87399	0.926056	2
20	59650001	1.57838	0.926056	2
20	59700001	1.11334	0.926056	2
20	59750001	0.976876	0.926056	2
20	59800001	0.940531	0.926056	2
20	59850001	0.835051	0.926056	2
20	59900001	0.993616	0.926056	2
20	59950001	1.06319	0.926056	2
20	60000001	0.842194	0.926056	2
20	60050001	0.978283	0.926056	2
20	60100001	1.1741	0.926056	2
20	60150001	0.953026	0.926056	2
20	60200001	0.876897	0.926056	2
20	60250001	0.886296	0.926056	2
20	60300001	1.0866	0.926056	2
20	60350001	1.09796	0.926056	2
20	60400001	1.34328	0.926056	2
20	60450001	0.825027	0.926056	2
20	60500001	-1	0.926056	2
20	60550001	1.03473	0.926056	2
20	60600001	-1	0.926056	2
20	60650001	-1	0.926056	2
20	60700001	-1	0.926056	2
20	60750001	0.863181	0.926056	2
20	60800001	0.487211	0.441065	1
20	60850001	0.771273	0.441065	1
20	60900001	0.406077	0.441065	1
20	60950001	0.397789	0.441065	1
20	61000001	0.340347	0.441065	1
20	61050001	0.349197	0.441065	1
20	61100001	0.0970327	0.441065	1
20	61150001	0.476052	0.441065	1
20	61200001	0.268144	0.441065	1
20	61250001	0.548209	0.441065	1
20	61300001	0.392465	0.441065	1
20	61350001	0.616291	0.441065	1
20	61400001	0.596058	0.441065	1
20	61450001	0.615012	0.441065	1
20	61500001	1.68282	1.61838	3
20	61550001	1.55394	1.61838	3
20	61600001	0.665606	0.460489	1
20	61650001	0.890896	0.460489	1
20	61700001	0.712942	0.460489	1
20	61750001	0.911388	0.460489	1
20	61800001	0.643173	0.460489	1
20	61850001	0.312642	0.460489	1
20	61900001	0.332825	0.460489	1
20	61950001	0.292561	0.460489	1
20	62000001	0.318239	0.460489	1
20	62050001	0.30552	0.460489	1
20	62100001	0.460489	0.460489	1
20	62150001	0.268244	0.460489	1
20	62200001	0.609084	0.460489	1
20	62250001	0.790886	0.460489	1
20	62300001	0.384782	0.460489	1
20	62350001	0.689212	0.460489	1
20	62400001	0.307193	0.460489	1
20	62450001	-1	-1	1
20	62500001	-1	-1	1
20	62550001	-1	-1	1
20	62600001	-1	-1	1
20	62650001	-1	-1	1
20	62700001	-1	-1	1
20	62750001	-1	-1	1
20	62800001	-1	-1	1
20	62850001	-1	-1	1
20	62900001	-1	-1	1
20	62950001	-1	-1	1
20	63000001	-1	-1	1
