Chromosome	Start	Ratio	MedianRatio	CopyNumber
7	1	-1	-1	1
7	50001	0.643006	0.643006	1
7	100001	0.729789	0.643006	1
7	150001	0.493165	0.643006	1
7	200001	0.108888	0.643006	1
7	250001	0	0.643006	1
7	300001	-1	0.643006	1
7	350001	-1	0.643006	1
7	400001	-1	0.643006	1
7	450001	-1	0.643006	1
7	500001	0.82356	0.643006	1
7	550001	0.533527	0.643006	1
7	600001	0.583399	0.643006	1
7	650001	0.978686	0.643006	1
7	700001	0.867825	0.643006	1
7	750001	0.952878	0.643006	1
7	800001	0.57456	0.643006	1
7	850001	0.66161	0.643006	1
7	900001	2.47827	2.47827	5
7	950001	0.872281	1.02317	2
7	1000001	1.23227	1.02317	2
7	1050001	1.05897	1.02317	2
7	1100001	0.367082	1.02317	2
7	1150001	0.87983	1.02317	2
7	1200001	1.03857	1.02317	2
7	1250001	1.02112	1.02317	2
7	1300001	0.720353	1.02317	2
7	1350001	1.02522	1.02317	2
7	1400001	1.04024	1.02317	2
7	1450001	3.60954	3.60954	7
7	1500001	0.529831	0.996934	2
7	1550001	0.884032	0.996934	2
7	1600001	0.865077	0.996934	2
7	1650001	1.18839	0.996934	2
7	1700001	0.863117	0.996934	2
7	1750001	0.606896	0.996934	2
7	1800001	0.868594	0.996934	2
7	1850001	1.39582	0.996934	2
7	1900001	0.930906	0.996934	2
7	1950001	0.889983	0.996934	2
7	2000001	0.617453	0.996934	2
7	2050001	1.18515	0.996934	2
7	2100001	0.97137	0.996934	2
7	2150001	0.535414	0.996934	2
7	2200001	1.33755	0.996934	2
7	2250001	1.0203	0.996934	2
7	2300001	0.714136	0.996934	2
7	2350001	0.948406	0.996934	2
7	2400001	0.770993	0.996934	2
7	2450001	1.06707	0.996934	2
7	2500001	1.67411	0.996934	2
7	2550001	0.373546	0.996934	2
7	2600001	1.28795	0.996934	2
7	2650001	0.847943	0.996934	2
7	2700001	0.725131	0.996934	2
7	2750001	0.949767	0.996934	2
7	2800001	1.24421	0.996934	2
7	2850001	1.02419	0.996934	2
7	2900001	1.00315	0.996934	2
7	2950001	0.808206	0.996934	2
7	3000001	0.72923	0.996934	2
7	3050001	0.88878	0.996934	2
7	3100001	0.913865	0.996934	2
7	3150001	0.932744	0.996934	2
7	3200001	0.65933	0.996934	2
7	3250001	1.15704	0.996934	2
7	3300001	1.06347	0.996934	2
7	3350001	1.14047	0.996934	2
7	3400001	0.814858	0.996934	2
7	3450001	1.07455	0.996934	2
7	3500001	0.97463	0.996934	2
7	3550001	1.11353	0.996934	2
7	3600001	1.05403	0.996934	2
7	3650001	0.957995	0.996934	2
7	3700001	0.615097	0.996934	2
7	3750001	0.992074	0.996934	2
7	3800001	1.03341	0.996934	2
7	3850001	0.820592	0.996934	2
7	3900001	1.1323	0.996934	2
7	3950001	1.0277	0.996934	2
7	4000001	0.8806	0.996934	2
7	4050001	1.17365	0.996934	2
7	4100001	0.847239	0.996934	2
7	4150001	0.89911	0.996934	2
7	4200001	0.924754	0.996934	2
7	4250001	0.902588	0.996934	2
7	4300001	0.583239	0.996934	2
7	4350001	0.878356	0.996934	2
7	4400001	0.729031	0.996934	2
7	4450001	0.860667	0.996934	2
7	4500001	1.08841	0.996934	2
7	4550001	0.898225	0.996934	2
7	4600001	1.197	0.996934	2
7	4650001	0.84679	0.996934	2
7	4700001	0.911309	0.996934	2
7	4750001	0.619653	0.996934	2
7	4800001	0.705189	0.996934	2
7	4850001	0.737813	0.996934	2
7	4900001	1.0938	0.996934	2
7	4950001	0.713352	0.996934	2
7	5000001	1.23625	0.996934	2
7	5050001	1.14213	0.996934	2
7	5100001	0.762167	0.996934	2
7	5150001	1.03466	0.996934	2
7	5200001	0.967998	0.996934	2
7	5250001	1.08386	0.996934	2
7	5300001	0.526077	0.996934	2
7	5350001	0.929011	0.996934	2
7	5400001	0.615207	0.996934	2
7	5450001	1.18754	0.996934	2
7	5500001	0.541917	0.996934	2
7	5550001	1.17085	0.996934	2
7	5600001	0.817085	0.996934	2
7	5650001	0.949288	0.996934	2
7	5700001	1.07762	0.996934	2
7	5750001	0.906936	0.996934	2
7	5800001	0.876951	0.996934	2
7	5850001	0.89374	0.996934	2
7	5900001	1.08853	0.996934	2
7	5950001	1.05563	0.996934	2
7	6000001	0.882604	0.996934	2
7	6050001	1.0634	0.996934	2
7	6100001	0.929579	0.996934	2
7	6150001	1.14067	0.996934	2
7	6200001	0.760988	0.996934	2
7	6250001	1.08159	0.996934	2
7	6300001	0.845471	0.996934	2
7	6350001	0.909858	0.996934	2
7	6400001	1.19496	0.996934	2
7	6450001	0.781771	0.996934	2
7	6500001	1.22507	0.996934	2
7	6550001	0.876702	0.996934	2
7	6600001	1.38229	0.996934	2
7	6650001	0.517299	0.996934	2
7	6700001	1.0802	0.996934	2
7	6750001	0.968717	0.996934	2
7	6800001	0.926341	0.996934	2
7	6850001	1.10956	0.996934	2
7	6900001	1.03354	0.996934	2
7	6950001	0.94473	0.996934	2
7	7000001	0.960933	0.996934	2
7	7050001	1.10989	0.996934	2
7	7100001	1.25425	0.996934	2
7	7150001	1.0395	0.996934	2
7	7200001	1.09515	0.996934	2
7	7250001	1.14934	0.996934	2
7	7300001	1.09671	0.996934	2
7	7350001	0.938769	0.996934	2
7	7400001	0.958759	0.996934	2
7	7450001	0.862374	0.996934	2
7	7500001	0.89035	0.996934	2
7	7550001	1.19905	0.996934	2
7	7600001	1.08128	0.996934	2
7	7650001	0.989111	0.996934	2
7	7700001	1.0052	0.996934	2
7	7750001	1.21257	0.996934	2
7	7800001	1.22466	0.996934	2
7	7850001	1.27681	0.996934	2
7	7900001	1.22268	0.996934	2
7	7950001	1.09396	0.996934	2
7	8000001	0.974124	0.996934	2
7	8050001	0.96303	0.996934	2
7	8100001	1.05086	0.996934	2
7	8150001	0.786168	0.996934	2
7	8200001	1.0932	0.996934	2
7	8250001	1.09053	0.996934	2
7	8300001	1.032	0.996934	2
7	8350001	1.0806	0.996934	2
7	8400001	0.998088	0.996934	2
7	8450001	0.866436	0.996934	2
7	8500001	1.05528	0.996934	2
7	8550001	0.988636	0.996934	2
7	8600001	0.708006	0.996934	2
7	8650001	0.990009	0.996934	2
7	8700001	0.821808	0.996934	2
7	8750001	1.01232	0.996934	2
7	8800001	0.594214	0.996934	2
7	8850001	1.04529	0.996934	2
7	8900001	0.851607	0.996934	2
7	8950001	0.931695	0.996934	2
7	9000001	1.18861	0.996934	2
7	9050001	0.968038	0.996934	2
7	9100001	0.827239	0.996934	2
7	9150001	0.908861	0.996934	2
7	9200001	0.997995	0.996934	2
7	9250001	0.803172	0.996934	2
7	9300001	1.01399	0.996934	2
7	9350001	0.904199	0.996934	2
7	9400001	1.17611	0.996934	2
7	9450001	0.941463	0.996934	2
7	9500001	0.899937	0.996934	2
7	9550001	0.860115	0.996934	2
7	9600001	1.02004	0.996934	2
7	9650001	1.25318	0.996934	2
7	9700001	0.969711	0.996934	2
7	9750001	0.91589	0.996934	2
7	9800001	0.96443	0.996934	2
7	9850001	0.835475	0.996934	2
7	9900001	0.955709	0.996934	2
7	9950001	1.01207	0.996934	2
7	10000001	0.867274	0.996934	2
7	10050001	0.821009	0.996934	2
7	10100001	1.10044	0.996934	2
7	10150001	0.988317	0.996934	2
7	10200001	1.14063	0.996934	2
7	10250001	1.03081	0.996934	2
7	10300001	0.941752	0.996934	2
7	10350001	0.996665	0.996934	2
7	10400001	1.16145	0.996934	2
7	10450001	1.0165	0.996934	2
7	10500001	1.0929	0.996934	2
7	10550001	0.964449	0.996934	2
7	10600001	0.941663	0.996934	2
7	10650001	0.908413	0.996934	2
7	10700001	0.993578	0.996934	2
7	10750001	0.967786	0.996934	2
7	10800001	0.91583	0.996934	2
7	10850001	1.0467	0.996934	2
7	10900001	1.01523	0.996934	2
7	10950001	0.661442	0.996934	2
7	11000001	1.00071	0.996934	2
7	11050001	1.06179	0.996934	2
7	11100001	1.00654	0.996934	2
7	11150001	0.996936	0.996934	2
7	11200001	1.08064	0.996934	2
7	11250001	1.30887	0.996934	2
7	11300001	1.04688	0.996934	2
7	11350001	1.21102	0.996934	2
7	11400001	1.11369	0.996934	2
7	11450001	1.01208	0.996934	2
7	11500001	1.20309	0.996934	2
7	11550001	0.999217	0.996934	2
7	11600001	1.19193	0.996934	2
7	11650001	1.0286	0.996934	2
7	11700001	0.915413	0.996934	2
7	11750001	0.963651	0.996934	2
7	11800001	1.02878	0.996934	2
7	11850001	1.07729	0.996934	2
7	11900001	1.01369	0.996934	2
7	11950001	0.965113	0.996934	2
7	12000001	0.891321	0.996934	2
7	12050001	1.14385	0.996934	2
7	12100001	0.83633	0.996934	2
7	12150001	1.35729	0.996934	2
7	12200001	0.979703	0.996934	2
7	12250001	1.10651	0.996934	2
7	12300001	0.774874	0.996934	2
7	12350001	1.20477	0.996934	2
7	12400001	1.13268	0.996934	2
7	12450001	0.771648	0.996934	2
7	12500001	1.23485	0.996934	2
7	12550001	1.18301	0.996934	2
7	12600001	1.3175	0.996934	2
7	12650001	1.18593	0.996934	2
7	12700001	0.941124	0.996934	2
7	12750001	1.02173	0.996934	2
7	12800001	0.993225	0.996934	2
7	12850001	1.00909	0.996934	2
7	12900001	1.16751	0.996934	2
7	12950001	1.09403	0.996934	2
7	13000001	0.662943	0.996934	2
7	13050001	1.01328	0.996934	2
7	13100001	0.945814	0.996934	2
7	13150001	1.2142	0.996934	2
7	13200001	1.32659	0.996934	2
7	13250001	1.11703	0.996934	2
7	13300001	0.770898	0.996934	2
7	13350001	1.36518	0.996934	2
7	13400001	1.11024	0.996934	2
7	13450001	0.992596	0.996934	2
7	13500001	0.778982	0.996934	2
7	13550001	1.06806	0.996934	2
7	13600001	1.02035	0.996934	2
7	13650001	0.852646	0.996934	2
7	13700001	0.99644	0.996934	2
7	13750001	0.981755	0.996934	2
7	13800001	0.87433	0.996934	2
7	13850001	1.06786	0.996934	2
7	13900001	0.871516	0.996934	2
7	13950001	1.10568	0.996934	2
7	14000001	0.838078	0.996934	2
7	14050001	0.784478	0.996934	2
7	14100001	0.926273	0.996934	2
7	14150001	1.047	0.996934	2
7	14200001	0.754818	0.996934	2
7	14250001	1.25864	0.996934	2
7	14300001	1.22217	0.996934	2
7	14350001	1.05479	0.996934	2
7	14400001	0.92344	0.996934	2
7	14450001	1.16471	0.996934	2
7	14500001	1.17273	0.996934	2
7	14550001	1.14032	0.996934	2
7	14600001	1.01267	0.996934	2
7	14650001	0.900275	0.996934	2
7	14700001	0.961354	0.996934	2
7	14750001	0.950183	0.996934	2
7	14800001	1.01467	0.996934	2
7	14850001	0.835571	0.996934	2
7	14900001	1.13239	0.996934	2
7	14950001	1.14833	0.996934	2
7	15000001	1.24956	0.996934	2
7	15050001	0.756952	0.996934	2
7	15100001	1.07028	0.996934	2
7	15150001	0.878564	0.996934	2
7	15200001	0.907381	0.996934	2
7	15250001	0.918495	0.996934	2
7	15300001	1.09231	0.996934	2
7	15350001	1.01321	0.996934	2
7	15400001	1.15672	0.996934	2
7	15450001	1.07601	0.996934	2
7	15500001	1.02825	0.996934	2
7	15550001	1.1275	0.996934	2
7	15600001	0.971662	0.996934	2
7	15650001	0.876635	0.996934	2
7	15700001	0.851202	0.996934	2
7	15750001	1.1427	0.996934	2
7	15800001	1.38631	0.996934	2
7	15850001	1.05013	0.996934	2
7	15900001	1.16621	0.996934	2
7	15950001	1.09721	0.996934	2
7	16000001	1.13515	0.996934	2
7	16050001	0.998457	0.996934	2
7	16100001	1.11012	0.996934	2
7	16150001	0.708277	0.996934	2
7	16200001	0.949979	0.996934	2
7	16250001	0.950882	0.996934	2
7	16300001	0.775585	0.996934	2
7	16350001	0.833957	0.996934	2
7	16400001	1.30536	0.996934	2
7	16450001	0.938708	0.996934	2
7	16500001	1.20587	0.996934	2
7	16550001	1.0644	0.996934	2
7	16600001	1.2512	0.996934	2
7	16650001	0.967037	0.996934	2
7	16700001	1.11794	0.996934	2
7	16750001	0.985741	0.996934	2
7	16800001	0.920775	0.996934	2
7	16850001	1.0676	0.996934	2
7	16900001	0.996934	0.996934	2
7	16950001	0.882043	0.996934	2
7	17000001	0.935787	0.996934	2
7	17050001	1.06493	0.996934	2
7	17100001	1.12233	0.996934	2
7	17150001	1.17113	0.996934	2
7	17200001	1.31633	0.996934	2
7	17250001	1.16759	0.996934	2
7	17300001	1.36527	0.996934	2
7	17350001	1.4442	0.996934	2
7	17400001	0.935258	0.996934	2
7	17450001	1.09001	0.996934	2
7	17500001	1.10067	0.996934	2
7	17550001	1.00831	0.996934	2
7	17600001	1.4851	0.996934	2
7	17650001	1.06865	0.996934	2
7	17700001	1.35068	0.996934	2
7	17750001	1.12326	0.996934	2
7	17800001	1.06052	0.996934	2
7	17850001	1.06064	0.996934	2
7	17900001	1.03009	0.996934	2
7	17950001	1.5222	0.996934	2
7	18000001	0.887171	0.996934	2
7	18050001	1.13117	0.996934	2
7	18100001	1.10409	0.996934	2
7	18150001	1.11448	0.996934	2
7	18200001	1.07055	0.996934	2
7	18250001	1.20365	0.996934	2
7	18300001	0.908088	0.996934	2
7	18350001	1.06217	0.996934	2
7	18400001	0.845875	0.996934	2
7	18450001	0.964162	0.996934	2
7	18500001	1.00516	0.996934	2
7	18550001	0.943846	0.996934	2
7	18600001	0.908186	0.996934	2
7	18650001	1.14034	0.996934	2
7	18700001	1.03495	0.996934	2
7	18750001	0.752707	0.996934	2
7	18800001	0.916321	0.996934	2
7	18850001	1.18093	0.996934	2
7	18900001	0.948449	0.996934	2
7	18950001	1.22317	0.996934	2
7	19000001	1.13727	0.996934	2
7	19050001	1.07752	0.996934	2
7	19100001	0.96017	0.996934	2
7	19150001	0.661959	0.996934	2
7	19200001	1.02495	0.996934	2
7	19250001	0.811451	0.996934	2
7	19300001	1.0306	0.996934	2
7	19350001	0.917232	0.996934	2
7	19400001	1.03171	0.996934	2
7	19450001	0.962853	0.996934	2
7	19500001	1.06028	0.996934	2
7	19550001	1.12494	0.996934	2
7	19600001	1.26653	0.996934	2
7	19650001	0.768291	0.996934	2
7	19700001	0.868256	0.996934	2
7	19750001	1.11783	0.996934	2
7	19800001	1.24464	0.996934	2
7	19850001	1.06581	0.996934	2
7	19900001	1.08349	0.996934	2
7	19950001	1.10648	0.996934	2
7	20000001	0.795676	0.996934	2
7	20050001	0.897961	0.996934	2
7	20100001	1.02782	0.996934	2
7	20150001	1.25529	0.996934	2
7	20200001	0.914838	0.996934	2
7	20250001	0.915516	0.996934	2
7	20300001	0.852336	0.996934	2
7	20350001	0.841953	0.996934	2
7	20400001	1.18431	0.996934	2
7	20450001	0.973686	0.996934	2
7	20500001	0.93568	0.996934	2
7	20550001	0.918443	0.996934	2
7	20600001	0.798853	0.996934	2
7	20650001	1.09401	0.996934	2
7	20700001	0.990207	0.996934	2
7	20750001	1.02108	0.996934	2
7	20800001	1.07111	0.996934	2
7	20850001	1.03967	0.996934	2
7	20900001	0.895975	0.996934	2
7	20950001	0.860532	0.996934	2
7	21000001	1.21688	0.996934	2
7	21050001	0.966746	0.996934	2
7	21100001	1.05892	0.996934	2
7	21150001	1.08826	0.996934	2
7	21200001	0.664552	0.996934	2
7	21250001	0.873268	0.996934	2
7	21300001	1.10742	0.996934	2
7	21350001	1.14744	0.996934	2
7	21400001	1.08287	0.996934	2
7	21450001	1.075	0.996934	2
7	21500001	1.15725	0.996934	2
7	21550001	0.838954	0.996934	2
7	21600001	0.852272	0.996934	2
7	21650001	1.03544	0.996934	2
7	21700001	1.43033	0.996934	2
7	21750001	0.951852	0.996934	2
7	21800001	1.1648	0.996934	2
7	21850001	1.094	0.996934	2
7	21900001	0.956213	0.996934	2
7	21950001	1.09897	0.996934	2
7	22000001	0.947043	0.996934	2
7	22050001	0.790281	0.996934	2
7	22100001	0.850377	0.996934	2
7	22150001	1.29777	0.996934	2
7	22200001	1.09428	0.996934	2
7	22250001	1.16081	0.996934	2
7	22300001	1.14427	0.996934	2
7	22350001	1.12589	0.996934	2
7	22400001	1.21511	0.996934	2
7	22450001	1.28893	0.996934	2
7	22500001	1.01251	0.996934	2
7	22550001	1.29453	0.996934	2
7	22600001	1.13415	0.996934	2
7	22650001	0.881274	0.996934	2
7	22700001	1.12676	0.996934	2
7	22750001	0.674232	0.996934	2
7	22800001	1.1729	0.996934	2
7	22850001	0.868403	0.996934	2
7	22900001	1.0066	0.996934	2
7	22950001	1.06031	0.996934	2
7	23000001	1.07919	0.996934	2
7	23050001	0.907811	0.996934	2
7	23100001	1.27294	0.996934	2
7	23150001	1.17214	0.996934	2
7	23200001	0.877567	0.996934	2
7	23250001	1.01249	0.996934	2
7	23300001	0.819216	0.996934	2
7	23350001	1.02582	0.996934	2
7	23400001	0.93406	0.996934	2
7	23450001	1.1602	0.996934	2
7	23500001	1.04372	0.996934	2
7	23550001	1.13415	0.996934	2
7	23600001	0.826437	0.996934	2
7	23650001	0.92061	0.996934	2
7	23700001	0.658866	0.996934	2
7	23750001	1.22186	0.996934	2
7	23800001	0.968168	0.996934	2
7	23850001	1.13843	0.996934	2
7	23900001	1.1037	0.996934	2
7	23950001	0.946274	0.996934	2
7	24000001	0.834284	0.996934	2
7	24050001	1.13028	0.996934	2
7	24100001	1.03462	0.996934	2
7	24150001	1.13152	0.996934	2
7	24200001	0.801595	0.996934	2
7	24250001	1.09693	0.996934	2
7	24300001	1.07792	0.996934	2
7	24350001	1.30947	0.996934	2
7	24400001	0.870269	0.996934	2
7	24450001	0.982846	0.996934	2
7	24500001	1.06736	0.996934	2
7	24550001	1.0973	0.996934	2
7	24600001	0.980731	0.996934	2
7	24650001	0.820194	0.996934	2
7	24700001	1.15636	0.996934	2
7	24750001	1.03466	0.996934	2
7	24800001	0.86849	0.996934	2
7	24850001	1.03801	0.996934	2
7	24900001	1.01768	0.996934	2
7	24950001	0.841154	0.996934	2
7	25000001	1.08527	0.996934	2
7	25050001	1.1449	0.996934	2
7	25100001	1.12878	0.996934	2
7	25150001	1.06075	0.996934	2
7	25200001	0.981569	0.996934	2
7	25250001	0.977733	0.996934	2
7	25300001	1.20559	0.996934	2
7	25350001	1.11464	0.996934	2
7	25400001	1.04595	0.996934	2
7	25450001	0.929673	0.996934	2
7	25500001	1.26816	0.996934	2
7	25550001	0.835044	0.996934	2
7	25600001	1.01462	0.996934	2
7	25650001	1.16071	0.996934	2
7	25700001	0.972772	0.996934	2
7	25750001	0.95072	0.996934	2
7	25800001	0.832929	0.996934	2
7	25850001	1.04494	0.996934	2
7	25900001	1.02339	0.996934	2
7	25950001	1.03373	0.996934	2
7	26000001	1.11835	0.996934	2
7	26050001	0.793876	0.996934	2
7	26100001	0.881203	0.996934	2
7	26150001	0.906848	0.996934	2
7	26200001	1.22961	0.996934	2
7	26250001	0.943855	0.996934	2
7	26300001	0.882298	0.996934	2
7	26350001	1.12617	0.996934	2
7	26400001	1.10334	0.996934	2
7	26450001	0.869065	0.996934	2
7	26500001	0.890097	0.996934	2
7	26550001	1.00507	0.996934	2
7	26600001	0.951668	0.996934	2
7	26650001	0.809259	0.996934	2
7	26700001	1.04622	0.996934	2
7	26750001	1.08094	0.996934	2
7	26800001	0.967029	0.996934	2
7	26850001	1.05273	0.996934	2
7	26900001	0.979964	0.996934	2
7	26950001	1.04002	0.996934	2
7	27000001	1.14742	0.996934	2
7	27050001	1.14686	0.996934	2
7	27100001	0.873487	0.996934	2
7	27150001	1.16769	0.996934	2
7	27200001	0.718682	0.996934	2
7	27250001	0.923929	0.996934	2
7	27300001	1.00365	0.996934	2
7	27350001	0.885902	0.996934	2
7	27400001	1.02598	0.996934	2
7	27450001	0.949437	0.996934	2
7	27500001	0.920541	0.996934	2
7	27550001	1.03103	0.996934	2
7	27600001	0.775275	0.996934	2
7	27650001	0.90442	0.996934	2
7	27700001	0.777971	0.996934	2
7	27750001	0.971806	0.996934	2
7	27800001	1.4405	0.996934	2
7	27850001	0.991276	0.996934	2
7	27900001	0.902145	0.996934	2
7	27950001	1.07555	0.996934	2
7	28000001	1.14138	0.996934	2
7	28050001	1.06926	0.996934	2
7	28100001	1.30422	0.996934	2
7	28150001	0.723717	0.996934	2
7	28200001	0.818535	0.996934	2
7	28250001	0.769435	0.996934	2
7	28300001	0.981545	0.996934	2
7	28350001	0.877213	0.996934	2
7	28400001	0.869586	0.996934	2
7	28450001	1.37455	0.996934	2
7	28500001	0.816929	0.996934	2
7	28550001	1.18684	0.996934	2
7	28600001	1.35957	0.996934	2
7	28650001	1.01472	0.996934	2
7	28700001	0.90432	0.996934	2
7	28750001	0.90793	0.996934	2
7	28800001	0.97128	0.996934	2
7	28850001	0.875427	0.996934	2
7	28900001	1.0289	0.996934	2
7	28950001	1.12847	0.996934	2
7	29000001	0.88706	0.996934	2
7	29050001	0.812229	0.996934	2
7	29100001	1.05421	0.996934	2
7	29150001	1.12779	0.996934	2
7	29200001	1.11838	0.996934	2
7	29250001	1.12067	0.996934	2
7	29300001	0.931311	0.996934	2
7	29350001	1.19316	0.996934	2
7	29400001	1.15242	0.996934	2
7	29450001	0.818248	0.996934	2
7	29500001	1.15746	0.996934	2
7	29550001	1.15853	0.996934	2
7	29600001	1.00248	0.996934	2
7	29650001	0.874106	0.996934	2
7	29700001	0.804074	0.996934	2
7	29750001	1.16365	0.996934	2
7	29800001	0.69433	0.996934	2
7	29850001	1.14161	0.996934	2
7	29900001	0.989123	0.996934	2
7	29950001	1.0116	0.996934	2
7	30000001	0.893064	0.996934	2
7	30050001	1.19804	0.996934	2
7	30100001	1.05666	0.996934	2
7	30150001	1.1049	0.996934	2
7	30200001	1.13919	0.996934	2
7	30250001	1.12396	0.996934	2
7	30300001	0.896456	0.996934	2
7	30350001	0.854349	0.996934	2
7	30400001	1.42356	0.996934	2
7	30450001	1.04277	0.996934	2
7	30500001	1.00743	0.996934	2
7	30550001	1.26821	0.996934	2
7	30600001	1.05794	0.996934	2
7	30650001	1.96617	0.996934	2
7	30700001	0.927844	0.996934	2
7	30750001	0.969611	0.996934	2
7	30800001	0.824937	0.996934	2
7	30850001	1.04875	0.996934	2
7	30900001	1.19313	0.996934	2
7	30950001	0.700453	0.996934	2
7	31000001	1.12605	0.996934	2
7	31050001	0.885744	0.996934	2
7	31100001	0.772857	0.996934	2
7	31150001	0.845827	0.996934	2
7	31200001	0.891708	0.996934	2
7	31250001	0.890083	0.996934	2
7	31300001	0.929266	0.996934	2
7	31350001	1.22681	0.996934	2
7	31400001	0.989426	0.996934	2
7	31450001	1.04273	0.996934	2
7	31500001	1.19488	0.996934	2
7	31550001	1.06233	0.996934	2
7	31600001	1.02692	0.996934	2
7	31650001	1.19138	0.996934	2
7	31700001	1.01575	0.996934	2
7	31750001	0.645154	0.996934	2
7	31800001	0.891382	0.996934	2
7	31850001	0.995229	0.996934	2
7	31900001	0.872065	0.996934	2
7	31950001	0.958477	0.996934	2
7	32000001	1.24278	0.996934	2
7	32050001	1.13291	0.996934	2
7	32100001	1.01112	0.996934	2
7	32150001	0.863521	0.996934	2
7	32200001	0.854344	0.996934	2
7	32250001	0.91914	0.996934	2
7	32300001	1.01078	0.996934	2
7	32350001	0.713356	0.996934	2
7	32400001	1.05593	0.996934	2
7	32450001	0.953973	0.996934	2
7	32500001	1.10786	0.996934	2
7	32550001	0.977827	0.996934	2
7	32600001	1.03623	0.996934	2
7	32650001	0.969805	0.996934	2
7	32700001	0.976928	0.996934	2
7	32750001	0.834164	0.996934	2
7	32800001	1.11199	0.996934	2
7	32850001	1.20441	0.996934	2
7	32900001	1.13991	0.996934	2
7	32950001	1.0688	0.996934	2
7	33000001	0.898267	0.996934	2
7	33050001	0.88913	0.996934	2
7	33100001	1.0875	0.996934	2
7	33150001	0.873728	0.996934	2
7	33200001	0.75083	0.996934	2
7	33250001	1.07033	0.996934	2
7	33300001	0.70219	0.996934	2
7	33350001	1.11044	0.996934	2
7	33400001	0.906267	0.996934	2
7	33450001	0.810872	0.996934	2
7	33500001	1.20246	0.996934	2
7	33550001	1.09602	0.996934	2
7	33600001	0.794064	0.996934	2
7	33650001	0.833458	0.996934	2
7	33700001	1.01636	0.996934	2
7	33750001	1.08894	0.996934	2
7	33800001	1.15164	0.996934	2
7	33850001	1.03984	0.996934	2
7	33900001	0.910223	0.996934	2
7	33950001	1.00436	0.996934	2
7	34000001	1.04648	0.996934	2
7	34050001	1.04051	0.996934	2
7	34100001	1.00257	0.996934	2
7	34150001	0.952299	0.996934	2
7	34200001	1.10479	0.996934	2
7	34250001	0.843941	0.996934	2
7	34300001	0.95525	0.996934	2
7	34350001	0.922789	0.996934	2
7	34400001	0.717702	0.996934	2
7	34450001	0.845888	0.996934	2
7	34500001	0.91942	0.996934	2
7	34550001	1.14971	0.996934	2
7	34600001	0.870276	0.996934	2
7	34650001	1.08069	0.996934	2
7	34700001	0.983914	0.996934	2
7	34750001	0.963125	0.996934	2
7	34800001	1.10385	0.996934	2
7	34850001	0.873805	0.996934	2
7	34900001	1.13815	0.996934	2
7	34950001	0.98834	0.996934	2
7	35000001	0.902398	0.996934	2
7	35050001	0.732763	0.996934	2
7	35100001	0.860789	0.996934	2
7	35150001	0.908224	0.996934	2
7	35200001	0.933927	0.996934	2
7	35250001	1.1629	0.996934	2
7	35300001	0.772617	0.996934	2
7	35350001	1.20717	0.996934	2
7	35400001	1.18663	0.996934	2
7	35450001	1.04973	0.996934	2
7	35500001	0.990387	0.996934	2
7	35550001	1.07381	0.996934	2
7	35600001	1.03112	0.996934	2
7	35650001	0.912295	0.996934	2
7	35700001	0.889463	0.996934	2
7	35750001	1.16165	0.996934	2
7	35800001	1.23851	0.996934	2
7	35850001	1.12528	0.996934	2
7	35900001	1.08946	0.996934	2
7	35950001	0.822402	0.996934	2
7	36000001	1.02642	0.996934	2
7	36050001	0.916182	0.996934	2
7	36100001	1.33821	0.996934	2
7	36150001	1.24325	0.996934	2
7	36200001	1.10227	0.996934	2
7	36250001	1.12274	0.996934	2
7	36300001	0.799054	0.996934	2
7	36350001	1.09473	0.996934	2
7	36400001	1.22054	0.996934	2
7	36450001	1.02798	0.996934	2
7	36500001	1.13548	0.996934	2
7	36550001	0.919645	0.996934	2
7	36600001	1.09042	0.996934	2
7	36650001	1.01189	0.996934	2
7	36700001	0.889005	0.996934	2
7	36750001	1.07053	0.996934	2
7	36800001	1.0002	0.996934	2
7	36850001	1.06447	0.996934	2
7	36900001	1.18563	0.996934	2
7	36950001	0.961909	0.996934	2
7	37000001	1.28381	0.996934	2
7	37050001	1.1666	0.996934	2
7	37100001	1.10194	0.996934	2
7	37150001	1.27042	0.996934	2
7	37200001	0.841301	0.996934	2
7	37250001	1.20432	0.996934	2
7	37300001	0.710725	0.996934	2
7	37350001	0.983643	0.996934	2
7	37400001	0.962462	0.996934	2
7	37450001	1.36558	0.996934	2
7	37500001	1.18767	0.996934	2
7	37550001	1.09462	0.996934	2
7	37600001	0.909454	0.996934	2
7	37650001	0.893201	0.996934	2
7	37700001	1.03623	0.996934	2
7	37750001	0.867629	0.996934	2
7	37800001	1.10721	0.996934	2
7	37850001	0.852827	0.996934	2
7	37900001	1.2981	0.996934	2
7	37950001	1.11961	0.996934	2
7	38000001	0.878886	0.996934	2
7	38050001	1.00552	0.996934	2
7	38100001	0.875055	0.996934	2
7	38150001	0.797506	0.996934	2
7	38200001	1.20517	0.996934	2
7	38250001	0.911995	0.996934	2
7	38300001	0.756694	0.996934	2
7	38350001	1.09277	0.996934	2
7	38400001	0.794372	0.996934	2
7	38450001	1.03078	0.996934	2
7	38500001	1.03155	0.996934	2
7	38550001	0.849535	0.996934	2
7	38600001	1.07012	0.996934	2
7	38650001	0.902909	0.996934	2
7	38700001	0.94419	0.996934	2
7	38750001	1.01263	0.996934	2
7	38800001	0.98876	0.996934	2
7	38850001	0.887009	0.996934	2
7	38900001	1.11286	0.996934	2
7	38950001	0.823009	0.996934	2
7	39000001	0.842265	0.996934	2
7	39050001	1.16343	0.996934	2
7	39100001	0.725715	0.996934	2
7	39150001	1.05444	0.996934	2
7	39200001	0.901748	0.996934	2
7	39250001	1.24071	0.996934	2
7	39300001	1.11029	0.996934	2
7	39350001	1.00974	0.996934	2
7	39400001	1.13206	0.996934	2
7	39450001	0.90402	0.996934	2
7	39500001	0.767504	0.996934	2
7	39550001	0.778312	0.996934	2
7	39600001	0.912617	0.996934	2
7	39650001	0.634813	0.996934	2
7	39700001	1.27466	0.996934	2
7	39750001	1.08109	0.996934	2
7	39800001	0.817772	0.996934	2
7	39850001	0.854277	0.996934	2
7	39900001	0.812168	0.996934	2
7	39950001	0.694851	0.996934	2
7	40000001	0.992174	0.996934	2
7	40050001	1.13047	0.996934	2
7	40100001	1.0776	0.996934	2
7	40150001	0.795972	0.996934	2
7	40200001	0.823778	0.996934	2
7	40250001	0.899929	0.996934	2
7	40300001	1.05484	0.996934	2
7	40350001	1.04183	0.996934	2
7	40400001	0.92135	0.996934	2
7	40450001	0.92922	0.996934	2
7	40500001	0.892293	0.996934	2
7	40550001	0.949603	0.996934	2
7	40600001	1.03812	0.996934	2
7	40650001	0.839528	0.996934	2
7	40700001	1.0691	0.996934	2
7	40750001	0.603532	0.996934	2
7	40800001	0.797405	0.996934	2
7	40850001	1.09836	0.996934	2
7	40900001	0.949406	0.996934	2
7	40950001	0.908154	0.996934	2
7	41000001	0.753929	0.996934	2
7	41050001	1.11205	0.996934	2
7	41100001	0.781672	0.996934	2
7	41150001	1.071	0.996934	2
7	41200001	0.999636	0.996934	2
7	41250001	0.784977	0.996934	2
7	41300001	1.07071	0.996934	2
7	41350001	1.10249	0.996934	2
7	41400001	0.970635	0.996934	2
7	41450001	0.696279	0.996934	2
7	41500001	1.00209	0.996934	2
7	41550001	1.11623	0.996934	2
7	41600001	0.867466	0.996934	2
7	41650001	0.991848	0.996934	2
7	41700001	0.811626	0.996934	2
7	41750001	0.933619	0.996934	2
7	41800001	0.842628	0.996934	2
7	41850001	1.02727	0.996934	2
7	41900001	0.972635	0.996934	2
7	41950001	0.943079	0.996934	2
7	42000001	1.15406	0.996934	2
7	42050001	1.14075	0.996934	2
7	42100001	0.984078	0.996934	2
7	42150001	0.990661	0.996934	2
7	42200001	0.915979	0.996934	2
7	42250001	1.28058	0.996934	2
7	42300001	1.03372	0.996934	2
7	42350001	0.788832	0.996934	2
7	42400001	0.700424	0.996934	2
7	42450001	1.00286	0.996934	2
7	42500001	0.999932	0.996934	2
7	42550001	1.22271	0.996934	2
7	42600001	1.20936	0.996934	2
7	42650001	0.84923	0.996934	2
7	42700001	1.09434	0.996934	2
7	42750001	1.1089	0.996934	2
7	42800001	1.27927	0.996934	2
7	42850001	1.00124	0.996934	2
7	42900001	0.829601	0.996934	2
7	42950001	1.00413	0.996934	2
7	43000001	1.22283	0.996934	2
7	43050001	1.19188	0.996934	2
7	43100001	0.926415	0.996934	2
7	43150001	0.711832	0.996934	2
7	43200001	0.948091	0.996934	2
7	43250001	1.0071	0.996934	2
7	43300001	0.947454	0.996934	2
7	43350001	0.956325	0.996934	2
7	43400001	0.908792	0.996934	2
7	43450001	0.891549	0.996934	2
7	43500001	1.25103	0.996934	2
7	43550001	0.86705	0.996934	2
7	43600001	0.864418	0.996934	2
7	43650001	1.33001	0.996934	2
7	43700001	0.946186	0.996934	2
7	43750001	1.22282	0.996934	2
7	43800001	1.27927	0.996934	2
7	43850001	1.12856	0.996934	2
7	43900001	1.09039	0.996934	2
7	43950001	1.49164	0.996934	2
7	44000001	0.759534	0.996934	2
7	44050001	1.45269	0.996934	2
7	44100001	0.804009	0.996934	2
7	44150001	0.664756	0.996934	2
7	44200001	1.92976	0.996934	2
7	44250001	0.57206	0.996934	2
7	44300001	0.675042	0.996934	2
7	44350001	0.747845	0.996934	2
7	44400001	0.894964	0.996934	2
7	44450001	0.973499	0.996934	2
7	44500001	1.73341	0.996934	2
7	44550001	0.870891	0.996934	2
7	44600001	1.02615	0.996934	2
7	44650001	1.20172	0.996934	2
7	44700001	0.656349	0.996934	2
7	44750001	1.28211	0.996934	2
7	44800001	0.697252	0.996934	2
7	44850001	0.780775	0.996934	2
7	44900001	1.08939	0.996934	2
7	44950001	1.25457	0.996934	2
7	45000001	0.42887	0.996934	2
7	45050001	1.02786	0.996934	2
7	45100001	0.968834	0.996934	2
7	45150001	1.21602	0.996934	2
7	45200001	0.760526	0.996934	2
7	45250001	0.883604	0.996934	2
7	45300001	1.0129	0.996934	2
7	45350001	0.738614	0.996934	2
7	45400001	1.02944	0.996934	2
7	45450001	0.931051	0.996934	2
7	45500001	1.07927	0.996934	2
7	45550001	1.37031	0.996934	2
7	45600001	0.62873	0.996934	2
7	45650001	1.11653	0.996934	2
7	45700001	0.875747	0.996934	2
7	45750001	0.744388	0.996934	2
7	45800001	1.08779	0.996934	2
7	45850001	0.95785	0.996934	2
7	45900001	0.761848	0.996934	2
7	45950001	0.92703	0.996934	2
7	46000001	0.958003	0.996934	2
7	46050001	0.928209	0.996934	2
7	46100001	0.954095	0.996934	2
7	46150001	0.871367	0.996934	2
7	46200001	1.22889	0.996934	2
7	46250001	1.12706	0.996934	2
7	46300001	0.992754	0.996934	2
7	46350001	1.07291	0.996934	2
7	46400001	1.09048	0.996934	2
7	46450001	1.20583	0.996934	2
7	46500001	1.0032	0.996934	2
7	46550001	1.18344	0.996934	2
7	46600001	0.923026	0.996934	2
7	46650001	1.32252	0.996934	2
7	46700001	1.03942	0.996934	2
7	46750001	0.939893	0.996934	2
7	46800001	0.832005	0.996934	2
7	46850001	1.1004	0.996934	2
7	46900001	1.07878	0.996934	2
7	46950001	1.17402	0.996934	2
7	47000001	1.04893	0.996934	2
7	47050001	0.83049	0.996934	2
7	47100001	1.09193	0.996934	2
7	47150001	1.03196	0.996934	2
7	47200001	0.979332	0.996934	2
7	47250001	1.11252	0.996934	2
7	47300001	0.915579	0.996934	2
7	47350001	1.11025	0.996934	2
7	47400001	0.897426	0.996934	2
7	47450001	1.22135	0.996934	2
7	47500001	0.760901	0.996934	2
7	47550001	0.916847	0.996934	2
7	47600001	0.847176	0.996934	2
7	47650001	0.930969	0.996934	2
7	47700001	0.928723	0.996934	2
7	47750001	0.806739	0.996934	2
7	47800001	0.947149	0.996934	2
7	47850001	0.924231	0.996934	2
7	47900001	0.677226	0.996934	2
7	47950001	1.23389	0.996934	2
7	48000001	0.930796	0.996934	2
7	48050001	0.730526	0.996934	2
7	48100001	0.933932	0.996934	2
7	48150001	-1	0.996934	2
7	48200001	-1	0.996934	2
7	48250001	1.09856	0.996934	2
7	48300001	1.11581	0.996934	2
7	48350001	0.987208	0.996934	2
7	48400001	0.930912	0.996934	2
7	48450001	1.37944	0.996934	2
7	48500001	1.03311	0.996934	2
7	48550001	0.868192	0.996934	2
7	48600001	1.25871	0.996934	2
7	48650001	0.978269	0.996934	2
7	48700001	0.945386	0.996934	2
7	48750001	0.992514	0.996934	2
7	48800001	0.999952	0.996934	2
7	48850001	0.764074	0.996934	2
7	48900001	1.11153	0.996934	2
7	48950001	0.89873	0.996934	2
7	49000001	1.0072	0.996934	2
7	49050001	0.915472	0.996934	2
7	49100001	1.09745	0.996934	2
7	49150001	0.878144	0.996934	2
7	49200001	0.976464	0.996934	2
7	49250001	0.953333	0.996934	2
7	49300001	0.931849	0.996934	2
7	49350001	1.06065	0.996934	2
7	49400001	0.976456	0.996934	2
7	49450001	0.687316	0.996934	2
7	49500001	0.934926	0.996934	2
7	49550001	1.34301	0.996934	2
7	49600001	0.860721	0.996934	2
7	49650001	0.897628	0.996934	2
7	49700001	0.653625	0.996934	2
7	49750001	0.736108	0.996934	2
7	49800001	0.844544	0.996934	2
7	49850001	0.85174	0.996934	2
7	49900001	0.955937	0.996934	2
7	49950001	1.01271	0.996934	2
7	50000001	0.860379	0.996934	2
7	50050001	1.1896	0.996934	2
7	50100001	0.804507	0.996934	2
7	50150001	0.887369	0.996934	2
7	50200001	1.00789	0.996934	2
7	50250001	1.28381	0.996934	2
7	50300001	-1	0.996934	2
7	50350001	-1	0.996934	2
7	50400001	0.738217	0.996934	2
7	50450001	1.03067	0.996934	2
7	50500001	0.867107	0.996934	2
7	50550001	1.30781	0.996934	2
7	50600001	0.916723	0.996934	2
7	50650001	0.801326	0.996934	2
7	50700001	0.937126	0.996934	2
7	50750001	0.837389	0.996934	2
7	50800001	0.957129	0.996934	2
7	50850001	0.835503	0.996934	2
7	50900001	0.875047	0.996934	2
7	50950001	0.721199	0.996934	2
7	51000001	0.910345	0.996934	2
7	51050001	1.12053	0.996934	2
7	51100001	0.940263	0.996934	2
7	51150001	1.08404	0.996934	2
7	51200001	0.957416	0.996934	2
7	51250001	1.01241	0.996934	2
7	51300001	0.997019	0.996934	2
7	51350001	1.04312	0.996934	2
7	51400001	0.879646	0.996934	2
7	51450001	0.901802	0.996934	2
7	51500001	0.777616	0.996934	2
7	51550001	0.827364	0.996934	2
7	51600001	1.04251	0.996934	2
7	51650001	0.946388	0.996934	2
7	51700001	0.873604	0.996934	2
7	51750001	1.02651	0.996934	2
7	51800001	1.09126	0.996934	2
7	51850001	1.05587	0.996934	2
7	51900001	1.12453	0.996934	2
7	51950001	0.713942	0.996934	2
7	52000001	0.787924	0.996934	2
7	52050001	0.939819	0.996934	2
7	52100001	0.660493	0.996934	2
7	52150001	0.793672	0.996934	2
7	52200001	1.08983	0.996934	2
7	52250001	0.966718	0.996934	2
7	52300001	0.84697	0.996934	2
7	52350001	1.01376	0.996934	2
7	52400001	0.973665	0.996934	2
7	52450001	0.875088	0.996934	2
7	52500001	0.916683	0.996934	2
7	52550001	1.32869	0.996934	2
7	52600001	1.14458	0.996934	2
7	52650001	0.87819	0.996934	2
7	52700001	0.951632	0.996934	2
7	52750001	0.999388	0.996934	2
7	52800001	1.04785	0.996934	2
7	52850001	1.37141	0.996934	2
7	52900001	0.932653	0.996934	2
7	52950001	0.779296	0.996934	2
7	53000001	1.08029	0.996934	2
7	53050001	0.847237	0.996934	2
7	53100001	1.13004	0.996934	2
7	53150001	0.979769	0.996934	2
7	53200001	1.03588	0.996934	2
7	53250001	1.1111	0.996934	2
7	53300001	0.811624	0.996934	2
7	53350001	1.22361	0.996934	2
7	53400001	0.907725	0.996934	2
7	53450001	0.947599	0.996934	2
7	53500001	1.04263	0.996934	2
7	53550001	1.13293	0.996934	2
7	53600001	1.04841	0.996934	2
7	53650001	0.944065	0.996934	2
7	53700001	1.06019	0.996934	2
7	53750001	1.08668	0.996934	2
7	53800001	0.883081	0.996934	2
7	53850001	0.965291	0.996934	2
7	53900001	1.03544	0.996934	2
7	53950001	0.923646	0.996934	2
7	54000001	0.876542	0.996934	2
7	54050001	1.07018	0.996934	2
7	54100001	0.985296	0.996934	2
7	54150001	1.24182	0.996934	2
7	54200001	1.27547	0.996934	2
7	54250001	0.993598	0.996934	2
7	54300001	1.18554	0.996934	2
7	54350001	1.01665	0.996934	2
7	54400001	1.09245	0.996934	2
7	54450001	1.29984	0.996934	2
7	54500001	0.66711	0.996934	2
7	54550001	1.37411	0.996934	2
7	54600001	1.19753	0.996934	2
7	54650001	1.01621	0.996934	2
7	54700001	0.926233	0.996934	2
7	54750001	1.37177	0.996934	2
7	54800001	1.17866	0.996934	2
7	54850001	1.10997	0.996934	2
7	54900001	1.06614	0.996934	2
7	54950001	0.8366	0.996934	2
7	55000001	1.07084	0.996934	2
7	55050001	0.838202	0.996934	2
7	55100001	1.31893	0.996934	2
7	55150001	1.15626	0.996934	2
7	55200001	0.977587	0.996934	2
7	55250001	1.02615	0.996934	2
7	55300001	0.901849	0.996934	2
7	55350001	1.06195	0.996934	2
7	55400001	0.897894	0.996934	2
7	55450001	0.993351	0.996934	2
7	55500001	1.32366	0.996934	2
7	55550001	1.04541	0.996934	2
7	55600001	0.882949	0.996934	2
7	55650001	0.889687	0.996934	2
7	55700001	1.07648	0.996934	2
7	55750001	1.18553	0.996934	2
7	55800001	0.637302	0.996934	2
7	55850001	1.08985	0.996934	2
7	55900001	1.2301	0.996934	2
7	55950001	1.06146	0.996934	2
7	56000001	0.984192	0.996934	2
7	56050001	0.817924	0.996934	2
7	56100001	0.991977	0.996934	2
7	56150001	0.950835	0.996934	2
7	56200001	0.920965	0.996934	2
7	56250001	1.14773	0.996934	2
7	56300001	0.895964	0.996934	2
7	56350001	1.085	0.996934	2
7	56400001	0.931511	0.996934	2
7	56450001	0.862101	0.996934	2
7	56500001	0.951696	0.996934	2
7	56550001	0.954598	0.996934	2
7	56600001	0.994472	0.996934	2
7	56650001	0.895366	0.996934	2
7	56700001	0.933248	0.996934	2
7	56750001	0.96087	0.996934	2
7	56800001	0.962442	0.996934	2
7	56850001	0.560811	0.996934	2
7	56900001	1.00013	0.996934	2
7	56950001	-1	0.996934	2
7	57000001	0.771801	0.996934	2
7	57050001	0.769025	0.996934	2
7	57100001	0.88497	0.996934	2
7	57150001	0.86353	0.996934	2
7	57200001	1.16428	0.996934	2
7	57250001	0.836557	0.996934	2
7	57300001	1.1323	0.996934	2
7	57350001	1.00408	0.996934	2
7	57400001	1.16612	0.996934	2
7	57450001	0.925196	0.996934	2
7	57500001	0.992749	0.996934	2
7	57550001	1.0071	0.996934	2
7	57600001	1.654	1.45511	3
7	57650001	1.69358	1.45511	3
7	57700001	1.45511	1.45511	3
7	57750001	0.979876	1.45511	3
7	57800001	0.861345	1.45511	3
7	57850001	1.11171	1.45511	3
7	57900001	1.71373	1.45511	3
7	57950001	1.98822	1.45511	3
7	58000001	1.0588	1.45511	3
7	58050001	-1	-1	3
7	58100001	-1	-1	3
7	58150001	-1	-1	3
7	58200001	-1	-1	3
7	58250001	-1	-1	3
7	58300001	-1	-1	3
7	58350001	-1	-1	3
7	58400001	-1	-1	3
7	58450001	-1	-1	3
7	58500001	-1	-1	3
7	58550001	-1	-1	3
7	58600001	-1	-1	3
7	58650001	-1	-1	3
7	58700001	-1	-1	3
7	58750001	-1	-1	3
7	58800001	-1	-1	3
7	58850001	-1	-1	3
7	58900001	-1	-1	3
7	58950001	-1	-1	3
7	59000001	-1	-1	3
7	59050001	-1	-1	3
7	59100001	-1	-1	3
7	59150001	-1	-1	3
7	59200001	-1	-1	3
7	59250001	-1	-1	3
7	59300001	-1	-1	3
7	59350001	-1	-1	3
7	59400001	-1	-1	3
7	59450001	-1	-1	3
7	59500001	-1	-1	3
7	59550001	-1	-1	3
7	59600001	-1	-1	3
7	59650001	-1	-1	3
7	59700001	-1	-1	3
7	59750001	-1	-1	3
7	59800001	-1	-1	3
7	59850001	-1	-1	3
7	59900001	-1	-1	3
7	59950001	-1	-1	3
7	60000001	-1	-1	3
7	60050001	-1	-1	3
7	60100001	-1	-1	3
7	60150001	-1	-1	3
7	60200001	-1	-1	3
7	60250001	-1	-1	3
7	60300001	-1	-1	3
7	60350001	-1	-1	3
7	60400001	-1	-1	3
7	60450001	-1	-1	3
7	60500001	-1	-1	3
7	60550001	-1	-1	3
7	60600001	-1	-1	3
7	60650001	-1	-1	3
7	60700001	-1	-1	3
7	60750001	-1	-1	3
7	60800001	-1	-1	3
7	60850001	-1	-1	3
7	60900001	-1	-1	3
7	60950001	-1	-1	3
7	61000001	-1	-1	3
7	61050001	-1	-1	3
7	61100001	1.96843	1.96843	4
7	61150001	1.95102	1.96843	4
7	61200001	2.60828	1.96843	4
7	61250001	0.751402	0.779805	2
7	61300001	-1	0.779805	2
7	61350001	-1	0.779805	2
7	61400001	0.779805	0.779805	2
7	61450001	0.301776	0.779805	2
7	61500001	1.56459	0.779805	2
7	61550001	-1	0.779805	2
7	61600001	0.88136	0.779805	2
7	61650001	0.631585	0.779805	2
7	61700001	1.37666	0.779805	2
7	61750001	2.07228	2.07228	4
7	61800001	2.7798	2.07228	4
7	61850001	1.63196	2.07228	4
7	61900001	0.656026	0.656026	1
7	61950001	56.7625	56.7625	114
7	62000001	1.16867	0.930305	2
7	62050001	0.874565	0.930305	2
7	62100001	0.816953	0.930305	2
7	62150001	1.01791	0.930305	2
7	62200001	1.03881	0.930305	2
7	62250001	0.982745	0.930305	2
7	62300001	1.11597	0.930305	2
7	62350001	0.96277	0.930305	2
7	62400001	1.0624	0.930305	2
7	62450001	1.11438	0.930305	2
7	62500001	0.597097	0.930305	2
7	62550001	0.728124	0.930305	2
7	62600001	1.08179	0.930305	2
7	62650001	1.56355	0.930305	2
7	62700001	1.18855	0.930305	2
7	62750001	1.13108	0.930305	2
7	62800001	0.963383	0.930305	2
7	62850001	1.45559	0.930305	2
7	62900001	1.05522	0.930305	2
7	62950001	0.778284	0.930305	2
7	63000001	0.621356	0.930305	2
7	63050001	0.475531	0.930305	2
7	63100001	0.872338	0.930305	2
7	63150001	0.842521	0.930305	2
7	63200001	0.269309	0.930305	2
7	63250001	0.743783	0.930305	2
7	63300001	1.10424	0.930305	2
7	63350001	1.04713	0.930305	2
7	63400001	1.02514	0.930305	2
7	63450001	0.809301	0.930305	2
7	63500001	0.827968	0.930305	2
7	63550001	0.643554	0.930305	2
7	63600001	0.703604	0.930305	2
7	63650001	0.675231	0.930305	2
7	63700001	1.05101	0.930305	2
7	63750001	0.949791	0.930305	2
7	63800001	0.967842	0.930305	2
7	63850001	0.930305	0.930305	2
7	63900001	0.833806	0.930305	2
7	63950001	0.851651	0.930305	2
7	64000001	0.717828	0.930305	2
7	64050001	0.914804	0.930305	2
7	64100001	0.83249	0.930305	2
7	64150001	0.798768	0.930305	2
7	64200001	0.898362	0.930305	2
7	64250001	0.853871	0.930305	2
7	64300001	0.828031	0.930305	2
7	64350001	1.11837	0.930305	2
7	64400001	0.937014	0.930305	2
7	64450001	0.988513	0.930305	2
7	64500001	0.838644	0.930305	2
7	64550001	1.26636	0.930305	2
7	64600001	1.10177	0.930305	2
7	64650001	0.874926	0.930305	2
7	64700001	0.961578	0.930305	2
7	64750001	0.894283	0.930305	2
7	64800001	0.70925	0.930305	2
7	64850001	1.25101	0.930305	2
7	64900001	1.0977	0.930305	2
7	64950001	1.82242	1.66102	3
7	65000001	1.66102	1.66102	3
7	65050001	1.61894	1.66102	3
7	65100001	1.16129	0.98257	2
7	65150001	1.17889	0.98257	2
7	65200001	1.03977	0.98257	2
7	65250001	1.38206	0.98257	2
7	65300001	0.990117	0.98257	2
7	65350001	1.14409	0.98257	2
7	65400001	0.720027	0.98257	2
7	65450001	0.837271	0.98257	2
7	65500001	0.639527	0.98257	2
7	65550001	1.16243	0.98257	2
7	65600001	0.976508	0.98257	2
7	65650001	0.638279	0.98257	2
7	65700001	1.08467	0.98257	2
7	65750001	1.10337	0.98257	2
7	65800001	1.22118	0.98257	2
7	65850001	0.61685	0.98257	2
7	65900001	1.38135	0.98257	2
7	65950001	0.842612	0.98257	2
7	66000001	1.05916	0.98257	2
7	66050001	1.01494	0.98257	2
7	66100001	0.889835	0.98257	2
7	66150001	0.731633	0.98257	2
7	66200001	0.916604	0.98257	2
7	66250001	1.0876	0.98257	2
7	66300001	0.776049	0.98257	2
7	66350001	1.15712	0.98257	2
7	66400001	0.574668	0.98257	2
7	66450001	1.27781	0.98257	2
7	66500001	0.975732	0.98257	2
7	66550001	1.03529	0.98257	2
7	66600001	1.164	0.98257	2
7	66650001	1.08372	0.98257	2
7	66700001	1.00743	0.98257	2
7	66750001	0.90093	0.98257	2
7	66800001	0.937605	0.98257	2
7	66850001	0.944321	0.98257	2
7	66900001	1.12542	0.98257	2
7	66950001	0.828041	0.98257	2
7	67000001	1.20454	0.98257	2
7	67050001	0.883581	0.98257	2
7	67100001	1.04976	0.98257	2
7	67150001	0.98257	0.98257	2
7	67200001	0.959039	0.98257	2
7	67250001	0.688992	0.98257	2
7	67300001	0.869186	0.98257	2
7	67350001	1.18874	0.98257	2
7	67400001	0.922013	0.98257	2
7	67450001	0.816969	0.98257	2
7	67500001	0.688672	0.98257	2
7	67550001	1.00236	0.98257	2
7	67600001	0.675104	0.98257	2
7	67650001	0.814915	0.98257	2
7	67700001	1.17451	0.98257	2
7	67750001	0.961902	0.98257	2
7	67800001	0.738722	0.98257	2
7	67850001	1.14283	0.98257	2
7	67900001	0.955185	0.98257	2
7	67950001	1.23387	0.98257	2
7	68000001	1.16145	0.98257	2
7	68050001	1.01546	0.98257	2
7	68100001	0.807055	0.98257	2
7	68150001	0.838192	0.98257	2
7	68200001	0.888358	0.98257	2
7	68250001	0.890543	0.98257	2
7	68300001	1.07116	0.98257	2
7	68350001	0.974915	0.98257	2
7	68400001	0.911404	0.98257	2
7	68450001	1.02816	0.98257	2
7	68500001	0.742392	0.98257	2
7	68550001	1.01487	0.98257	2
7	68600001	1.11032	0.98257	2
7	68650001	0.874673	0.98257	2
7	68700001	0.80749	0.98257	2
7	68750001	0.767141	0.98257	2
7	68800001	0.779637	0.98257	2
7	68850001	1.10286	0.98257	2
7	68900001	0.78864	0.98257	2
7	68950001	0.891242	0.98257	2
7	69000001	0.930037	0.98257	2
7	69050001	0.964705	0.98257	2
7	69100001	1.05998	0.98257	2
7	69150001	1.06216	0.98257	2
7	69200001	1.16405	0.98257	2
7	69250001	0.905342	0.98257	2
7	69300001	1.01362	0.98257	2
7	69350001	1.18082	0.98257	2
7	69400001	0.906362	0.98257	2
7	69450001	0.869752	0.98257	2
7	69500001	0.991805	0.98257	2
7	69550001	1.15313	0.98257	2
7	69600001	1.13886	0.98257	2
7	69650001	1.11929	0.98257	2
7	69700001	1.06857	0.98257	2
7	69750001	1.44256	0.98257	2
7	69800001	1.0113	0.98257	2
7	69850001	0.973069	0.98257	2
7	69900001	1.1302	0.98257	2
7	69950001	0.867849	0.98257	2
7	70000001	0.846841	0.98257	2
7	70050001	0.967905	0.98257	2
7	70100001	1.04	0.98257	2
7	70150001	1.227	0.98257	2
7	70200001	1.09474	0.98257	2
7	70250001	1.109	0.98257	2
7	70300001	1.16274	0.98257	2
7	70350001	1.05506	0.98257	2
7	70400001	1.11727	0.98257	2
7	70450001	0.730789	0.98257	2
7	70500001	1.04741	0.98257	2
7	70550001	1.0176	0.98257	2
7	70600001	0.893011	0.98257	2
7	70650001	0.894204	0.98257	2
7	70700001	1.07787	0.98257	2
7	70750001	1.0126	0.98257	2
7	70800001	0.972594	0.98257	2
7	70850001	1.25283	0.98257	2
7	70900001	0.858458	0.98257	2
7	70950001	0.89575	0.98257	2
7	71000001	0.835548	0.98257	2
7	71050001	0.902165	0.98257	2
7	71100001	0.856667	0.98257	2
7	71150001	0.982525	0.98257	2
7	71200001	0.720577	0.98257	2
7	71250001	0.980256	0.98257	2
7	71300001	1.23315	0.98257	2
7	71350001	1.05013	0.98257	2
7	71400001	0.963481	0.98257	2
7	71450001	0.909709	0.98257	2
7	71500001	0.990348	0.98257	2
7	71550001	1.00434	0.98257	2
7	71600001	0.900081	0.98257	2
7	71650001	0.877031	0.98257	2
7	71700001	1.07851	0.98257	2
7	71750001	1.09248	0.98257	2
7	71800001	1.09698	0.98257	2
7	71850001	1.00598	0.98257	2
7	71900001	0.933222	0.98257	2
7	71950001	0.836371	0.98257	2
7	72000001	0.749488	0.98257	2
7	72050001	1.46984	0.98257	2
7	72100001	1.22674	0.98257	2
7	72150001	1.004	0.98257	2
7	72200001	1.22034	0.98257	2
7	72250001	1.25704	0.98257	2
7	72300001	0.820269	0.98257	2
7	72350001	1.72351	0.98257	2
7	72400001	1.02231	0.98257	2
7	72450001	1.52	0.98257	2
7	72500001	0.833879	0.98257	2
7	72550001	0.457752	0.98257	2
7	72600001	0.70672	0.98257	2
7	72650001	0.898798	0.98257	2
7	72700001	1.29766	0.98257	2
7	72750001	1.0618	0.98257	2
7	72800001	0.794258	0.98257	2
7	72850001	1.04561	0.98257	2
7	72900001	1.13353	0.98257	2
7	72950001	0.815852	0.98257	2
7	73000001	0.866222	0.98257	2
7	73050001	1.08545	0.98257	2
7	73100001	1.007	0.98257	2
7	73150001	1.02501	0.98257	2
7	73200001	1.31066	0.98257	2
7	73250001	0.900721	0.98257	2
7	73300001	1.10152	0.98257	2
7	73350001	1.18126	0.98257	2
7	73400001	0.864801	0.98257	2
7	73450001	0.889842	0.98257	2
7	73500001	0.819398	0.98257	2
7	73550001	1.56909	0.98257	2
7	73600001	0.944253	0.98257	2
7	73650001	1.14362	0.98257	2
7	73700001	0.649118	0.98257	2
7	73750001	0.788037	0.98257	2
7	73800001	0.70763	0.98257	2
7	73850001	0.855699	0.98257	2
7	73900001	0.8397	0.98257	2
7	73950001	0.650532	0.98257	2
7	74000001	1.1033	0.98257	2
7	74050001	2.19999	2.19999	4
7	74100001	1.18155	1.08899	2
7	74150001	0.823667	1.08899	2
7	74200001	1.24501	1.08899	2
7	74250001	1.06496	1.08899	2
7	74300001	0.7336	1.08899	2
7	74350001	-1	1.08899	2
7	74400001	-1	1.08899	2
7	74450001	-1	1.08899	2
7	74500001	-1	1.08899	2
7	74550001	-1	1.08899	2
7	74600001	1.08899	1.08899	2
7	74650001	1.10834	1.08899	2
7	74700001	0.273752	0.273752	1
7	74750001	0.206722	0.273752	1
7	74800001	0.299113	0.273752	1
7	74850001	1.07565	1.01956	2
7	74900001	0.716718	1.01956	2
7	74950001	0.934209	1.01956	2
7	75000001	0.890718	1.01956	2
7	75050001	1.17072	1.01956	2
7	75100001	1.05562	1.01956	2
7	75150001	1.22679	1.01956	2
7	75200001	0.978865	1.01956	2
7	75250001	0.922288	1.01956	2
7	75300001	1.18005	1.01956	2
7	75350001	1.32555	1.01956	2
7	75400001	1.37013	1.01956	2
7	75450001	1.02059	1.01956	2
7	75500001	1.01287	1.01956	2
7	75550001	0.717208	1.01956	2
7	75600001	0.6694	1.01956	2
7	75650001	0.885943	1.01956	2
7	75700001	1.25443	1.01956	2
7	75750001	1.67235	1.01956	2
7	75800001	1.05144	1.01956	2
7	75850001	0.826856	1.01956	2
7	75900001	1.05262	1.01956	2
7	75950001	1.38829	1.01956	2
7	76000001	0.662634	1.01956	2
7	76050001	1.04896	1.01956	2
7	76100001	0.59354	1.01956	2
7	76150001	0.853016	1.01956	2
7	76200001	0.983222	1.01956	2
7	76250001	0.823068	1.01956	2
7	76300001	1.08923	1.01956	2
7	76350001	0.840321	1.01956	2
7	76400001	1.31701	1.01956	2
7	76450001	1.48565	1.01956	2
7	76500001	1.41464	1.01956	2
7	76550001	1.11243	1.01956	2
7	76600001	0.503645	1.01956	2
7	76650001	0.859967	1.01956	2
7	76700001	1.03855	1.01956	2
7	76750001	1.07986	1.01956	2
7	76800001	1.11016	1.01956	2
7	76850001	1.27778	1.01956	2
7	76900001	1.1515	1.01956	2
7	76950001	1.16812	1.01956	2
7	77000001	1.11628	1.01956	2
7	77050001	1.14266	1.01956	2
7	77100001	1.19319	1.01956	2
7	77150001	1.05574	1.01956	2
7	77200001	1.029	1.01956	2
7	77250001	0.676726	1.01956	2
7	77300001	0.995673	1.01956	2
7	77350001	1.05946	1.01956	2
7	77400001	0.922392	1.01956	2
7	77450001	1.09416	1.01956	2
7	77500001	1.04986	1.01956	2
7	77550001	1.02022	1.01956	2
7	77600001	0.831026	1.01956	2
7	77650001	1.08502	1.01956	2
7	77700001	0.766851	1.01956	2
7	77750001	1.1239	1.01956	2
7	77800001	1.0109	1.01956	2
7	77850001	1.28301	1.01956	2
7	77900001	1.06577	1.01956	2
7	77950001	1.04833	1.01956	2
7	78000001	1.13898	1.01956	2
7	78050001	1.15934	1.01956	2
7	78100001	1.05406	1.01956	2
7	78150001	1.05426	1.01956	2
7	78200001	0.842408	1.01956	2
7	78250001	0.867942	1.01956	2
7	78300001	0.951495	1.01956	2
7	78350001	1.17077	1.01956	2
7	78400001	1.06811	1.01956	2
7	78450001	1.14395	1.01956	2
7	78500001	1.12728	1.01956	2
7	78550001	1.22444	1.01956	2
7	78600001	1.07932	1.01956	2
7	78650001	1.07611	1.01956	2
7	78700001	1.02726	1.01956	2
7	78750001	0.910535	1.01956	2
7	78800001	1.17266	1.01956	2
7	78850001	1.07632	1.01956	2
7	78900001	0.938368	1.01956	2
7	78950001	1.06459	1.01956	2
7	79000001	0.778975	1.01956	2
7	79050001	0.771795	1.01956	2
7	79100001	0.796161	1.01956	2
7	79150001	0.972952	1.01956	2
7	79200001	1.09504	1.01956	2
7	79250001	1.11622	1.01956	2
7	79300001	1.1403	1.01956	2
7	79350001	0.821418	1.01956	2
7	79400001	1.1145	1.01956	2
7	79450001	1.18137	1.01956	2
7	79500001	0.857407	1.01956	2
7	79550001	1.3224	1.01956	2
7	79600001	1.08271	1.01956	2
7	79650001	1.04591	1.01956	2
7	79700001	1.16151	1.01956	2
7	79750001	1.10468	1.01956	2
7	79800001	1.15984	1.01956	2
7	79850001	1.19088	1.01956	2
7	79900001	0.943971	1.01956	2
7	79950001	1.28378	1.01956	2
7	80000001	1.29236	1.01956	2
7	80050001	1.04575	1.01956	2
7	80100001	0.907382	1.01956	2
7	80150001	1.10903	1.01956	2
7	80200001	1.09462	1.01956	2
7	80250001	1.26091	1.01956	2
7	80300001	0.759781	1.01956	2
7	80350001	0.968055	1.01956	2
7	80400001	0.845851	1.01956	2
7	80450001	1.07034	1.01956	2
7	80500001	1.28659	1.01956	2
7	80550001	0.915868	1.01956	2
7	80600001	0.944906	1.01956	2
7	80650001	0.935068	1.01956	2
7	80700001	0.949587	1.01956	2
7	80750001	1.12425	1.01956	2
7	80800001	1.13307	1.01956	2
7	80850001	1.29712	1.01956	2
7	80900001	0.990959	1.01956	2
7	80950001	0.899609	1.01956	2
7	81000001	1.00375	1.01956	2
7	81050001	0.899353	1.01956	2
7	81100001	1.2851	1.01956	2
7	81150001	1.11635	1.01956	2
7	81200001	1.04583	1.01956	2
7	81250001	1.07878	1.01956	2
7	81300001	1.28486	1.01956	2
7	81350001	1.17108	1.01956	2
7	81400001	0.795019	1.01956	2
7	81450001	1.01379	1.01956	2
7	81500001	1.11016	1.01956	2
7	81550001	1.06	1.01956	2
7	81600001	1.23672	1.01956	2
7	81650001	1.03008	1.01956	2
7	81700001	1.20657	1.01956	2
7	81750001	0.901235	1.01956	2
7	81800001	0.819612	1.01956	2
7	81850001	0.980181	1.01956	2
7	81900001	1.19512	1.01956	2
7	81950001	1.01007	1.01956	2
7	82000001	1.47858	1.01956	2
7	82050001	1.06254	1.01956	2
7	82100001	0.987825	1.01956	2
7	82150001	0.956102	1.01956	2
7	82200001	0.957353	1.01956	2
7	82250001	1.06149	1.01956	2
7	82300001	0.771734	1.01956	2
7	82350001	0.884336	1.01956	2
7	82400001	1.01187	1.01956	2
7	82450001	1.1094	1.01956	2
7	82500001	1.10838	1.01956	2
7	82550001	0.867237	1.01956	2
7	82600001	0.934497	1.01956	2
7	82650001	1.34932	1.01956	2
7	82700001	0.852219	1.01956	2
7	82750001	1.01192	1.01956	2
7	82800001	1.18213	1.01956	2
7	82850001	1.14169	1.01956	2
7	82900001	0.992569	1.01956	2
7	82950001	0.899982	1.01956	2
7	83000001	0.915455	1.01956	2
7	83050001	1.07666	1.01956	2
7	83100001	0.871807	1.01956	2
7	83150001	1.25584	1.01956	2
7	83200001	1.23913	1.01956	2
7	83250001	0.691365	1.01956	2
7	83300001	0.819052	1.01956	2
7	83350001	1.18044	1.01956	2
7	83400001	0.851563	1.01956	2
7	83450001	0.723046	1.01956	2
7	83500001	0.73901	1.01956	2
7	83550001	0.827607	1.01956	2
7	83600001	1.10956	1.01956	2
7	83650001	1.01184	1.01956	2
7	83700001	1.38318	1.01956	2
7	83750001	1.02284	1.01956	2
7	83800001	1.28489	1.01956	2
7	83850001	1.02811	1.01956	2
7	83900001	1.0118	1.01956	2
7	83950001	0.690595	1.01956	2
7	84000001	1.06831	1.01956	2
7	84050001	0.89937	1.01956	2
7	84100001	0.771175	1.01956	2
7	84150001	0.851197	1.01956	2
7	84200001	0.947637	1.01956	2
7	84250001	1.23665	1.01956	2
7	84300001	1.08784	1.01956	2
7	84350001	0.795183	1.01956	2
7	84400001	0.902077	1.01956	2
7	84450001	0.97172	1.01956	2
7	84500001	0.770876	1.01956	2
7	84550001	0.883691	1.01956	2
7	84600001	1.05996	1.01956	2
7	84650001	0.787548	1.01956	2
7	84700001	1.1728	1.01956	2
7	84750001	1.01982	1.01956	2
7	84800001	1.11688	1.01956	2
7	84850001	0.948176	1.01956	2
7	84900001	1.04414	1.01956	2
7	84950001	1.05997	1.01956	2
7	85000001	1.18916	1.01956	2
7	85050001	0.900101	1.01956	2
7	85100001	1.06036	1.01956	2
7	85150001	0.987917	1.01956	2
7	85200001	1.19615	1.01956	2
7	85250001	0.949361	1.01956	2
7	85300001	1.20632	1.01956	2
7	85350001	0.947648	1.01956	2
7	85400001	1.23661	1.01956	2
7	85450001	1.05997	1.01956	2
7	85500001	1.16447	1.01956	2
7	85550001	0.884532	1.01956	2
7	85600001	1.10879	1.01956	2
7	85650001	1.08733	1.01956	2
7	85700001	0.94756	1.01956	2
7	85750001	0.805646	1.01956	2
7	85800001	1.14138	1.01956	2
7	85850001	0.971761	1.01956	2
7	85900001	1.01771	1.01956	2
7	85950001	0.940246	1.01956	2
7	86000001	0.887802	1.01956	2
7	86050001	0.96688	1.01956	2
7	86100001	0.951771	1.01956	2
7	86150001	0.756573	1.01956	2
7	86200001	1.10255	1.01956	2
7	86250001	1.16371	1.01956	2
7	86300001	1.01291	1.01956	2
7	86350001	1.06334	1.01956	2
7	86400001	1.00621	1.01956	2
7	86450001	0.987514	1.01956	2
7	86500001	1.10914	1.01956	2
7	86550001	1.08857	1.01956	2
7	86600001	0.822905	1.01956	2
7	86650001	0.912006	1.01956	2
7	86700001	1.16091	1.01956	2
7	86750001	0.742515	1.01956	2
7	86800001	1.16863	1.01956	2
7	86850001	0.92978	1.01956	2
7	86900001	0.91588	1.01956	2
7	86950001	1.11662	1.01956	2
7	87000001	1.1298	1.01956	2
7	87050001	0.893551	1.01956	2
7	87100001	1.18625	1.01956	2
7	87150001	0.963725	1.01956	2
7	87200001	0.835762	1.01956	2
7	87250001	0.918454	1.01956	2
7	87300001	0.781681	1.01956	2
7	87350001	0.981193	1.01956	2
7	87400001	0.842494	1.01956	2
7	87450001	1.06658	1.01956	2
7	87500001	1.01956	1.01956	2
7	87550001	0.806481	1.01956	2
7	87600001	0.771664	1.01956	2
7	87650001	0.921375	1.01956	2
7	87700001	1.32652	1.01956	2
7	87750001	0.874993	1.01956	2
7	87800001	0.92499	1.01956	2
7	87850001	1.16613	1.01956	2
7	87900001	0.974014	1.01956	2
7	87950001	1.137	1.01956	2
7	88000001	0.790337	1.01956	2
7	88050001	0.82012	1.01956	2
7	88100001	1.12552	1.01956	2
7	88150001	1.12758	1.01956	2
7	88200001	1.04844	1.01956	2
7	88250001	0.883815	1.01956	2
7	88300001	0.747259	1.01956	2
7	88350001	0.828139	1.01956	2
7	88400001	0.995823	1.01956	2
7	88450001	0.835154	1.01956	2
7	88500001	1.11944	1.01956	2
7	88550001	0.851183	1.01956	2
7	88600001	0.787583	1.01956	2
7	88650001	0.949567	1.01956	2
7	88700001	0.852262	1.01956	2
7	88750001	0.859201	1.01956	2
7	88800001	0.931994	1.01956	2
7	88850001	1.06228	1.01956	2
7	88900001	1.0125	1.01956	2
7	88950001	0.746984	1.01956	2
7	89000001	0.949941	1.01956	2
7	89050001	0.95001	1.01956	2
7	89100001	0.996648	1.01956	2
7	89150001	1.15036	1.01956	2
7	89200001	0.814347	1.01956	2
7	89250001	0.869222	1.01956	2
7	89300001	1.25617	1.01956	2
7	89350001	0.776038	1.01956	2
7	89400001	0.916156	1.01956	2
7	89450001	0.835295	1.01956	2
7	89500001	1.05094	1.01956	2
7	89550001	1.14565	1.01956	2
7	89600001	0.893972	1.01956	2
7	89650001	1.10266	1.01956	2
7	89700001	1.0328	1.01956	2
7	89750001	1.11659	1.01956	2
7	89800001	0.790062	1.01956	2
7	89850001	1.06623	1.01956	2
7	89900001	1.19002	1.01956	2
7	89950001	0.937998	1.01956	2
7	90000001	1.06356	1.01956	2
7	90050001	1.10244	1.01956	2
7	90100001	0.962309	1.01956	2
7	90150001	0.517115	1.01956	2
7	90200001	1.2276	1.01956	2
7	90250001	0.95036	1.01956	2
7	90300001	0.987037	1.01956	2
7	90350001	1.01449	1.01956	2
7	90400001	0.890496	1.01956	2
7	90450001	1.24408	1.01956	2
7	90500001	0.643646	1.01956	2
7	90550001	1.30734	1.01956	2
7	90600001	1.19337	1.01956	2
7	90650001	1.14567	1.01956	2
7	90700001	0.888438	1.01956	2
7	90750001	1.10991	1.01956	2
7	90800001	0.966783	1.01956	2
7	90850001	0.921777	1.01956	2
7	90900001	0.911082	1.01956	2
7	90950001	0.845039	1.01956	2
7	91000001	0.97748	1.01956	2
7	91050001	1.03169	1.01956	2
7	91100001	1.31501	1.01956	2
7	91150001	0.965291	1.01956	2
7	91200001	0.927824	1.01956	2
7	91250001	0.824575	1.01956	2
7	91300001	0.848742	1.01956	2
7	91350001	1.06562	1.01956	2
7	91400001	1.4805	1.01956	2
7	91450001	1.29696	1.01956	2
7	91500001	0.85135	1.01956	2
7	91550001	1.29851	1.01956	2
7	91600001	0.987076	1.01956	2
7	91650001	1.0891	1.01956	2
7	91700001	0.865784	1.01956	2
7	91750001	1.25455	1.01956	2
7	91800001	1.22935	1.01956	2
7	91850001	1.02221	1.01956	2
7	91900001	1.38372	1.01956	2
7	91950001	1.24358	1.01956	2
7	92000001	0.892174	1.01956	2
7	92050001	0.997006	1.01956	2
7	92100001	1.18954	1.01956	2
7	92150001	1.20762	1.01956	2
7	92200001	0.90733	1.01956	2
7	92250001	1.24203	1.01956	2
7	92300001	1.32551	1.01956	2
7	92350001	1.09251	1.01956	2
7	92400001	1.34401	1.01956	2
7	92450001	0.876526	1.01956	2
7	92500001	1.05428	1.01956	2
7	92550001	0.850536	1.01956	2
7	92600001	1.40617	1.01956	2
7	92650001	1.11247	1.01956	2
7	92700001	1.01178	1.01956	2
7	92750001	1.05193	1.01956	2
7	92800001	1.10508	1.01956	2
7	92850001	1.39613	1.01956	2
7	92900001	0.78895	1.01956	2
7	92950001	0.899356	1.01956	2
7	93000001	1.20849	1.01956	2
7	93050001	1.03432	1.01956	2
7	93100001	0.892273	1.01956	2
7	93150001	1.11956	1.01956	2
7	93200001	0.803594	1.01956	2
7	93250001	0.884558	1.01956	2
7	93300001	0.883404	1.01956	2
7	93350001	0.843123	1.01956	2
7	93400001	0.862942	1.01956	2
7	93450001	1.10519	1.01956	2
7	93500001	1.03147	1.01956	2
7	93550001	0.877267	1.01956	2
7	93600001	0.894749	1.01956	2
7	93650001	1.38935	1.01956	2
7	93700001	0.868169	1.01956	2
7	93750001	0.904606	1.01956	2
7	93800001	0.926696	1.01956	2
7	93850001	1.19217	1.01956	2
7	93900001	0.854052	1.01956	2
7	93950001	1.01585	1.01956	2
7	94000001	0.908101	1.01956	2
7	94050001	1.06808	1.01956	2
7	94100001	1.14686	1.01956	2
7	94150001	0.817119	1.01956	2
7	94200001	0.970531	1.01956	2
7	94250001	1.30547	1.01956	2
7	94300001	1.09322	1.01956	2
7	94350001	1.24354	1.01956	2
7	94400001	1.03932	1.01956	2
7	94450001	1.09604	1.01956	2
7	94500001	0.726892	1.01956	2
7	94550001	1.23023	1.01956	2
7	94600001	1.14234	1.01956	2
7	94650001	0.982973	1.01956	2
7	94700001	1.45011	1.01956	2
7	94750001	0.966696	1.01956	2
7	94800001	1.12447	1.01956	2
7	94850001	0.899413	1.01956	2
7	94900001	1.11177	1.01956	2
7	94950001	0.945085	1.01956	2
7	95000001	0.819154	1.01956	2
7	95050001	0.71869	1.01956	2
7	95100001	0.920942	1.01956	2
7	95150001	1.19441	1.01956	2
7	95200001	1.0172	1.01956	2
7	95250001	0.99427	1.01956	2
7	95300001	1.3909	1.01956	2
7	95350001	0.970515	1.01956	2
7	95400001	0.806707	1.01956	2
7	95450001	1.04402	1.01956	2
7	95500001	0.945371	1.01956	2
7	95550001	0.850875	1.01956	2
7	95600001	0.878117	1.01956	2
7	95650001	0.991416	1.01956	2
7	95700001	1.12925	1.01956	2
7	95750001	1.11751	1.01956	2
7	95800001	1.02073	1.01956	2
7	95850001	1.09407	1.01956	2
7	95900001	1.08391	1.01956	2
7	95950001	0.876494	1.01956	2
7	96000001	0.887306	1.01956	2
7	96050001	1.30344	1.01956	2
7	96100001	1.1391	1.01956	2
7	96150001	1.43119	1.01956	2
7	96200001	0.966011	1.01956	2
7	96250001	1.09065	1.01956	2
7	96300001	1.04335	1.01956	2
7	96350001	0.954405	1.01956	2
7	96400001	0.976204	1.01956	2
7	96450001	1.29601	1.01956	2
7	96500001	1.26882	1.01956	2
7	96550001	1.34157	1.01956	2
7	96600001	1.10195	1.01956	2
7	96650001	0.974087	1.01956	2
7	96700001	0.771752	1.01956	2
7	96750001	0.991572	1.01956	2
7	96800001	0.932774	1.01956	2
7	96850001	1.17423	1.01956	2
7	96900001	1.01674	1.01956	2
7	96950001	0.777281	1.01956	2
7	97000001	1.02326	1.01956	2
7	97050001	0.977903	1.01956	2
7	97100001	0.963815	1.01956	2
7	97150001	0.864433	1.01956	2
7	97200001	0.953142	1.01956	2
7	97250001	1.00201	1.01956	2
7	97300001	0.944585	1.01956	2
7	97350001	1.15443	1.01956	2
7	97400001	1.20994	1.01956	2
7	97450001	1.17151	1.01956	2
7	97500001	1.12401	1.01956	2
7	97550001	1.15853	1.01956	2
7	97600001	0.822765	1.01956	2
7	97650001	1.28125	1.01956	2
7	97700001	1.31123	1.01956	2
7	97750001	1.54328	1.01956	2
7	97800001	0.509742	1.01956	2
7	97850001	0.792569	1.01956	2
7	97900001	0.519842	1.01956	2
7	97950001	1.02624	1.01956	2
7	98000001	0.803455	1.01956	2
7	98050001	0.596108	1.01956	2
7	98100001	0.962187	1.01956	2
7	98150001	1.13135	1.01956	2
7	98200001	0.955405	1.01956	2
7	98250001	0.853761	1.01956	2
7	98300001	1.07384	1.01956	2
7	98350001	1.07177	1.01956	2
7	98400001	0.846854	1.01956	2
7	98450001	0.77742	1.01956	2
7	98500001	0.999408	1.01956	2
7	98550001	0.915059	1.01956	2
7	98600001	0.726407	1.01956	2
7	98650001	1.45681	1.01956	2
7	98700001	1.8226	1.01956	2
7	98750001	0.995143	1.01956	2
7	98800001	1.13652	1.01956	2
7	98850001	2.00226	1.01956	2
7	98900001	1.23537	1.01956	2
7	98950001	0.75721	1.01956	2
7	99000001	0.540177	1.01956	2
7	99050001	1.01241	1.01956	2
7	99100001	0.639427	1.01956	2
7	99150001	1.16724	1.01956	2
7	99200001	0.976744	1.01956	2
7	99250001	1.2137	1.01956	2
7	99300001	1.06304	1.01956	2
7	99350001	1.04756	1.01956	2
7	99400001	1.13646	1.01956	2
7	99450001	1.23886	1.01956	2
7	99500001	1.49309	1.01956	2
7	99550001	1.29908	1.01956	2
7	99600001	0.985209	1.01956	2
7	99650001	1.5985	1.01956	2
7	99700001	0.990891	1.01956	2
7	99750001	1.09915	1.01956	2
7	99800001	0.660915	1.01956	2
7	99850001	1.12716	1.01956	2
7	99900001	1.73043	1.01956	2
7	99950001	0.867486	1.01956	2
7	100000001	1.66775	1.01956	2
7	100050001	0.714852	1.01956	2
7	100100001	1.63239	1.01956	2
7	100150001	0.534361	1.01956	2
7	100200001	1.1066	1.01956	2
7	100250001	0.590337	1.01956	2
7	100300001	1.11729	1.01956	2
7	100350001	0.961256	1.01956	2
7	100400001	0.98547	1.01956	2
7	100450001	0.493116	1.01956	2
7	100500001	1.20943	1.01956	2
7	100550001	0.332236	1.01956	2
7	100600001	1.64411	1.01956	2
7	100650001	1.50364	1.01956	2
7	100700001	0.789316	1.01956	2
7	100750001	1.30918	1.01956	2
7	100800001	0.60718	1.01956	2
7	100850001	0.412487	1.01956	2
7	100900001	0.870118	1.01956	2
7	100950001	1.04328	1.01956	2
7	101000001	1.11727	1.01956	2
7	101050001	1.31828	1.01956	2
7	101100001	1.21571	1.01956	2
7	101150001	1.10046	1.01956	2
7	101200001	1.30612	1.01956	2
7	101250001	0.643849	1.01956	2
7	101300001	0.643782	1.01956	2
7	101350001	0.746421	1.01956	2
7	101400001	0.991851	1.01956	2
7	101450001	1.01769	1.01956	2
7	101500001	1.03223	1.01956	2
7	101550001	0.99939	1.01956	2
7	101600001	0.930002	1.01956	2
7	101650001	1.40246	1.01956	2
7	101700001	2.1652	1.01956	2
7	101750001	1.06111	1.01956	2
7	101800001	0.797367	1.01956	2
7	101850001	1.32563	1.01956	2
7	101900001	0.851476	1.01956	2
7	101950001	0.781327	1.01956	2
7	102000001	1.54703	1.01956	2
7	102050001	0.840806	1.01956	2
7	102100001	0.248494	0.365122	1
7	102150001	0.358108	0.365122	1
7	102200001	0.459142	0.365122	1
7	102250001	0.372136	0.365122	1
7	102300001	0.908431	1.02788	2
7	102350001	1.39216	1.02788	2
7	102400001	0.849864	1.02788	2
7	102450001	0.970563	1.02788	2
7	102500001	0.867362	1.02788	2
7	102550001	1.23451	1.02788	2
7	102600001	1.0324	1.02788	2
7	102650001	0.853893	1.02788	2
7	102700001	1.07993	1.02788	2
7	102750001	1.01121	1.02788	2
7	102800001	0.999686	1.02788	2
7	102850001	1.04869	1.02788	2
7	102900001	0.807883	1.02788	2
7	102950001	0.796304	1.02788	2
7	103000001	0.912237	1.02788	2
7	103050001	1.02922	1.02788	2
7	103100001	0.995655	1.02788	2
7	103150001	0.965924	1.02788	2
7	103200001	1.06545	1.02788	2
7	103250001	0.945596	1.02788	2
7	103300001	1.29141	1.02788	2
7	103350001	0.948726	1.02788	2
7	103400001	0.960556	1.02788	2
7	103450001	1.20536	1.02788	2
7	103500001	1.18609	1.02788	2
7	103550001	0.74846	1.02788	2
7	103600001	1.02295	1.02788	2
7	103650001	0.902233	1.02788	2
7	103700001	1.16194	1.02788	2
7	103750001	1.23483	1.02788	2
7	103800001	0.907317	1.02788	2
7	103850001	1.13307	1.02788	2
7	103900001	1.13215	1.02788	2
7	103950001	0.883535	1.02788	2
7	104000001	0.885035	1.02788	2
7	104050001	0.913227	1.02788	2
7	104100001	0.71396	1.02788	2
7	104150001	1.04484	1.02788	2
7	104200001	1.43134	1.02788	2
7	104250001	1.16456	1.02788	2
7	104300001	0.93327	1.02788	2
7	104350001	1.42606	1.02788	2
7	104400001	0.782204	1.02788	2
7	104450001	0.771401	1.02788	2
7	104500001	1.12729	1.02788	2
7	104550001	1.15484	1.02788	2
7	104600001	1.13499	1.02788	2
7	104650001	1.1193	1.02788	2
7	104700001	1.10269	1.02788	2
7	104750001	1.02267	1.02788	2
7	104800001	1.0478	1.02788	2
7	104850001	0.805711	1.02788	2
7	104900001	0.969111	1.02788	2
7	104950001	0.884517	1.02788	2
7	105000001	0.868765	1.02788	2
7	105050001	1.36653	1.02788	2
7	105100001	0.854428	1.02788	2
7	105150001	0.961764	1.02788	2
7	105200001	0.878871	1.02788	2
7	105250001	0.977286	1.02788	2
7	105300001	1.05605	1.02788	2
7	105350001	0.853809	1.02788	2
7	105400001	0.856089	1.02788	2
7	105450001	1.37845	1.02788	2
7	105500001	0.912938	1.02788	2
7	105550001	0.995268	1.02788	2
7	105600001	0.991865	1.02788	2
7	105650001	1.04217	1.02788	2
7	105700001	1.27434	1.02788	2
7	105750001	1.00531	1.02788	2
7	105800001	0.927365	1.02788	2
7	105850001	1.40162	1.02788	2
7	105900001	0.789313	1.02788	2
7	105950001	1.36085	1.02788	2
7	106000001	0.979707	1.02788	2
7	106050001	0.953536	1.02788	2
7	106100001	1.09722	1.02788	2
7	106150001	0.933026	1.02788	2
7	106200001	0.901327	1.02788	2
7	106250001	1.38362	1.02788	2
7	106300001	1.04246	1.02788	2
7	106350001	1.16019	1.02788	2
7	106400001	1.31864	1.02788	2
7	106450001	1.03852	1.02788	2
7	106500001	1.10903	1.02788	2
7	106550001	0.842148	1.02788	2
7	106600001	1.03939	1.02788	2
7	106650001	0.958509	1.02788	2
7	106700001	1.0159	1.02788	2
7	106750001	0.757977	1.02788	2
7	106800001	1.17149	1.02788	2
7	106850001	1.19257	1.02788	2
7	106900001	0.935329	1.02788	2
7	106950001	0.82098	1.02788	2
7	107000001	0.986068	1.02788	2
7	107050001	0.982558	1.02788	2
7	107100001	1.27899	1.02788	2
7	107150001	0.966332	1.02788	2
7	107200001	0.850851	1.02788	2
7	107250001	0.907292	1.02788	2
7	107300001	1.10073	1.02788	2
7	107350001	0.921743	1.02788	2
7	107400001	1.24307	1.02788	2
7	107450001	1.35819	1.02788	2
7	107500001	1.30287	1.02788	2
7	107550001	1.22725	1.02788	2
7	107600001	1.12774	1.02788	2
7	107650001	1.16041	1.02788	2
7	107700001	0.939668	1.02788	2
7	107750001	1.32671	1.02788	2
7	107800001	0.764243	1.02788	2
7	107850001	0.807953	1.02788	2
7	107900001	0.903251	1.02788	2
7	107950001	1.27471	1.02788	2
7	108000001	1.02779	1.02788	2
7	108050001	1.02858	1.02788	2
7	108100001	1.12104	1.02788	2
7	108150001	1.31209	1.02788	2
7	108200001	0.900045	1.02788	2
7	108250001	0.921639	1.02788	2
7	108300001	1.10546	1.02788	2
7	108350001	0.616951	1.02788	2
7	108400001	1.13749	1.02788	2
7	108450001	1.15723	1.02788	2
7	108500001	1.19858	1.02788	2
7	108550001	1.5064	1.02788	2
7	108600001	1.14122	1.02788	2
7	108650001	1.28688	1.02788	2
7	108700001	1.35354	1.02788	2
7	108750001	0.909941	1.02788	2
7	108800001	0.94143	1.02788	2
7	108850001	1.06121	1.02788	2
7	108900001	0.867661	1.02788	2
7	108950001	1.18843	1.02788	2
7	109000001	1.35071	1.02788	2
7	109050001	0.962201	1.02788	2
7	109100001	1.02865	1.02788	2
7	109150001	1.14381	1.02788	2
7	109200001	1.06776	1.02788	2
7	109250001	1.03587	1.02788	2
7	109300001	1.00622	1.02788	2
7	109350001	0.964145	1.02788	2
7	109400001	0.867232	1.02788	2
7	109450001	0.995992	1.02788	2
7	109500001	0.903159	1.02788	2
7	109550001	0.83633	1.02788	2
7	109600001	1.1345	1.02788	2
7	109650001	1.10123	1.02788	2
7	109700001	1.04788	1.02788	2
7	109750001	1.06998	1.02788	2
7	109800001	0.925348	1.02788	2
7	109850001	1.01531	1.02788	2
7	109900001	0.909454	1.02788	2
7	109950001	1.16636	1.02788	2
7	110000001	1.18766	1.02788	2
7	110050001	0.80702	1.02788	2
7	110100001	0.767416	1.02788	2
7	110150001	0.848799	1.02788	2
7	110200001	1.19895	1.02788	2
7	110250001	0.789501	1.02788	2
7	110300001	0.916284	1.02788	2
7	110350001	0.821511	1.02788	2
7	110400001	1.07009	1.02788	2
7	110450001	0.767413	1.02788	2
7	110500001	1.04517	1.02788	2
7	110550001	1.1564	1.02788	2
7	110600001	1.06934	1.02788	2
7	110650001	1.0702	1.02788	2
7	110700001	0.804362	1.02788	2
7	110750001	0.947627	1.02788	2
7	110800001	1.11912	1.02788	2
7	110850001	0.911418	1.02788	2
7	110900001	1.00553	1.02788	2
7	110950001	1.30273	1.02788	2
7	111000001	1.13988	1.02788	2
7	111050001	0.809472	1.02788	2
7	111100001	0.970704	1.02788	2
7	111150001	0.911098	1.02788	2
7	111200001	0.787342	1.02788	2
7	111250001	0.769275	1.02788	2
7	111300001	1.0238	1.02788	2
7	111350001	0.977451	1.02788	2
7	111400001	1.00367	1.02788	2
7	111450001	0.751255	1.02788	2
7	111500001	1.11405	1.02788	2
7	111550001	0.861708	1.02788	2
7	111600001	1.054	1.02788	2
7	111650001	0.823151	1.02788	2
7	111700001	1.32051	1.02788	2
7	111750001	0.751096	1.02788	2
7	111800001	1.15517	1.02788	2
7	111850001	1.11801	1.02788	2
7	111900001	1.15269	1.02788	2
7	111950001	0.995662	1.02788	2
7	112000001	1.3406	1.02788	2
7	112050001	1.0835	1.02788	2
7	112100001	0.998537	1.02788	2
7	112150001	1.12863	1.02788	2
7	112200001	0.962401	1.02788	2
7	112250001	1.12873	1.02788	2
7	112300001	1.22282	1.02788	2
7	112350001	0.788567	1.02788	2
7	112400001	1.27091	1.02788	2
7	112450001	1.03106	1.02788	2
7	112500001	1.14839	1.02788	2
7	112550001	0.945538	1.02788	2
7	112600001	0.899507	1.02788	2
7	112650001	0.989861	1.02788	2
7	112700001	1.05562	1.02788	2
7	112750001	0.881306	1.02788	2
7	112800001	0.986383	1.02788	2
7	112850001	0.875546	1.02788	2
7	112900001	1.02586	1.02788	2
7	112950001	0.8296	1.02788	2
7	113000001	1.12577	1.02788	2
7	113050001	0.941675	1.02788	2
7	113100001	0.844004	1.02788	2
7	113150001	1.42533	1.02788	2
7	113200001	1.0176	1.02788	2
7	113250001	0.804512	1.02788	2
7	113300001	1.11617	1.02788	2
7	113350001	0.882854	1.02788	2
7	113400001	1.03628	1.02788	2
7	113450001	1.18458	1.02788	2
7	113500001	1.1714	1.02788	2
7	113550001	0.949132	1.02788	2
7	113600001	0.804252	1.02788	2
7	113650001	0.997197	1.02788	2
7	113700001	0.917232	1.02788	2
7	113750001	1.14069	1.02788	2
7	113800001	0.881079	1.02788	2
7	113850001	1.22055	1.02788	2
7	113900001	0.883361	1.02788	2
7	113950001	1.02791	1.02788	2
7	114000001	1.37324	1.02788	2
7	114050001	1.06144	1.02788	2
7	114100001	1.13507	1.02788	2
7	114150001	1.04059	1.02788	2
7	114200001	0.985449	1.02788	2
7	114250001	0.924603	1.02788	2
7	114300001	1.34297	1.02788	2
7	114350001	0.945517	1.02788	2
7	114400001	1.18533	1.02788	2
7	114450001	1.12949	1.02788	2
7	114500001	1.04033	1.02788	2
7	114550001	1.2031	1.02788	2
7	114600001	0.747559	1.02788	2
7	114650001	0.916401	1.02788	2
7	114700001	1.0217	1.02788	2
7	114750001	1.14851	1.02788	2
7	114800001	1.10838	1.02788	2
7	114850001	1.06	1.02788	2
7	114900001	0.61127	1.02788	2
7	114950001	0.941565	1.02788	2
7	115000001	0.922231	1.02788	2
7	115050001	1.36514	1.02788	2
7	115100001	1.30095	1.02788	2
7	115150001	1.26131	1.02788	2
7	115200001	1.12876	1.02788	2
7	115250001	1.01401	1.02788	2
7	115300001	1.04394	1.02788	2
7	115350001	0.915493	1.02788	2
7	115400001	0.925659	1.02788	2
7	115450001	0.996122	1.02788	2
7	115500001	1.04526	1.02788	2
7	115550001	1.16759	1.02788	2
7	115600001	0.905223	1.02788	2
7	115650001	0.911449	1.02788	2
7	115700001	1.01981	1.02788	2
7	115750001	1.05753	1.02788	2
7	115800001	1.04899	1.02788	2
7	115850001	0.998324	1.02788	2
7	115900001	0.921263	1.02788	2
7	115950001	1.18932	1.02788	2
7	116000001	0.983226	1.02788	2
7	116050001	1.14749	1.02788	2
7	116100001	0.988232	1.02788	2
7	116150001	1.07593	1.02788	2
7	116200001	1.17388	1.02788	2
7	116250001	1.1436	1.02788	2
7	116300001	1.10045	1.02788	2
7	116350001	1.1336	1.02788	2
7	116400001	1.29129	1.02788	2
7	116450001	0.976185	1.02788	2
7	116500001	1.04244	1.02788	2
7	116550001	1.10022	1.02788	2
7	116600001	1.09652	1.02788	2
7	116650001	1.21539	1.02788	2
7	116700001	1.06455	1.02788	2
7	116750001	1.2944	1.02788	2
7	116800001	1.12462	1.02788	2
7	116850001	1.02114	1.02788	2
7	116900001	1.01445	1.02788	2
7	116950001	1.15222	1.02788	2
7	117000001	0.650768	1.02788	2
7	117050001	1.03522	1.02788	2
7	117100001	1.06324	1.02788	2
7	117150001	0.904594	1.02788	2
7	117200001	1.23026	1.02788	2
7	117250001	1.16486	1.02788	2
7	117300001	1.24976	1.02788	2
7	117350001	1.02762	1.02788	2
7	117400001	1.32373	1.02788	2
7	117450001	1.23643	1.02788	2
7	117500001	0.991282	1.02788	2
7	117550001	1.18276	1.02788	2
7	117600001	0.840124	1.02788	2
7	117650001	1.23778	1.02788	2
7	117700001	1.17745	1.02788	2
7	117750001	1.15874	1.02788	2
7	117800001	0.996041	1.02788	2
7	117850001	1.02188	1.02788	2
7	117900001	1.01986	1.02788	2
7	117950001	0.9637	1.02788	2
7	118000001	1.11909	1.02788	2
7	118050001	0.87535	1.02788	2
7	118100001	1.09307	1.02788	2
7	118150001	0.867248	1.02788	2
7	118200001	1.05236	1.02788	2
7	118250001	0.932156	1.02788	2
7	118300001	1.05239	1.02788	2
7	118350001	1.20449	1.02788	2
7	118400001	1.20563	1.02788	2
7	118450001	1.15631	1.02788	2
7	118500001	1.02798	1.02788	2
7	118550001	0.931519	1.02788	2
7	118600001	1.20442	1.02788	2
7	118650001	0.835179	1.02788	2
7	118700001	1.10933	1.02788	2
7	118750001	1.17345	1.02788	2
7	118800001	0.746806	1.02788	2
7	118850001	0.875296	1.02788	2
7	118900001	1.02793	1.02788	2
7	118950001	0.904113	1.02788	2
7	119000001	0.974067	1.02788	2
7	119050001	1.10014	1.02788	2
7	119100001	0.893781	1.02788	2
7	119150001	0.924894	1.02788	2
7	119200001	1.01985	1.02788	2
7	119250001	0.811107	1.02788	2
7	119300001	0.939565	1.02788	2
7	119350001	0.955563	1.02788	2
7	119400001	0.980358	1.02788	2
7	119450001	1.10553	1.02788	2
7	119500001	0.867245	1.02788	2
7	119550001	1.15632	1.02788	2
7	119600001	1.11743	1.02788	2
7	119650001	0.91985	1.02788	2
7	119700001	1.02788	1.02788	2
7	119750001	0.907837	1.02788	2
7	119800001	1.06819	1.02788	2
7	119850001	0.951159	1.02788	2
7	119900001	1.06866	1.02788	2
7	119950001	1.14038	1.02788	2
7	120000001	1.15115	1.02788	2
7	120050001	1.08546	1.02788	2
7	120100001	1.07205	1.02788	2
7	120150001	0.97697	1.02788	2
7	120200001	1.13199	1.02788	2
7	120250001	0.716814	1.02788	2
7	120300001	0.891249	1.02788	2
7	120350001	1.022	1.02788	2
7	120400001	1.20716	1.02788	2
7	120450001	0.986937	1.02788	2
7	120500001	1.06599	1.02788	2
7	120550001	1.06001	1.02788	2
7	120600001	0.822767	1.02788	2
7	120650001	0.826329	1.02788	2
7	120700001	0.829768	1.02788	2
7	120750001	1.32607	1.02788	2
7	120800001	0.970117	1.02788	2
7	120850001	1.05967	1.02788	2
7	120900001	1.17261	1.02788	2
7	120950001	0.966741	1.02788	2
7	121000001	1.23238	1.02788	2
7	121050001	0.996616	1.02788	2
7	121100001	1.47138	1.02788	2
7	121150001	1.01163	1.02788	2
7	121200001	1.19243	1.02788	2
7	121250001	1.26524	1.02788	2
7	121300001	1.36744	1.02788	2
7	121350001	1.35115	1.02788	2
7	121400001	1.03639	1.02788	2
7	121450001	1.17407	1.02788	2
7	121500001	1.23946	1.02788	2
7	121550001	0.83535	1.02788	2
7	121600001	0.770337	1.02788	2
7	121650001	0.797555	1.02788	2
7	121700001	1.06593	1.02788	2
7	121750001	1.06629	1.02788	2
7	121800001	0.952099	1.02788	2
7	121850001	0.974374	1.02788	2
7	121900001	1.03606	1.02788	2
7	121950001	1.19674	1.02788	2
7	122000001	1.03603	1.02788	2
7	122050001	1.17075	1.02788	2
7	122100001	1.10068	1.02788	2
7	122150001	1.1096	1.02788	2
7	122200001	1.25262	1.02788	2
7	122250001	1.14394	1.02788	2
7	122300001	0.916286	1.02788	2
7	122350001	1.18697	1.02788	2
7	122400001	1.04733	1.02788	2
7	122450001	1.09626	1.02788	2
7	122500001	1.17496	1.02788	2
7	122550001	1.11893	1.02788	2
7	122600001	0.941818	1.02788	2
7	122650001	0.943129	1.02788	2
7	122700001	1.15823	1.02788	2
7	122750001	0.969701	1.02788	2
7	122800001	0.928791	1.02788	2
7	122850001	0.855834	1.02788	2
7	122900001	1.17765	1.02788	2
7	122950001	0.808457	1.02788	2
7	123000001	0.935599	1.02788	2
7	123050001	1.08816	1.02788	2
7	123100001	0.932506	1.02788	2
7	123150001	0.996541	1.02788	2
7	123200001	1.00589	1.02788	2
7	123250001	1.10789	1.02788	2
7	123300001	0.960703	1.02788	2
7	123350001	0.792384	1.02788	2
7	123400001	0.840379	1.02788	2
7	123450001	1.47587	1.02788	2
7	123500001	0.763134	1.02788	2
7	123550001	0.917102	1.02788	2
7	123600001	1.21157	1.02788	2
7	123650001	0.853763	1.02788	2
7	123700001	1.16646	1.02788	2
7	123750001	0.980093	1.02788	2
7	123800001	0.827928	1.02788	2
7	123850001	1.15389	1.02788	2
7	123900001	1.01958	1.02788	2
7	123950001	0.819267	1.02788	2
7	124000001	0.758217	1.02788	2
7	124050001	0.965558	1.02788	2
7	124100001	1.03621	1.02788	2
7	124150001	1.18065	1.02788	2
7	124200001	0.928463	1.02788	2
7	124250001	0.859408	1.02788	2
7	124300001	0.979912	1.02788	2
7	124350001	1.00949	1.02788	2
7	124400001	1.13445	1.02788	2
7	124450001	0.990344	1.02788	2
7	124500001	0.991615	1.02788	2
7	124550001	1.20489	1.02788	2
7	124600001	1.05462	1.02788	2
7	124650001	1.08308	1.02788	2
7	124700001	0.834369	1.02788	2
7	124750001	0.963616	1.02788	2
7	124800001	0.948009	1.02788	2
7	124850001	0.835911	1.02788	2
7	124900001	0.899351	1.02788	2
7	124950001	1.17323	1.02788	2
7	125000001	0.675022	1.02788	2
7	125050001	1.06041	1.02788	2
7	125100001	1.02043	1.02788	2
7	125150001	0.915561	1.02788	2
7	125200001	0.923513	1.02788	2
7	125250001	1.14312	1.02788	2
7	125300001	1.09274	1.02788	2
7	125350001	0.859378	1.02788	2
7	125400001	0.836201	1.02788	2
7	125450001	0.988195	1.02788	2
7	125500001	1.16438	1.02788	2
7	125550001	0.827604	1.02788	2
7	125600001	1.05193	1.02788	2
7	125650001	1.1168	1.02788	2
7	125700001	0.896853	1.02788	2
7	125750001	1.08838	1.02788	2
7	125800001	1.13288	1.02788	2
7	125850001	0.787473	1.02788	2
7	125900001	1.11012	1.02788	2
7	125950001	1.01414	1.02788	2
7	126000001	0.567603	1.02788	2
7	126050001	1.06031	1.02788	2
7	126100001	1.22827	1.02788	2
7	126150001	0.891372	1.02788	2
7	126200001	1.13982	1.02788	2
7	126250001	1.32305	1.02788	2
7	126300001	0.932527	1.02788	2
7	126350001	0.986582	1.02788	2
7	126400001	1.09742	1.02788	2
7	126450001	1.14195	1.02788	2
7	126500001	1.0252	1.02788	2
7	126550001	0.982699	1.02788	2
7	126600001	1.08939	1.02788	2
7	126650001	1.05602	1.02788	2
7	126700001	0.939782	1.02788	2
7	126750001	0.82202	1.02788	2
7	126800001	1.00565	1.02788	2
7	126850001	1.01408	1.02788	2
7	126900001	1.13303	1.02788	2
7	126950001	0.900298	1.02788	2
7	127000001	1.51633	1.02788	2
7	127050001	1.12487	1.02788	2
7	127100001	0.90396	1.02788	2
7	127150001	1.07962	1.02788	2
7	127200001	0.754646	1.02788	2
7	127250001	0.988703	1.02788	2
7	127300001	1.11889	1.02788	2
7	127350001	1.01167	1.02788	2
7	127400001	1.28191	1.02788	2
7	127450001	1.22782	1.02788	2
7	127500001	1.56954	1.02788	2
7	127550001	1.67085	1.02788	2
7	127600001	1.45886	1.02788	2
7	127650001	1.12988	1.02788	2
7	127700001	0.896169	1.02788	2
7	127750001	0.938829	1.02788	2
7	127800001	1.04516	1.02788	2
7	127850001	1.05819	1.02788	2
7	127900001	1.0625	1.02788	2
7	127950001	1.35378	1.02788	2
7	128000001	0.900094	1.02788	2
7	128050001	1.12011	1.02788	2
7	128100001	1.31797	1.02788	2
7	128150001	1.00899	1.02788	2
7	128200001	1.18481	1.02788	2
7	128250001	2.08526	1.91401	4
7	128300001	1.74276	1.91401	4
7	128350001	1.25626	1.0262	2
7	128400001	1.02758	1.0262	2
7	128450001	0.567206	1.0262	2
7	128500001	0.739159	1.0262	2
7	128550001	0.89423	1.0262	2
7	128600001	1.34375	1.0262	2
7	128650001	1.12748	1.0262	2
7	128700001	1.0382	1.0262	2
7	128750001	0.826479	1.0262	2
7	128800001	0.770946	1.0262	2
7	128850001	1.03782	1.0262	2
7	128900001	0.926034	1.0262	2
7	128950001	1.10169	1.0262	2
7	129000001	1.04153	1.0262	2
7	129050001	1.22286	1.0262	2
7	129100001	1.02481	1.0262	2
7	129150001	0.706701	1.0262	2
7	129200001	1.25605	1.0262	2
7	129250001	1.24746	1.0262	2
7	129300001	0.954147	1.0262	2
7	129350001	1.19513	1.0262	2
7	129400001	0.546542	1.0262	2
7	129450001	1.26401	1.0262	2
7	129500001	1.09701	1.0262	2
7	129550001	1.15795	1.0262	2
7	129600001	0.908087	1.0262	2
7	129650001	1.21528	1.0262	2
7	129700001	0.826595	1.0262	2
7	129750001	0.969048	1.0262	2
7	129800001	1.1614	1.0262	2
7	129850001	1.00801	1.0262	2
7	129900001	0.885666	1.0262	2
7	129950001	0.903852	1.0262	2
7	130000001	0.815949	1.0262	2
7	130050001	1.24233	1.0262	2
7	130100001	0.708374	1.0262	2
7	130150001	0.0664574	0.0332287	0
7	130200001	0	0.0332287	0
7	130250001	0.716959	1.01487	2
7	130300001	1.30917	1.01487	2
7	130350001	1.16383	1.01487	2
7	130400001	1.13109	1.01487	2
7	130450001	1.16745	1.01487	2
7	130500001	1.02289	1.01487	2
7	130550001	1.11944	1.01487	2
7	130600001	0.861472	1.01487	2
7	130650001	1.03121	1.01487	2
7	130700001	0.947665	1.01487	2
7	130750001	1.01512	1.01487	2
7	130800001	0.826887	1.01487	2
7	130850001	1.32621	1.01487	2
7	130900001	1.15161	1.01487	2
7	130950001	1.13978	1.01487	2
7	131000001	1.42686	1.01487	2
7	131050001	1.03351	1.01487	2
7	131100001	1.07881	1.01487	2
7	131150001	0.99469	1.01487	2
7	131200001	0.988096	1.01487	2
7	131250001	0.815489	1.01487	2
7	131300001	0.546527	1.01487	2
7	131350001	0.979277	1.01487	2
7	131400001	1.01294	1.01487	2
7	131450001	1.34828	1.01487	2
7	131500001	1.23123	1.01487	2
7	131550001	1.01462	1.01487	2
7	131600001	0.930795	1.01487	2
7	131650001	1.05329	1.01487	2
7	131700001	0.96499	1.01487	2
7	131750001	0.774569	1.01487	2
7	131800001	0.883981	1.01487	2
7	131850001	1.02563	1.01487	2
7	131900001	0.865824	1.01487	2
7	131950001	1.09288	1.01487	2
7	132000001	0.940894	1.01487	2
7	132050001	0.986197	1.01487	2
7	132100001	0.798756	1.01487	2
7	132150001	0.761856	1.01487	2
7	132200001	1.20313	1.01487	2
7	132250001	0.816862	1.01487	2
7	132300001	0.953442	1.01487	2
7	132350001	0.875417	1.01487	2
7	132400001	0.896383	1.01487	2
7	132450001	1.20267	1.01487	2
7	132500001	0.939907	1.01487	2
7	132550001	0.867178	1.01487	2
7	132600001	1.05697	1.01487	2
7	132650001	0.892713	1.01487	2
7	132700001	1.15249	1.01487	2
7	132750001	0.882271	1.01487	2
7	132800001	0.89126	1.01487	2
7	132850001	1.16238	1.01487	2
7	132900001	0.940598	1.01487	2
7	132950001	0.776511	1.01487	2
7	133000001	0.676593	1.01487	2
7	133050001	0.845876	1.01487	2
7	133100001	0.90487	1.01487	2
7	133150001	1.15483	1.01487	2
7	133200001	0.994255	1.01487	2
7	133250001	0.920509	1.01487	2
7	133300001	1.1156	1.01487	2
7	133350001	1.05911	1.01487	2
7	133400001	1.22958	1.01487	2
7	133450001	0.89658	1.01487	2
7	133500001	1.14642	1.01487	2
7	133550001	1.12896	1.01487	2
7	133600001	0.893246	1.01487	2
7	133650001	1.10611	1.01487	2
7	133700001	0.952479	1.01487	2
7	133750001	0.891661	1.01487	2
7	133800001	1.07502	1.01487	2
7	133850001	0.929362	1.01487	2
7	133900001	1.05911	1.01487	2
7	133950001	1.03135	1.01487	2
7	134000001	0.933098	1.01487	2
7	134050001	1.33008	1.01487	2
7	134100001	0.971172	1.01487	2
7	134150001	1.27297	1.01487	2
7	134200001	0.911623	1.01487	2
7	134250001	1.21512	1.01487	2
7	134300001	1.27939	1.01487	2
7	134350001	1.03712	1.01487	2
7	134400001	0.926359	1.01487	2
7	134450001	1.08901	1.01487	2
7	134500001	1.13014	1.01487	2
7	134550001	0.793296	1.01487	2
7	134600001	1.02689	1.01487	2
7	134650001	1.36971	1.01487	2
7	134700001	1.17335	1.01487	2
7	134750001	0.956978	1.01487	2
7	134800001	1.27421	1.01487	2
7	134850001	0.739885	1.01487	2
7	134900001	1.18601	1.01487	2
7	134950001	1.37885	1.01487	2
7	135000001	1.14905	1.01487	2
7	135050001	1.31801	1.01487	2
7	135100001	0.936724	1.01487	2
7	135150001	1.06146	1.01487	2
7	135200001	0.832281	1.01487	2
7	135250001	0.921534	1.01487	2
7	135300001	0.78497	1.01487	2
7	135350001	1.26926	1.01487	2
7	135400001	1.18232	1.01487	2
7	135450001	0.864692	1.01487	2
7	135500001	0.862028	1.01487	2
7	135550001	0.944389	1.01487	2
7	135600001	0.851014	1.01487	2
7	135650001	1.11433	1.01487	2
7	135700001	0.981118	1.01487	2
7	135750001	1.03666	1.01487	2
7	135800001	1.06121	1.01487	2
7	135850001	0.898869	1.01487	2
7	135900001	0.946844	1.01487	2
7	135950001	0.732223	1.01487	2
7	136000001	1.15347	1.01487	2
7	136050001	1.16182	1.01487	2
7	136100001	0.880321	1.01487	2
7	136150001	0.98441	1.01487	2
7	136200001	0.916839	1.01487	2
7	136250001	1.16067	1.01487	2
7	136300001	1.13729	1.01487	2
7	136350001	1.00434	1.01487	2
7	136400001	1.03469	1.01487	2
7	136450001	1.11	1.01487	2
7	136500001	0.790712	1.01487	2
7	136550001	1.11971	1.01487	2
7	136600001	1.08186	1.01487	2
7	136650001	0.998985	1.01487	2
7	136700001	0.710511	1.01487	2
7	136750001	1.02417	1.01487	2
7	136800001	1.27725	1.01487	2
7	136850001	1.0037	1.01487	2
7	136900001	1.03898	1.01487	2
7	136950001	0.960398	1.01487	2
7	137000001	0.874163	1.01487	2
7	137050001	0.966483	1.01487	2
7	137100001	1.03373	1.01487	2
7	137150001	1.00183	1.01487	2
7	137200001	0.78133	1.01487	2
7	137250001	1.15673	1.01487	2
7	137300001	1.04808	1.01487	2
7	137350001	1.16898	1.01487	2
7	137400001	1.09319	1.01487	2
7	137450001	1.1262	1.01487	2
7	137500001	1.07655	1.01487	2
7	137550001	1.21955	1.01487	2
7	137600001	1.06229	1.01487	2
7	137650001	0.969897	1.01487	2
7	137700001	1.27787	1.01487	2
7	137750001	1.43894	1.01487	2
7	137800001	0.870101	1.01487	2
7	137850001	0.69649	1.01487	2
7	137900001	0.682315	1.01487	2
7	137950001	0.826478	1.01487	2
7	138000001	1.27129	1.01487	2
7	138050001	0.977604	1.01487	2
7	138100001	0.918142	1.01487	2
7	138150001	1.07896	1.01487	2
7	138200001	1.07703	1.01487	2
7	138250001	1.42349	1.01487	2
7	138300001	0.895362	1.01487	2
7	138350001	0.852174	1.01487	2
7	138400001	0.988733	1.01487	2
7	138450001	0.993837	1.01487	2
7	138500001	0.813206	1.01487	2
7	138550001	1.02647	1.01487	2
7	138600001	0.940302	1.01487	2
7	138650001	0.869711	1.01487	2
7	138700001	0.870428	1.01487	2
7	138750001	0.806049	1.01487	2
7	138800001	1.28819	1.01487	2
7	138850001	1.26891	1.01487	2
7	138900001	1.29911	1.01487	2
7	138950001	1.20106	1.01487	2
7	139000001	-1	1.01487	2
7	139050001	1.47574	1.01487	2
7	139100001	0.874247	1.01487	2
7	139150001	0.895989	1.01487	2
7	139200001	0.615546	1.01487	2
7	139250001	0.943418	1.01487	2
7	139300001	0.769789	1.01487	2
7	139350001	0.585198	1.01487	2
7	139400001	0.801842	1.01487	2
7	139450001	0.948811	1.01487	2
7	139500001	0.749674	1.01487	2
7	139550001	1.42032	1.01487	2
7	139600001	1.05125	1.01487	2
7	139650001	1.10195	1.01487	2
7	139700001	0.935296	1.01487	2
7	139750001	1.25839	1.01487	2
7	139800001	1.35322	1.01487	2
7	139850001	1.31099	1.01487	2
7	139900001	1.07401	1.01487	2
7	139950001	0.996517	1.01487	2
7	140000001	1.261	1.01487	2
7	140050001	0.853169	1.01487	2
7	140100001	0.847861	1.01487	2
7	140150001	0.550164	1.01487	2
7	140200001	0.751025	1.01487	2
7	140250001	1.00491	1.01487	2
7	140300001	0.994146	1.01487	2
7	140350001	0.718306	1.01487	2
7	140400001	1.08161	1.01487	2
7	140450001	0.76181	1.01487	2
7	140500001	0.825169	1.01487	2
7	140550001	0.902923	1.01487	2
7	140600001	1.37079	1.01487	2
7	140650001	1.10706	1.01487	2
7	140700001	1.0431	1.01487	2
7	140750001	0.759625	1.01487	2
7	140800001	1.02456	1.01487	2
7	140850001	0.973483	1.01487	2
7	140900001	1.02378	1.01487	2
7	140950001	0.766699	1.01487	2
7	141000001	1.10121	1.01487	2
7	141050001	0.902991	1.01487	2
7	141100001	0.965455	1.01487	2
7	141150001	0.919498	1.01487	2
7	141200001	0.869124	1.01487	2
7	141250001	0.925782	1.01487	2
7	141300001	1.20897	1.01487	2
7	141350001	1.15164	1.01487	2
7	141400001	0.876533	1.01487	2
7	141450001	1.02718	1.01487	2
7	141500001	1.05619	1.01487	2
7	141550001	1.07292	1.01487	2
7	141600001	1.24605	1.01487	2
7	141650001	1.03935	1.01487	2
7	141700001	1.08284	1.01487	2
7	141750001	0.860589	1.01487	2
7	141800001	1.26147	1.01487	2
7	141850001	1.13842	1.01487	2
7	141900001	0.804188	1.01487	2
7	141950001	1.19994	1.01487	2
7	142000001	0.991774	1.01487	2
7	142050001	0.0328641	1.01487	2
7	142100001	1.06417	1.01487	2
7	142150001	1.31184	1.01487	2
7	142200001	1.15673	1.01487	2
7	142250001	0.639509	1.01487	2
7	142300001	0.404312	1.01487	2
7	142350001	0.749398	1.01487	2
7	142400001	1.01236	1.01487	2
7	142450001	0.808777	1.01487	2
7	142500001	0.947162	1.01487	2
7	142550001	0.662472	1.01487	2
7	142600001	0.731595	1.01487	2
7	142650001	1.19111	1.01487	2
7	142700001	1.25952	1.01487	2
7	142750001	1.49073	1.01487	2
7	142800001	0.933449	1.01487	2
7	142850001	0.787309	1.01487	2
7	142900001	1.15555	1.01487	2
7	142950001	0.66706	1.01487	2
7	143000001	0.795062	1.01487	2
7	143050001	0.704322	1.01487	2
7	143100001	0.983957	1.01487	2
7	143150001	1.10034	1.01487	2
7	143200001	1.27882	1.01487	2
7	143250001	1.15744	1.01487	2
7	143300001	0.852224	1.01487	2
7	143350001	0.0161918	1.01487	2
7	143400001	0.904979	1.01487	2
7	143450001	1.28201	1.01487	2
7	143500001	1.12716	1.01487	2
7	143550001	1.18979	1.01487	2
7	143600001	1.18091	1.01487	2
7	143650001	0.93904	1.01487	2
7	143700001	1.43611	1.01487	2
7	143750001	1.30974	1.01487	2
7	143800001	0.955867	1.01487	2
7	143850001	1.18666	1.01487	2
7	143900001	1.44087	1.01487	2
7	143950001	1.07908	1.01487	2
7	144000001	1.23449	1.01487	2
7	144050001	0.944387	1.01487	2
7	144100001	0.943337	1.01487	2
7	144150001	0.866569	1.01487	2
7	144200001	1.14335	1.01487	2
7	144250001	1.12241	1.01487	2
7	144300001	1.0585	1.01487	2
7	144350001	1.00864	1.01487	2
7	144400001	1.41676	1.01487	2
7	144450001	1.27384	1.01487	2
7	144500001	0.888846	1.01487	2
7	144550001	1.17377	1.01487	2
7	144600001	0.748515	1.01487	2
7	144650001	1.17237	1.01487	2
7	144700001	1.1889	1.01487	2
7	144750001	1.1115	1.01487	2
7	144800001	1.04816	1.01487	2
7	144850001	0.755102	1.01487	2
7	144900001	1.18932	1.01487	2
7	144950001	0.902045	1.01487	2
7	145000001	1.1547	1.01487	2
7	145050001	0.827714	1.01487	2
7	145100001	0.658742	1.01487	2
7	145150001	1.09643	1.01487	2
7	145200001	1.03752	1.01487	2
7	145250001	0.765863	1.01487	2
7	145300001	1.10909	1.01487	2
7	145350001	1.21327	1.01487	2
7	145400001	0.787783	1.01487	2
7	145450001	0.996913	1.01487	2
7	145500001	0.89322	1.01487	2
7	145550001	1.08866	1.01487	2
7	145600001	0.943083	1.01487	2
7	145650001	0.950795	1.01487	2
7	145700001	1.01274	1.01487	2
7	145750001	0.980378	1.01487	2
7	145800001	1.01063	1.01487	2
7	145850001	1.23774	1.01487	2
7	145900001	0.908704	1.01487	2
7	145950001	0.924532	1.01487	2
7	146000001	1.1984	1.01487	2
7	146050001	1.07677	1.01487	2
7	146100001	1.11215	1.01487	2
7	146150001	0.915523	1.01487	2
7	146200001	1.13784	1.01487	2
7	146250001	1.11354	1.01487	2
7	146300001	0.932071	1.01487	2
7	146350001	1.23329	1.01487	2
7	146400001	0.735364	1.01487	2
7	146450001	0.935297	1.01487	2
7	146500001	0.772016	1.01487	2
7	146550001	0.897068	1.01487	2
7	146600001	0.828573	1.01487	2
7	146650001	1.05428	1.01487	2
7	146700001	1.08338	1.01487	2
7	146750001	0.937465	1.01487	2
7	146800001	0.929582	1.01487	2
7	146850001	1.16844	1.01487	2
7	146900001	1.20626	1.01487	2
7	146950001	1.05198	1.01487	2
7	147000001	1.13555	1.01487	2
7	147050001	1.02114	1.01487	2
7	147100001	0.909341	1.01487	2
7	147150001	0.811297	1.01487	2
7	147200001	0.813882	1.01487	2
7	147250001	1.03603	1.01487	2
7	147300001	1.09922	1.01487	2
7	147350001	1.00711	1.01487	2
7	147400001	1.15285	1.01487	2
7	147450001	1.22183	1.01487	2
7	147500001	1.15255	1.01487	2
7	147550001	1.17596	1.01487	2
7	147600001	0.573537	1.01487	2
7	147650001	1.1462	1.01487	2
7	147700001	1.17871	1.01487	2
7	147750001	1.15585	1.01487	2
7	147800001	0.990394	1.01487	2
7	147850001	0.915634	1.01487	2
7	147900001	1.02572	1.01487	2
7	147950001	1.12504	1.01487	2
7	148000001	0.636096	1.01487	2
7	148050001	1.11076	1.01487	2
7	148100001	0.856242	1.01487	2
7	148150001	0.982765	1.01487	2
7	148200001	1.20026	1.01487	2
7	148250001	1.14181	1.01487	2
7	148300001	1.21343	1.01487	2
7	148350001	1.18436	1.01487	2
7	148400001	1.3593	1.01487	2
7	148450001	1.26763	1.01487	2
7	148500001	1.11032	1.01487	2
7	148550001	1.16682	1.01487	2
7	148600001	1.0899	1.01487	2
7	148650001	0.730455	1.01487	2
7	148700001	0.901609	1.01487	2
7	148750001	0.992629	1.01487	2
7	148800001	0.520088	1.01487	2
7	148850001	0.798831	1.01487	2
7	148900001	1.19297	1.01487	2
7	148950001	0.677192	1.01487	2
7	149000001	1.26235	1.01487	2
7	149050001	1.18432	1.01487	2
7	149100001	5.5725	5.5725	11
7	149150001	1.18896	0.992136	2
7	149200001	1.09807	0.992136	2
7	149250001	1.00663	0.992136	2
7	149300001	0.884471	0.992136	2
7	149350001	0.992136	0.992136	2
7	149400001	0.580818	0.992136	2
7	149450001	0.509191	0.992136	2
7	149500001	0.665003	0.992136	2
7	149550001	0.561739	0.992136	2
7	149600001	0.802757	0.992136	2
7	149650001	1.6259	0.992136	2
7	149700001	1.40016	0.992136	2
7	149750001	0.945686	0.992136	2
7	149800001	0.91586	0.992136	2
7	149850001	0.992593	0.992136	2
7	149900001	1.02068	0.992136	2
7	149950001	1.23229	0.992136	2
7	150000001	0.802521	0.992136	2
7	150050001	0.542911	0.992136	2
7	150100001	0.796475	0.992136	2
7	150150001	1.2605	0.992136	2
7	150200001	1.13612	0.992136	2
7	150250001	1.39001	0.992136	2
7	150300001	2.3116	1.92089	4
7	150350001	1.99728	1.92089	4
7	150400001	1.88281	1.92089	4
7	150450001	1.25778	1.92089	4
7	150500001	1.95897	1.92089	4
7	150550001	1.84852	1.92089	4
7	150600001	1.02223	0.521006	1
7	150650001	0.402722	0.521006	1
7	150700001	0.687379	0.521006	1
7	150750001	0.425182	0.521006	1
7	150800001	0.412603	0.521006	1
7	150850001	0.480239	0.521006	1
7	150900001	0.561773	0.521006	1
7	150950001	0.626593	0.521006	1
7	151000001	1.08013	0.897851	2
7	151050001	0.856182	0.897851	2
7	151100001	0.875015	0.897851	2
7	151150001	1.35514	0.897851	2
7	151200001	1.00327	0.897851	2
7	151250001	1.06944	0.897851	2
7	151300001	0.935842	0.897851	2
7	151350001	0.727192	0.897851	2
7	151400001	0.537067	0.897851	2
7	151450001	0.791753	0.897851	2
7	151500001	0.689908	0.897851	2
7	151550001	0.660906	0.897851	2
7	151600001	0.897851	0.897851	2
7	151650001	0.915737	0.897851	2
7	151700001	1.06237	0.897851	2
7	151750001	1.02279	0.897851	2
7	151800001	0.867423	0.897851	2
7	151850001	1.55386	1.56218	3
7	151900001	1.44988	1.56218	3
7	151950001	1.83708	1.56218	3
7	152000001	1.24006	1.56218	3
7	152050001	1.62386	1.56218	3
7	152100001	1.5705	1.56218	3
7	152150001	0.843924	0.9262	2
7	152200001	0.644443	0.9262	2
7	152250001	0.787462	0.9262	2
7	152300001	1.2016	0.9262	2
7	152350001	1.02938	0.9262	2
7	152400001	0.888903	0.9262	2
7	152450001	1.06465	0.9262	2
7	152500001	0.710172	0.9262	2
7	152550001	0.84366	0.9262	2
7	152600001	0.930189	0.9262	2
7	152650001	0.821755	0.9262	2
7	152700001	0.81658	0.9262	2
7	152750001	0.961506	0.9262	2
7	152800001	0.91199	0.9262	2
7	152850001	1.04409	0.9262	2
7	152900001	0.997112	0.9262	2
7	152950001	0.748353	0.9262	2
7	153000001	0.736935	0.9262	2
7	153050001	0.922028	0.9262	2
7	153100001	1.06165	0.9262	2
7	153150001	1.04377	0.9262	2
7	153200001	1.11475	0.9262	2
7	153250001	1.21811	0.9262	2
7	153300001	0.894368	0.9262	2
7	153350001	1.21056	0.9262	2
7	153400001	0.952568	0.9262	2
7	153450001	1.01996	0.9262	2
7	153500001	1.07055	0.9262	2
7	153550001	1.1935	0.9262	2
7	153600001	0.959478	0.9262	2
7	153650001	0.74273	0.9262	2
7	153700001	0.9262	0.9262	2
7	153750001	0.853292	0.9262	2
7	153800001	0.85932	0.9262	2
7	153850001	0.946247	0.9262	2
7	153900001	-1	0.9262	2
7	153950001	-1	0.9262	2
7	154000001	0.892975	0.9262	2
7	154050001	1.05202	0.9262	2
7	154100001	0.860553	0.9262	2
7	154150001	1.18463	0.9262	2
7	154200001	1.19086	0.9262	2
7	154250001	0.405236	0.9262	2
7	154300001	0	0.9262	2
7	154350001	0.524468	0.9262	2
7	154400001	0.982677	0.9262	2
7	154450001	0.949047	0.9262	2
7	154500001	0.71384	0.9262	2
7	154550001	0.878005	0.9262	2
7	154600001	1.1638	0.9262	2
7	154650001	0.789621	0.9262	2
7	154700001	-1	-1	2
7	154750001	-1	-1	2
7	154800001	-1	-1	2
7	154850001	2.17854	2.17854	4
7	154900001	1.16076	0.796571	2
7	154950001	1.099	0.796571	2
7	155000001	0.975873	0.796571	2
7	155050001	0.998496	0.796571	2
7	155100001	0.690171	0.796571	2
7	155150001	0.430182	0.796571	2
7	155200001	0.569481	0.796571	2
7	155250001	0.630642	0.796571	2
7	155300001	0.835435	0.796571	2
7	155350001	1.08192	0.796571	2
7	155400001	1.26573	0.796571	2
7	155450001	1.0677	0.796571	2
7	155500001	1.31111	0.796571	2
7	155550001	0.694546	0.796571	2
7	155600001	0.725722	0.796571	2
7	155650001	0.898789	0.796571	2
7	155700001	0.772131	0.796571	2
7	155750001	0.57948	0.796571	2
7	155800001	0.74069	0.796571	2
7	155850001	0.696028	0.796571	2
7	155900001	0.944484	0.796571	2
7	155950001	0.510226	0.796571	2
7	156000001	0.913541	0.796571	2
7	156050001	0.740507	0.796571	2
7	156100001	0.546497	0.796571	2
7	156150001	1.02191	0.796571	2
7	156200001	0.971762	0.796571	2
7	156250001	0.703403	0.796571	2
7	156300001	0.742849	0.796571	2
7	156350001	0.821011	0.796571	2
7	156400001	1.18538	1.3939	3
7	156450001	1.3939	1.3939	3
7	156500001	1.64616	1.3939	3
7	156550001	1.25054	1.3939	3
7	156600001	1.53614	1.3939	3
7	156650001	0.980344	0.921807	2
7	156700001	0.929675	0.921807	2
7	156750001	1.03674	0.921807	2
7	156800001	0.785273	0.921807	2
7	156850001	1.13115	0.921807	2
7	156900001	1.17873	0.921807	2
7	156950001	1.22894	0.921807	2
7	157000001	0.97979	0.921807	2
7	157050001	0.983546	0.921807	2
7	157100001	0.889806	0.921807	2
7	157150001	1.38304	0.921807	2
7	157200001	0.838685	0.921807	2
7	157250001	0.923177	0.921807	2
7	157300001	0.847446	0.921807	2
7	157350001	0.790628	0.921807	2
7	157400001	0.551813	0.921807	2
7	157450001	0.561798	0.921807	2
7	157500001	0.541472	0.921807	2
7	157550001	0.819447	0.921807	2
7	157600001	0.739371	0.921807	2
7	157650001	0.460388	0.921807	2
7	157700001	0.654327	0.921807	2
7	157750001	0.73266	0.921807	2
7	157800001	0.920437	0.921807	2
7	157850001	1.02211	0.921807	2
7	157900001	0.847373	0.921807	2
7	157950001	1.17138	0.921807	2
7	158000001	1.30939	0.921807	2
7	158050001	0.535785	0.921807	2
7	158100001	0.517811	0.921807	2
7	158150001	0.552169	0.921807	2
7	158200001	0.715001	0.921807	2
7	158250001	0.924904	0.921807	2
7	158300001	0.878667	0.921807	2
7	158350001	0.971058	0.921807	2
7	158400001	1.2067	0.921807	2
7	158450001	1.31493	0.921807	2
7	158500001	0.949557	0.921807	2
7	158550001	1.29379	0.921807	2
7	158600001	1.0279	0.921807	2
7	158650001	1.08098	0.921807	2
7	158700001	0.952557	0.921807	2
7	158750001	0.861793	0.921807	2
7	158800001	0.691504	0.921807	2
7	158850001	-1	-1	2
7	158900001	-1	-1	2
7	158950001	-1	-1	2
7	159000001	-1	-1	2
7	159050001	-1	-1	2
7	159100001	-1	-1	2
