Chromosome	Start	Ratio	MedianRatio	CopyNumber
8	1	0.403497	0.84843	2
8	50001	0.641993	0.84843	2
8	100001	0.742147	0.84843	2
8	150001	0.910459	0.84843	2
8	200001	0.999649	0.84843	2
8	250001	0.747555	0.84843	2
8	300001	0.856659	0.84843	2
8	350001	0.966201	0.84843	2
8	400001	1.017	0.84843	2
8	450001	1.02138	0.84843	2
8	500001	0.665163	0.84843	2
8	550001	0.840201	0.84843	2
8	600001	1.13155	0.84843	2
8	650001	0.815984	0.84843	2
8	700001	0.826439	0.84843	2
8	750001	1.01285	0.84843	2
8	800001	1.07314	0.84843	2
8	850001	0.58207	0.84843	2
8	900001	0.691937	0.84843	2
8	950001	1.4269	0.84843	2
8	1000001	1.00654	0.84843	2
8	1050001	0.807631	0.84843	2
8	1100001	0.882415	0.84843	2
8	1150001	0.764302	0.84843	2
8	1200001	0.65605	0.84843	2
8	1250001	1.08584	0.84843	2
8	1300001	0.601852	0.84843	2
8	1350001	0.774685	0.84843	2
8	1400001	1.0042	0.84843	2
8	1450001	0.720016	0.84843	2
8	1500001	0.815873	0.84843	2
8	1550001	0.775973	0.84843	2
8	1600001	1.05111	0.84843	2
8	1650001	0.922342	0.84843	2
8	1700001	0.911544	0.84843	2
8	1750001	1.04352	0.84843	2
8	1800001	0.889396	0.84843	2
8	1850001	0.639284	0.84843	2
8	1900001	0.867003	0.84843	2
8	1950001	1.01853	0.84843	2
8	2000001	0.706448	0.84843	2
8	2050001	0.81917	0.84843	2
8	2100001	1.13797	0.84843	2
8	2150001	0.762967	0.84843	2
8	2200001	1.92666	1.78442	4
8	2250001	1.64218	1.78442	4
8	2300001	0.903689	1.01543	2
8	2350001	0.810775	1.01543	2
8	2400001	0.764318	1.01543	2
8	2450001	1.19749	1.01543	2
8	2500001	1.17101	1.01543	2
8	2550001	0.930498	1.01543	2
8	2600001	1.09807	1.01543	2
8	2650001	1.07488	1.01543	2
8	2700001	1.20587	1.01543	2
8	2750001	1.07305	1.01543	2
8	2800001	1.07399	1.01543	2
8	2850001	0.923517	1.01543	2
8	2900001	1.12964	1.01543	2
8	2950001	1.07654	1.01543	2
8	3000001	0.941274	1.01543	2
8	3050001	1.1594	1.01543	2
8	3100001	0.746053	1.01543	2
8	3150001	1.14901	1.01543	2
8	3200001	1.23036	1.01543	2
8	3250001	0.686908	1.01543	2
8	3300001	0.773546	1.01543	2
8	3350001	0.885531	1.01543	2
8	3400001	1.07394	1.01543	2
8	3450001	1.27008	1.01543	2
8	3500001	0.867065	1.01543	2
8	3550001	0.905518	1.01543	2
8	3600001	0.866771	1.01543	2
8	3650001	0.845853	1.01543	2
8	3700001	1.09067	1.01543	2
8	3750001	1.15071	1.01543	2
8	3800001	0.912342	1.01543	2
8	3850001	0.959927	1.01543	2
8	3900001	1.44498	1.01543	2
8	3950001	1.00796	1.01543	2
8	4000001	0.856453	1.01543	2
8	4050001	1.04459	1.01543	2
8	4100001	0.989689	1.01543	2
8	4150001	0.959685	1.01543	2
8	4200001	0.856	1.01543	2
8	4250001	0.965978	1.01543	2
8	4300001	1.0995	1.01543	2
8	4350001	1.29712	1.01543	2
8	4400001	1.09125	1.01543	2
8	4450001	1.1278	1.01543	2
8	4500001	1.10856	1.01543	2
8	4550001	0.976274	1.01543	2
8	4600001	1.10882	1.01543	2
8	4650001	0.921476	1.01543	2
8	4700001	1.01552	1.01543	2
8	4750001	1.07819	1.01543	2
8	4800001	1.0486	1.01543	2
8	4850001	0.809375	1.01543	2
8	4900001	1.4182	1.01543	2
8	4950001	1.24061	1.01543	2
8	5000001	1.18567	1.01543	2
8	5050001	1.29887	1.01543	2
8	5100001	0.813798	1.01543	2
8	5150001	1.09037	1.01543	2
8	5200001	1.01534	1.01543	2
8	5250001	1.39162	1.01543	2
8	5300001	1.33024	1.01543	2
8	5350001	0.857467	1.01543	2
8	5400001	1.04225	1.01543	2
8	5450001	1.04833	1.01543	2
8	5500001	1.03329	1.01543	2
8	5550001	1.15846	1.01543	2
8	5600001	1.18971	1.01543	2
8	5650001	1.29745	1.01543	2
8	5700001	0.981322	1.01543	2
8	5750001	1.06943	1.01543	2
8	5800001	0.73367	1.01543	2
8	5850001	0.889553	1.01543	2
8	5900001	0.923676	1.01543	2
8	5950001	0.715752	1.01543	2
8	6000001	0.769178	1.01543	2
8	6050001	0.882129	1.01543	2
8	6100001	0.883155	1.01543	2
8	6150001	1.2765	1.01543	2
8	6200001	1.01102	1.01543	2
8	6250001	0.966119	1.01543	2
8	6300001	0.867693	1.01543	2
8	6350001	0.906956	1.01543	2
8	6400001	0.89244	1.01543	2
8	6450001	1.00518	1.01543	2
8	6500001	1.52179	1.01543	2
8	6550001	1.12057	1.01543	2
8	6600001	1.00661	1.01543	2
8	6650001	1.1109	1.01543	2
8	6700001	0.832736	1.01543	2
8	6750001	1.16241	1.01543	2
8	6800001	1.12676	1.01543	2
8	6850001	1.07787	1.01543	2
8	6900001	0.935314	1.01543	2
8	6950001	1.01301	1.01543	2
8	7000001	0.714637	1.01543	2
8	7050001	0.604554	1.01543	2
8	7100001	1.24518	1.01543	2
8	7150001	0.739077	1.01543	2
8	7200001	1.58699	1.76961	4
8	7250001	2.07643	1.76961	4
8	7300001	1.87921	1.76961	4
8	7350001	1.41993	1.76961	4
8	7400001	1.84824	1.76961	4
8	7450001	-1	1.76961	4
8	7500001	-1	1.76961	4
8	7550001	-1	1.76961	4
8	7600001	2.63873	1.76961	4
8	7650001	1.76961	1.76961	4
8	7700001	1.50986	1.76961	4
8	7750001	1.52059	1.76961	4
8	7800001	0.576195	1.01638	2
8	7850001	0.938695	1.01638	2
8	7900001	1.11077	1.01638	2
8	7950001	0.796502	1.01638	2
8	8000001	2.10217	1.01638	2
8	8050001	0.66782	1.01638	2
8	8100001	1.52605	1.01638	2
8	8150001	1.15397	1.01638	2
8	8200001	1.37092	1.01638	2
8	8250001	1.05915	1.01638	2
8	8300001	1.00534	1.01638	2
8	8350001	1.17308	1.01638	2
8	8400001	1.29952	1.01638	2
8	8450001	1.35583	1.01638	2
8	8500001	1.02039	1.01638	2
8	8550001	1.25256	1.01638	2
8	8600001	0.807478	1.01638	2
8	8650001	1.10453	1.01638	2
8	8700001	0.90742	1.01638	2
8	8750001	1.10253	1.01638	2
8	8800001	0.96289	1.01638	2
8	8850001	1.12369	1.01638	2
8	8900001	1.03576	1.01638	2
8	8950001	0.917776	1.01638	2
8	9000001	1.0705	1.01638	2
8	9050001	1.11871	1.01638	2
8	9100001	0.98226	1.01638	2
8	9150001	0.593435	1.01638	2
8	9200001	1.0032	1.01638	2
8	9250001	1.01638	1.01638	2
8	9300001	0.850828	1.01638	2
8	9350001	0.930161	1.01638	2
8	9400001	1.07006	1.01638	2
8	9450001	1.19184	1.01638	2
8	9500001	1.0929	1.01638	2
8	9550001	0.930573	1.01638	2
8	9600001	1.13281	1.01638	2
8	9650001	1.1607	1.01638	2
8	9700001	0.639206	1.01638	2
8	9750001	0.945257	1.01638	2
8	9800001	1.06847	1.01638	2
8	9850001	1.01566	1.01638	2
8	9900001	1.04051	1.01638	2
8	9950001	1.15091	1.01638	2
8	10000001	0.92864	1.01638	2
8	10050001	0.993321	1.01638	2
8	10100001	1.11643	1.01638	2
8	10150001	0.800148	1.01638	2
8	10200001	0.800423	1.01638	2
8	10250001	0.81425	1.01638	2
8	10300001	1.17586	1.01638	2
8	10350001	0.923739	1.01638	2
8	10400001	0.997876	1.01638	2
8	10450001	0.740857	1.01638	2
8	10500001	1.10018	1.01638	2
8	10550001	0.872236	1.01638	2
8	10600001	1.03068	1.01638	2
8	10650001	0.80223	1.01638	2
8	10700001	0.985205	1.01638	2
8	10750001	0.905259	1.01638	2
8	10800001	1.0732	1.01638	2
8	10850001	1.13878	1.01638	2
8	10900001	1.05326	1.01638	2
8	10950001	1.06773	1.01638	2
8	11000001	0.895971	1.01638	2
8	11050001	0.927141	1.01638	2
8	11100001	0.84639	1.01638	2
8	11150001	1.00895	1.01638	2
8	11200001	1.40321	1.01638	2
8	11250001	0.917538	1.01638	2
8	11300001	0.94819	1.01638	2
8	11350001	1.07755	1.01638	2
8	11400001	0.793148	1.01638	2
8	11450001	1.1092	1.01638	2
8	11500001	1.24431	1.01638	2
8	11550001	1.04116	1.01638	2
8	11600001	1.23702	1.01638	2
8	11650001	1.12482	1.01638	2
8	11700001	0.796887	1.01638	2
8	11750001	0.877421	1.01638	2
8	11800001	1.08663	1.01638	2
8	11850001	0.960504	1.01638	2
8	11900001	0.347346	1.01638	2
8	11950001	1.52272	1.52428	3
8	12000001	1.57441	1.52428	3
8	12050001	2.32344	1.52428	3
8	12100001	-1	1.52428	3
8	12150001	-1	1.52428	3
8	12200001	1.47528	1.52428	3
8	12250001	1.41865	1.52428	3
8	12300001	1.52585	1.52428	3
8	12350001	2.26285	3.45677	7
8	12400001	4.65069	3.45677	7
8	12450001	0.929656	1.05011	2
8	12500001	0.928289	1.05011	2
8	12550001	1.27691	1.05011	2
8	12600001	1.18005	1.05011	2
8	12650001	1.0331	1.05011	2
8	12700001	0.982946	1.05011	2
8	12750001	1.03727	1.05011	2
8	12800001	1.01903	1.05011	2
8	12850001	0.666103	1.05011	2
8	12900001	0.830702	1.05011	2
8	12950001	0.847213	1.05011	2
8	13000001	0.742326	1.05011	2
8	13050001	1.15201	1.05011	2
8	13100001	0.940225	1.05011	2
8	13150001	0.941367	1.05011	2
8	13200001	0.912288	1.05011	2
8	13250001	1.07271	1.05011	2
8	13300001	1.03341	1.05011	2
8	13350001	1.14629	1.05011	2
8	13400001	1.1024	1.05011	2
8	13450001	1.42479	1.05011	2
8	13500001	1.11227	1.05011	2
8	13550001	0.767992	1.05011	2
8	13600001	1.06981	1.05011	2
8	13650001	0.935513	1.05011	2
8	13700001	1.05022	1.05011	2
8	13750001	1.00591	1.05011	2
8	13800001	0.953173	1.05011	2
8	13850001	0.839526	1.05011	2
8	13900001	0.996644	1.05011	2
8	13950001	0.990315	1.05011	2
8	14000001	0.972476	1.05011	2
8	14050001	1.12853	1.05011	2
8	14100001	1.02407	1.05011	2
8	14150001	1.19988	1.05011	2
8	14200001	1.25531	1.05011	2
8	14250001	0.927099	1.05011	2
8	14300001	1.03859	1.05011	2
8	14350001	1.03372	1.05011	2
8	14400001	1.07555	1.05011	2
8	14450001	1.02856	1.05011	2
8	14500001	1.36903	1.05011	2
8	14550001	1.07309	1.05011	2
8	14600001	0.794607	1.05011	2
8	14650001	1.13665	1.05011	2
8	14700001	1.19336	1.05011	2
8	14750001	1.05641	1.05011	2
8	14800001	0.989017	1.05011	2
8	14850001	1.15697	1.05011	2
8	14900001	1.04946	1.05011	2
8	14950001	0.95664	1.05011	2
8	15000001	1.16437	1.05011	2
8	15050001	1.12714	1.05011	2
8	15100001	0.985238	1.05011	2
8	15150001	1.39198	1.05011	2
8	15200001	0.834799	1.05011	2
8	15250001	1.41602	1.05011	2
8	15300001	1.0268	1.05011	2
8	15350001	0.732744	1.05011	2
8	15400001	1.16681	1.05011	2
8	15450001	1.05321	1.05011	2
8	15500001	0.897904	1.05011	2
8	15550001	1.15229	1.05011	2
8	15600001	1.25322	1.05011	2
8	15650001	0.778456	1.05011	2
8	15700001	1.10745	1.05011	2
8	15750001	1.34873	1.05011	2
8	15800001	0.75333	1.05011	2
8	15850001	1.0332	1.05011	2
8	15900001	1.20273	1.05011	2
8	15950001	1.13563	1.05011	2
8	16000001	1.03969	1.05011	2
8	16050001	1.07899	1.05011	2
8	16100001	0.935705	1.05011	2
8	16150001	1.01622	1.05011	2
8	16200001	1.18101	1.05011	2
8	16250001	1.23191	1.05011	2
8	16300001	1.15857	1.05011	2
8	16350001	1.00533	1.05011	2
8	16400001	1.09522	1.05011	2
8	16450001	1.00309	1.05011	2
8	16500001	1.21171	1.05011	2
8	16550001	1.18313	1.05011	2
8	16600001	0.994278	1.05011	2
8	16650001	1.18708	1.05011	2
8	16700001	1.35948	1.05011	2
8	16750001	1.21789	1.05011	2
8	16800001	1.05177	1.05011	2
8	16850001	1.09992	1.05011	2
8	16900001	1.3205	1.05011	2
8	16950001	1.06366	1.05011	2
8	17000001	0.984663	1.05011	2
8	17050001	1.28187	1.05011	2
8	17100001	1.10588	1.05011	2
8	17150001	0.955249	1.05011	2
8	17200001	1.05001	1.05011	2
8	17250001	1.18818	1.05011	2
8	17300001	1.19728	1.05011	2
8	17350001	0.933448	1.05011	2
8	17400001	1.15951	1.05011	2
8	17450001	1.06817	1.05011	2
8	17500001	0.826992	1.05011	2
8	17550001	0.908246	1.05011	2
8	17600001	1.24578	1.05011	2
8	17650001	1.36095	1.05011	2
8	17700001	1.21426	1.05011	2
8	17750001	1.12739	1.05011	2
8	17800001	1.03557	1.05011	2
8	17850001	1.38637	1.05011	2
8	17900001	1.13792	1.05011	2
8	17950001	0.869653	1.05011	2
8	18000001	1.24665	1.05011	2
8	18050001	0.930539	1.05011	2
8	18100001	1.27136	1.05011	2
8	18150001	1.22442	1.05011	2
8	18200001	1.08912	1.05011	2
8	18250001	0.99965	1.05011	2
8	18300001	1.11199	1.05011	2
8	18350001	1.02863	1.05011	2
8	18400001	1.04997	1.05011	2
8	18450001	0.865742	1.05011	2
8	18500001	1.00671	1.05011	2
8	18550001	1.52119	1.05011	2
8	18600001	1.07278	1.05011	2
8	18650001	1.11067	1.05011	2
8	18700001	0.961185	1.05011	2
8	18750001	1.00077	1.05011	2
8	18800001	0.952419	1.05011	2
8	18850001	1.13121	1.05011	2
8	18900001	0.984907	1.05011	2
8	18950001	1.14536	1.05011	2
8	19000001	0.989018	1.05011	2
8	19050001	1.51985	1.05011	2
8	19100001	1.03759	1.05011	2
8	19150001	1.04998	1.05011	2
8	19200001	1.19906	1.05011	2
8	19250001	1.0214	1.05011	2
8	19300001	0.95839	1.05011	2
8	19350001	1.25867	1.05011	2
8	19400001	1.04533	1.05011	2
8	19450001	1.28247	1.05011	2
8	19500001	0.783354	1.05011	2
8	19550001	1.45388	1.05011	2
8	19600001	1.36105	1.05011	2
8	19650001	0.867338	1.05011	2
8	19700001	0.945687	1.05011	2
8	19750001	0.929712	1.05011	2
8	19800001	1.09331	1.05011	2
8	19850001	1.12242	1.05011	2
8	19900001	0.970111	1.05011	2
8	19950001	1.26237	1.05011	2
8	20000001	1.0538	1.05011	2
8	20050001	1.06011	1.05011	2
8	20100001	0.837661	1.05011	2
8	20150001	1.13232	1.05011	2
8	20200001	1.05967	1.05011	2
8	20250001	0.900591	1.05011	2
8	20300001	1.09904	1.05011	2
8	20350001	1.04116	1.05011	2
8	20400001	1.29349	1.05011	2
8	20450001	1.13281	1.05011	2
8	20500001	1.03179	1.05011	2
8	20550001	0.902292	1.05011	2
8	20600001	1.165	1.05011	2
8	20650001	1.23776	1.05011	2
8	20700001	1.15272	1.05011	2
8	20750001	0.986783	1.05011	2
8	20800001	1.32623	1.05011	2
8	20850001	0.835614	1.05011	2
8	20900001	1.2518	1.05011	2
8	20950001	0.722221	1.05011	2
8	21000001	0.979369	1.05011	2
8	21050001	1.24498	1.05011	2
8	21100001	1.02327	1.05011	2
8	21150001	0.928901	1.05011	2
8	21200001	1.41361	1.05011	2
8	21250001	1.01153	1.05011	2
8	21300001	0.964761	1.05011	2
8	21350001	1.04741	1.05011	2
8	21400001	0.980811	1.05011	2
8	21450001	1.15081	1.05011	2
8	21500001	1.03943	1.05011	2
8	21550001	1.15186	1.05011	2
8	21600001	0.949211	1.05011	2
8	21650001	-1	1.05011	2
8	21700001	0.951727	1.05011	2
8	21750001	1.03793	1.05011	2
8	21800001	1.10361	1.05011	2
8	21850001	0.997627	1.05011	2
8	21900001	0.542849	1.05011	2
8	21950001	1.22533	1.05011	2
8	22000001	0	0	0
8	22050001	1.53221	1.8666	4
8	22100001	2.20099	1.8666	4
8	22150001	1.2398	0.877713	2
8	22200001	0.798819	0.877713	2
8	22250001	0.877713	0.877713	2
8	22300001	1.36247	0.877713	2
8	22350001	1.22781	0.877713	2
8	22400001	0.54583	0.877713	2
8	22450001	0.804631	0.877713	2
8	22500001	2.59872	2.59872	5
8	22550001	1.05121	1.06358	2
8	22600001	1.2759	1.06358	2
8	22650001	1.63103	1.06358	2
8	22700001	1.09823	1.06358	2
8	22750001	0.925475	1.06358	2
8	22800001	1.07335	1.06358	2
8	22850001	0.762473	1.06358	2
8	22900001	1.59256	1.06358	2
8	22950001	0.97959	1.06358	2
8	23000001	0.682198	1.06358	2
8	23050001	1.06918	1.06358	2
8	23100001	1.24754	1.06358	2
8	23150001	0.933051	1.06358	2
8	23200001	1.17928	1.06358	2
8	23250001	1.45228	1.06358	2
8	23300001	1.16395	1.06358	2
8	23350001	0.888794	1.06358	2
8	23400001	1.08918	1.06358	2
8	23450001	1.03105	1.06358	2
8	23500001	0.887631	1.06358	2
8	23550001	1.0113	1.06358	2
8	23600001	1.35358	1.06358	2
8	23650001	0.911173	1.06358	2
8	23700001	0.858413	1.06358	2
8	23750001	0.962479	1.06358	2
8	23800001	1.02709	1.06358	2
8	23850001	1.24633	1.06358	2
8	23900001	1.21367	1.06358	2
8	23950001	0.8522	1.06358	2
8	24000001	1.25641	1.06358	2
8	24050001	1.3642	1.06358	2
8	24100001	1.31522	1.06358	2
8	24150001	1.23222	1.06358	2
8	24200001	1.11321	1.06358	2
8	24250001	1.11714	1.06358	2
8	24300001	0.939589	1.06358	2
8	24350001	1.19725	1.06358	2
8	24400001	1.09913	1.06358	2
8	24450001	1.01429	1.06358	2
8	24500001	0.871896	1.06358	2
8	24550001	0.733267	1.06358	2
8	24600001	0.96866	1.06358	2
8	24650001	1.25215	1.06358	2
8	24700001	1.11609	1.06358	2
8	24750001	0.875751	1.06358	2
8	24800001	0.948096	1.06358	2
8	24850001	1.23348	1.06358	2
8	24900001	1.15499	1.06358	2
8	24950001	1.0874	1.06358	2
8	25000001	0.973302	1.06358	2
8	25050001	0.776052	1.06358	2
8	25100001	0.975944	1.06358	2
8	25150001	0.962042	1.06358	2
8	25200001	0.929195	1.06358	2
8	25250001	0.990468	1.06358	2
8	25300001	1.03883	1.06358	2
8	25350001	1.02692	1.06358	2
8	25400001	1.01834	1.06358	2
8	25450001	0.936914	1.06358	2
8	25500001	1.05937	1.06358	2
8	25550001	1.08379	1.06358	2
8	25600001	1.05479	1.06358	2
8	25650001	1.12646	1.06358	2
8	25700001	0.926656	1.06358	2
8	25750001	0.991333	1.06358	2
8	25800001	0.898148	1.06358	2
8	25850001	0.708929	1.06358	2
8	25900001	0.803643	1.06358	2
8	25950001	1.15388	1.06358	2
8	26000001	1.08218	1.06358	2
8	26050001	1.27618	1.06358	2
8	26100001	0.777632	1.06358	2
8	26150001	1.09058	1.06358	2
8	26200001	1.39464	1.06358	2
8	26250001	1.19406	1.06358	2
8	26300001	0.794796	1.06358	2
8	26350001	1.09034	1.06358	2
8	26400001	1.20698	1.06358	2
8	26450001	1.09058	1.06358	2
8	26500001	1.0732	1.06358	2
8	26550001	0.794797	1.06358	2
8	26600001	0.965918	1.06358	2
8	26650001	1.14713	1.06358	2
8	26700001	0.903606	1.06358	2
8	26750001	0.849705	1.06358	2
8	26800001	1.14496	1.06358	2
8	26850001	0.808923	1.06358	2
8	26900001	0.914026	1.06358	2
8	26950001	0.998674	1.06358	2
8	27000001	1.24374	1.06358	2
8	27050001	1.22384	1.06358	2
8	27100001	1.11914	1.06358	2
8	27150001	1.30483	1.06358	2
8	27200001	1.27619	1.06358	2
8	27250001	1.11105	1.06358	2
8	27300001	0.639839	1.06358	2
8	27350001	1.28444	1.06358	2
8	27400001	0.847296	1.06358	2
8	27450001	0.965085	1.06358	2
8	27500001	1.33865	1.06358	2
8	27550001	1.13999	1.06358	2
8	27600001	1.33396	1.06358	2
8	27650001	1.23496	1.06358	2
8	27700001	1.01113	1.06358	2
8	27750001	0.933214	1.06358	2
8	27800001	0.893677	1.06358	2
8	27850001	1.25307	1.06358	2
8	27900001	1.10373	1.06358	2
8	27950001	1.12124	1.06358	2
8	28000001	1.36891	1.06358	2
8	28050001	1.18691	1.06358	2
8	28100001	1.09257	1.06358	2
8	28150001	0.978718	1.06358	2
8	28200001	0.938335	1.06358	2
8	28250001	0.998483	1.06358	2
8	28300001	1.24125	1.06358	2
8	28350001	1.18059	1.06358	2
8	28400001	0.987377	1.06358	2
8	28450001	0.834303	1.06358	2
8	28500001	1.07666	1.06358	2
8	28550001	1.04387	1.06358	2
8	28600001	0.760893	1.06358	2
8	28650001	1.17457	1.06358	2
8	28700001	1.44867	1.06358	2
8	28750001	1.29266	1.06358	2
8	28800001	1.20346	1.06358	2
8	28850001	1.21905	1.06358	2
8	28900001	0.869361	1.06358	2
8	28950001	1.21701	1.06358	2
8	29000001	1.33737	1.06358	2
8	29050001	0.888036	1.06358	2
8	29100001	1.0489	1.06358	2
8	29150001	1.1211	1.06358	2
8	29200001	0.870395	1.06358	2
8	29250001	1.03301	1.06358	2
8	29300001	0.794762	1.06358	2
8	29350001	1.18107	1.06358	2
8	29400001	1.06024	1.06358	2
8	29450001	1.17635	1.06358	2
8	29500001	1.47085	1.06358	2
8	29550001	1.06378	1.06358	2
8	29600001	1.20892	1.06358	2
8	29650001	0.831154	1.06358	2
8	29700001	-1	1.06358	2
8	29750001	-1	1.06358	2
8	29800001	1.20765	1.06358	2
8	29850001	1.17582	1.06358	2
8	29900001	0.951423	1.06358	2
8	29950001	1.12252	1.06358	2
8	30000001	1.14409	1.06358	2
8	30050001	0.830911	1.06358	2
8	30100001	0.908828	1.06358	2
8	30150001	1.10093	1.06358	2
8	30200001	1.29992	1.06358	2
8	30250001	0.993564	1.06358	2
8	30300001	1.16452	1.06358	2
8	30350001	1.01813	1.06358	2
8	30400001	0.774245	1.06358	2
8	30450001	1.23418	1.06358	2
8	30500001	1.05505	1.06358	2
8	30550001	1.00115	1.06358	2
8	30600001	0.689079	1.06358	2
8	30650001	0.995842	1.06358	2
8	30700001	1.06726	1.06358	2
8	30750001	1.2037	1.06358	2
8	30800001	0.840004	1.06358	2
8	30850001	1.27937	1.06358	2
8	30900001	1.18857	1.06358	2
8	30950001	1.15599	1.06358	2
8	31000001	1.25734	1.06358	2
8	31050001	1.03303	1.06358	2
8	31100001	0.971299	1.06358	2
8	31150001	1.17666	1.06358	2
8	31200001	0.910155	1.06358	2
8	31250001	0.977496	1.06358	2
8	31300001	0.939917	1.06358	2
8	31350001	1.10115	1.06358	2
8	31400001	0.894257	1.06358	2
8	31450001	0.997247	1.06358	2
8	31500001	1.14596	1.06358	2
8	31550001	0.818185	1.06358	2
8	31600001	1.08501	1.06358	2
8	31650001	1.2358	1.06358	2
8	31700001	1.06888	1.06358	2
8	31750001	1.03177	1.06358	2
8	31800001	1.12906	1.06358	2
8	31850001	1.16895	1.06358	2
8	31900001	0.779753	1.06358	2
8	31950001	1.18109	1.06358	2
8	32000001	1.10629	1.06358	2
8	32050001	1.129	1.06358	2
8	32100001	1.05473	1.06358	2
8	32150001	1.12884	1.06358	2
8	32200001	0.920914	1.06358	2
8	32250001	0.979863	1.06358	2
8	32300001	1.2604	1.06358	2
8	32350001	1.24257	1.06358	2
8	32400001	1.24274	1.06358	2
8	32450001	1.14937	1.06358	2
8	32500001	1.02657	1.06358	2
8	32550001	1.30181	1.06358	2
8	32600001	1.22869	1.06358	2
8	32650001	1.21563	1.06358	2
8	32700001	1.23088	1.06358	2
8	32750001	1.09263	1.06358	2
8	32800001	1.07173	1.06358	2
8	32850001	1.05258	1.06358	2
8	32900001	1.00618	1.06358	2
8	32950001	1.21282	1.06358	2
8	33000001	1.03215	1.06358	2
8	33050001	1.02641	1.06358	2
8	33100001	1.04168	1.06358	2
8	33150001	1.06337	1.06358	2
8	33200001	1.31119	1.06358	2
8	33250001	0.903468	1.06358	2
8	33300001	0.952606	1.06358	2
8	33350001	0.938966	1.06358	2
8	33400001	1.02538	1.06358	2
8	33450001	0.996407	1.06358	2
8	33500001	0.702957	1.06358	2
8	33550001	1.17327	1.06358	2
8	33600001	1.12697	1.06358	2
8	33650001	0.783659	1.06358	2
8	33700001	0.823685	1.06358	2
8	33750001	0.956301	1.06358	2
8	33800001	0.996367	1.06358	2
8	33850001	1.14475	1.06358	2
8	33900001	0.848479	1.06358	2
8	33950001	0.867191	1.06358	2
8	34000001	1.18749	1.06358	2
8	34050001	0.941824	1.06358	2
8	34100001	1.03449	1.06358	2
8	34150001	0.978339	1.06358	2
8	34200001	1.29215	1.06358	2
8	34250001	1.28563	1.06358	2
8	34300001	1.00777	1.06358	2
8	34350001	0.796236	1.06358	2
8	34400001	1.05212	1.06358	2
8	34450001	1.07219	1.06358	2
8	34500001	1.19411	1.06358	2
8	34550001	1.08686	1.06358	2
8	34600001	1.01332	1.06358	2
8	34650001	0.653039	1.06358	2
8	34700001	1.03068	1.06358	2
8	34750001	0.992095	1.06358	2
8	34800001	0.912259	1.06358	2
8	34850001	0.819159	1.06358	2
8	34900001	1.47628	1.06358	2
8	34950001	1.16437	1.06358	2
8	35000001	1.29684	1.06358	2
8	35050001	0.898352	1.06358	2
8	35100001	0.934122	1.06358	2
8	35150001	1.20172	1.06358	2
8	35200001	0.977196	1.06358	2
8	35250001	0.882768	1.06358	2
8	35300001	0.919857	1.06358	2
8	35350001	0.903818	1.06358	2
8	35400001	1.02265	1.06358	2
8	35450001	0.912668	1.06358	2
8	35500001	1.16763	1.06358	2
8	35550001	1.0086	1.06358	2
8	35600001	1.23243	1.06358	2
8	35650001	1.17798	1.06358	2
8	35700001	0.970602	1.06358	2
8	35750001	1.04624	1.06358	2
8	35800001	1.39044	1.06358	2
8	35850001	1.14753	1.06358	2
8	35900001	1.01931	1.06358	2
8	35950001	1.18401	1.06358	2
8	36000001	1.33778	1.06358	2
8	36050001	0.874126	1.06358	2
8	36100001	1.01309	1.06358	2
8	36150001	1.13037	1.06358	2
8	36200001	0.91322	1.06358	2
8	36250001	1.07405	1.06358	2
8	36300001	0.94018	1.06358	2
8	36350001	1.22182	1.06358	2
8	36400001	1.10026	1.06358	2
8	36450001	1.17871	1.06358	2
8	36500001	1.29798	1.06358	2
8	36550001	0.798856	1.06358	2
8	36600001	1.07249	1.06358	2
8	36650001	1.01429	1.06358	2
8	36700001	1.28901	1.06358	2
8	36750001	0.950143	1.06358	2
8	36800001	1.23706	1.06358	2
8	36850001	1.29004	1.06358	2
8	36900001	1.08996	1.06358	2
8	36950001	1.07572	1.06358	2
8	37000001	0.979889	1.06358	2
8	37050001	1.2165	1.06358	2
8	37100001	1.23644	1.06358	2
8	37150001	0.959194	1.06358	2
8	37200001	1.07486	1.06358	2
8	37250001	1.24338	1.06358	2
8	37300001	1.2579	1.06358	2
8	37350001	0.892241	1.06358	2
8	37400001	0.829877	1.06358	2
8	37450001	0.923832	1.06358	2
8	37500001	1.20761	1.06358	2
8	37550001	0.93583	1.06358	2
8	37600001	1.05515	1.06358	2
8	37650001	0.614275	1.06358	2
8	37700001	1.10273	1.06358	2
8	37750001	1.4327	1.06358	2
8	37800001	1.14322	1.06358	2
8	37850001	1.10339	1.06358	2
8	37900001	0.891315	1.06358	2
8	37950001	1.05326	1.06358	2
8	38000001	1.08024	1.06358	2
8	38050001	1.04373	1.06358	2
8	38100001	0.979862	1.06358	2
8	38150001	0.91146	1.06358	2
8	38200001	1.26647	1.06358	2
8	38250001	1.13864	1.06358	2
8	38300001	0.601915	1.06358	2
8	38350001	1.24284	1.06358	2
8	38400001	1.02147	1.06358	2
8	38450001	1.35427	1.06358	2
8	38500001	1.3058	1.06358	2
8	38550001	0.927968	1.06358	2
8	38600001	1.19624	1.06358	2
8	38650001	1.07146	1.06358	2
8	38700001	1.14814	1.06358	2
8	38750001	0.990495	1.06358	2
8	38800001	0.951699	1.06358	2
8	38850001	1.3253	1.06358	2
8	38900001	1.06761	1.06358	2
8	38950001	1.13607	1.06358	2
8	39000001	0.94945	1.06358	2
8	39050001	1.5019	1.06358	2
8	39100001	1.23093	1.06358	2
8	39150001	1.01629	1.06358	2
8	39200001	0.924743	1.06358	2
8	39250001	0.431021	1.06358	2
8	39300001	0.488373	1.06358	2
8	39350001	0.699386	1.06358	2
8	39400001	1.04127	1.06358	2
8	39450001	1.20324	1.06358	2
8	39500001	1.02347	1.06358	2
8	39550001	1.12051	1.06358	2
8	39600001	1.27908	1.06358	2
8	39650001	1.16326	1.06358	2
8	39700001	1.04101	1.06358	2
8	39750001	1.37647	1.06358	2
8	39800001	1.05018	1.06358	2
8	39850001	0.942468	1.06358	2
8	39900001	1.23996	1.06358	2
8	39950001	1.22522	1.06358	2
8	40000001	1.38046	1.06358	2
8	40050001	1.43033	1.06358	2
8	40100001	1.09278	1.06358	2
8	40150001	0.922839	1.06358	2
8	40200001	1.27391	1.06358	2
8	40250001	0.865277	1.06358	2
8	40300001	0.90491	1.06358	2
8	40350001	0.762966	1.06358	2
8	40400001	1.34797	1.06358	2
8	40450001	0.8568	1.06358	2
8	40500001	1.11269	1.06358	2
8	40550001	1.11101	1.06358	2
8	40600001	1.16619	1.06358	2
8	40650001	0.876623	1.06358	2
8	40700001	0.814051	1.06358	2
8	40750001	1.19671	1.06358	2
8	40800001	0.933903	1.06358	2
8	40850001	1.00173	1.06358	2
8	40900001	1.01603	1.06358	2
8	40950001	0.879838	1.06358	2
8	41000001	0.700382	1.06358	2
8	41050001	0.791252	1.06358	2
8	41100001	0.886391	1.06358	2
8	41150001	0.71575	1.06358	2
8	41200001	1.02291	1.06358	2
8	41250001	1.0972	1.06358	2
8	41300001	1.09067	1.06358	2
8	41350001	0.774075	1.06358	2
8	41400001	1.09307	1.06358	2
8	41450001	0.92807	1.06358	2
8	41500001	0.751096	1.06358	2
8	41550001	0.888682	1.06358	2
8	41600001	1.52036	1.06358	2
8	41650001	1.09597	1.06358	2
8	41700001	1.21391	1.06358	2
8	41750001	0.807317	1.06358	2
8	41800001	1.37033	1.06358	2
8	41850001	1.29543	1.06358	2
8	41900001	0.922484	1.06358	2
8	41950001	1.23182	1.06358	2
8	42000001	0.69914	1.06358	2
8	42050001	1.13173	1.06358	2
8	42100001	1.17242	1.06358	2
8	42150001	1.20265	1.06358	2
8	42200001	1.11768	1.06358	2
8	42250001	1.04843	1.06358	2
8	42300001	0.847635	1.06358	2
8	42350001	1.04443	1.06358	2
8	42400001	1.34695	1.06358	2
8	42450001	1.41185	1.06358	2
8	42500001	0.997652	1.06358	2
8	42550001	0.956165	1.06358	2
8	42600001	0.864613	1.06358	2
8	42650001	0.872262	1.06358	2
8	42700001	0.83771	1.06358	2
8	42750001	0.89279	1.06358	2
8	42800001	0.967787	1.06358	2
8	42850001	1.02777	1.06358	2
8	42900001	0.90597	1.06358	2
8	42950001	0.924336	1.06358	2
8	43000001	1.13659	1.06358	2
8	43050001	1.13051	1.06358	2
8	43100001	1.25717	1.06358	2
8	43150001	1.18057	1.06358	2
8	43200001	1.12739	1.06358	2
8	43250001	1.13842	1.06358	2
8	43300001	1.34475	1.06358	2
8	43350001	0.848712	1.06358	2
8	43400001	0.742953	1.06358	2
8	43450001	1.20664	1.06358	2
8	43500001	2.08338	1.06358	2
8	43550001	1.12308	1.06358	2
8	43600001	1.15135	1.06358	2
8	43650001	1.22324	1.06358	2
8	43700001	1.02412	1.06358	2
8	43750001	2.21388	9.46176	19
8	43800001	16.7096	9.46176	19
8	43850001	0	-1	2
8	43900001	0	-1	2
8	43950001	-1	-1	2
8	44000001	-1	-1	2
8	44050001	-1	-1	2
8	44100001	-1	-1	2
8	44150001	-1	-1	2
8	44200001	-1	-1	2
8	44250001	-1	-1	2
8	44300001	-1	-1	2
8	44350001	-1	-1	2
8	44400001	-1	-1	2
8	44450001	-1	-1	2
8	44500001	-1	-1	2
8	44550001	-1	-1	2
8	44600001	-1	-1	2
8	44650001	-1	-1	2
8	44700001	-1	-1	2
8	44750001	-1	-1	2
8	44800001	-1	-1	2
8	44850001	-1	-1	2
8	44900001	-1	-1	2
8	44950001	-1	-1	2
8	45000001	-1	-1	2
8	45050001	-1	-1	2
8	45100001	-1	-1	2
8	45150001	-1	-1	2
8	45200001	-1	-1	2
8	45250001	-1	-1	2
8	45300001	-1	-1	2
8	45350001	-1	-1	2
8	45400001	-1	-1	2
8	45450001	-1	-1	2
8	45500001	-1	-1	2
8	45550001	-1	-1	2
8	45600001	-1	-1	2
8	45650001	-1	-1	2
8	45700001	-1	-1	2
8	45750001	-1	-1	2
8	45800001	-1	-1	2
8	45850001	-1	-1	2
8	45900001	-1	-1	2
8	45950001	-1	-1	2
8	46000001	-1	-1	2
8	46050001	-1	-1	2
8	46100001	-1	-1	2
8	46150001	-1	-1	2
8	46200001	-1	-1	2
8	46250001	-1	-1	2
8	46300001	-1	-1	2
8	46350001	-1	-1	2
8	46400001	-1	-1	2
8	46450001	-1	-1	2
8	46500001	-1	-1	2
8	46550001	-1	-1	2
8	46600001	-1	-1	2
8	46650001	-1	-1	2
8	46700001	-1	-1	2
8	46750001	-1	-1	2
8	46800001	-1	-1	2
8	46850001	-1	-1	2
8	46900001	-1	-1	2
8	46950001	-1	-1	2
8	47000001	0.395853	-1	2
8	47050001	0.820623	-1	2
8	47100001	0.641387	-1	2
8	47150001	0.490608	-1	2
8	47200001	3.34032	3.70234	7
8	47250001	4.06437	3.70234	7
8	47300001	0.539138	0.965174	2
8	47350001	0.872032	0.965174	2
8	47400001	1.51018	0.965174	2
8	47450001	1.20747	0.965174	2
8	47500001	1.23748	0.965174	2
8	47550001	1.00017	0.965174	2
8	47600001	0.998897	0.965174	2
8	47650001	1.19026	0.965174	2
8	47700001	1.12972	0.965174	2
8	47750001	0.930404	0.965174	2
8	47800001	0.753231	0.965174	2
8	47850001	0.866309	0.965174	2
8	47900001	1.06643	0.965174	2
8	47950001	0.980952	0.965174	2
8	48000001	0.763018	0.965174	2
8	48050001	0.856387	0.965174	2
8	48100001	0.809301	0.965174	2
8	48150001	1.22973	0.965174	2
8	48200001	1.03172	0.965174	2
8	48250001	-1	0.965174	2
8	48300001	-1	0.965174	2
8	48350001	0.904625	0.965174	2
8	48400001	0.980602	0.965174	2
8	48450001	1.09624	0.965174	2
8	48500001	0.809617	0.965174	2
8	48550001	0.993169	0.965174	2
8	48600001	0.7065	0.965174	2
8	48650001	0.755173	0.965174	2
8	48700001	0.661105	0.965174	2
8	48750001	1.13444	0.965174	2
8	48800001	1.19474	0.965174	2
8	48850001	0.786216	0.965174	2
8	48900001	0.951284	0.965174	2
8	48950001	0.567581	0.965174	2
8	49000001	0.714334	0.965174	2
8	49050001	0.72434	0.965174	2
8	49100001	1.08005	0.965174	2
8	49150001	0.692486	0.965174	2
8	49200001	1.06911	0.965174	2
8	49250001	0.934019	0.965174	2
8	49300001	1.05962	0.965174	2
8	49350001	0.941704	0.965174	2
8	49400001	0.88641	0.965174	2
8	49450001	0.848885	0.965174	2
8	49500001	0.896858	0.965174	2
8	49550001	0.745606	0.965174	2
8	49600001	0.907449	0.965174	2
8	49650001	1.1365	0.965174	2
8	49700001	0.872825	0.965174	2
8	49750001	0.960802	0.965174	2
8	49800001	0.660938	0.965174	2
8	49850001	0.967563	0.965174	2
8	49900001	0.842816	0.965174	2
8	49950001	0.776052	0.965174	2
8	50000001	1.34747	0.965174	2
8	50050001	1.28155	0.965174	2
8	50100001	0.970412	0.965174	2
8	50150001	1.13633	0.965174	2
8	50200001	0.834024	0.965174	2
8	50250001	0.897976	0.965174	2
8	50300001	0.965239	0.965174	2
8	50350001	1.107	0.965174	2
8	50400001	0.720884	0.965174	2
8	50450001	0.968917	0.965174	2
8	50500001	0.894582	0.965174	2
8	50550001	0.921167	0.965174	2
8	50600001	0.633422	0.965174	2
8	50650001	0.854977	0.965174	2
8	50700001	0.864418	0.965174	2
8	50750001	1.03081	0.965174	2
8	50800001	1.1737	0.965174	2
8	50850001	1.13183	0.965174	2
8	50900001	1.29092	0.965174	2
8	50950001	0.925048	0.965174	2
8	51000001	1.15309	0.965174	2
8	51050001	1.08327	0.965174	2
8	51100001	1.0537	0.965174	2
8	51150001	1.16141	0.965174	2
8	51200001	1.00294	0.965174	2
8	51250001	1.00399	0.965174	2
8	51300001	0.739241	0.965174	2
8	51350001	1.0031	0.965174	2
8	51400001	0.936741	0.965174	2
8	51450001	0.807583	0.965174	2
8	51500001	1.27664	0.965174	2
8	51550001	0.82451	0.965174	2
8	51600001	0.943834	0.965174	2
8	51650001	1.00138	0.965174	2
8	51700001	0.934272	0.965174	2
8	51750001	1.06058	0.965174	2
8	51800001	0.826541	0.965174	2
8	51850001	0.853791	0.965174	2
8	51900001	1.19985	0.965174	2
8	51950001	0.98912	0.965174	2
8	52000001	1.04339	0.965174	2
8	52050001	0.843856	0.965174	2
8	52100001	0.848707	0.965174	2
8	52150001	0.748949	0.965174	2
8	52200001	0.966658	0.965174	2
8	52250001	0.765996	0.965174	2
8	52300001	0.991729	0.965174	2
8	52350001	0.866784	0.965174	2
8	52400001	1.00795	0.965174	2
8	52450001	0.885027	0.965174	2
8	52500001	0.825252	0.965174	2
8	52550001	0.763582	0.965174	2
8	52600001	0.940871	0.965174	2
8	52650001	0.785899	0.965174	2
8	52700001	0.714925	0.965174	2
8	52750001	0.932628	0.965174	2
8	52800001	0.903811	0.965174	2
8	52850001	0.904141	0.965174	2
8	52900001	0.766314	0.965174	2
8	52950001	0.88481	0.965174	2
8	53000001	1.07628	0.965174	2
8	53050001	0.906488	0.965174	2
8	53100001	0.735168	0.965174	2
8	53150001	0.990545	0.965174	2
8	53200001	0.659471	0.965174	2
8	53250001	0.800203	0.965174	2
8	53300001	0.798579	0.965174	2
8	53350001	1.22559	0.965174	2
8	53400001	0.848004	0.965174	2
8	53450001	0.88921	0.965174	2
8	53500001	0.848076	0.965174	2
8	53550001	0.917367	0.965174	2
8	53600001	0.921879	0.965174	2
8	53650001	0.732513	0.965174	2
8	53700001	1.05453	0.965174	2
8	53750001	0.866568	0.965174	2
8	53800001	0.793493	0.965174	2
8	53850001	0.877592	0.965174	2
8	53900001	1.09286	0.965174	2
8	53950001	1.27047	0.965174	2
8	54000001	0.870823	0.965174	2
8	54050001	0.981083	0.965174	2
8	54100001	0.998854	0.965174	2
8	54150001	1.0547	0.965174	2
8	54200001	0.921888	0.965174	2
8	54250001	1.0063	0.965174	2
8	54300001	1.16323	0.965174	2
8	54350001	0.941029	0.965174	2
8	54400001	0.940838	0.965174	2
8	54450001	0.943388	0.965174	2
8	54500001	1.07448	0.965174	2
8	54550001	0.728655	0.965174	2
8	54600001	1.00211	0.965174	2
8	54650001	0.815316	0.965174	2
8	54700001	1.04523	0.965174	2
8	54750001	0.697337	0.965174	2
8	54800001	0.753622	0.965174	2
8	54850001	1.09089	0.965174	2
8	54900001	0.954592	0.965174	2
8	54950001	0.907133	0.965174	2
8	55000001	1.05631	0.965174	2
8	55050001	0.773681	0.965174	2
8	55100001	0.756938	0.965174	2
8	55150001	1.19928	0.965174	2
8	55200001	0.874904	0.965174	2
8	55250001	1.04201	0.965174	2
8	55300001	0.873894	0.965174	2
8	55350001	0.700017	0.965174	2
8	55400001	1.01589	0.965174	2
8	55450001	1.40435	0.965174	2
8	55500001	0.690587	0.965174	2
8	55550001	0.913698	0.965174	2
8	55600001	0.915403	0.965174	2
8	55650001	0.962841	0.965174	2
8	55700001	0.692773	0.965174	2
8	55750001	0.996106	0.965174	2
8	55800001	0.995792	0.965174	2
8	55850001	1.11632	0.965174	2
8	55900001	0.743116	0.965174	2
8	55950001	0.912228	0.965174	2
8	56000001	0.960081	0.965174	2
8	56050001	0.828543	0.965174	2
8	56100001	0.866329	0.965174	2
8	56150001	0.993087	0.965174	2
8	56200001	0.86709	0.965174	2
8	56250001	0.91323	0.965174	2
8	56300001	0.699349	0.965174	2
8	56350001	0.649067	0.965174	2
8	56400001	0.651499	0.965174	2
8	56450001	0.785865	0.965174	2
8	56500001	1.116	0.965174	2
8	56550001	0.812684	0.965174	2
8	56600001	0.959927	0.965174	2
8	56650001	0.869156	0.965174	2
8	56700001	0.962593	0.965174	2
8	56750001	0.725675	0.965174	2
8	56800001	1.21489	0.965174	2
8	56850001	0.810684	0.965174	2
8	56900001	0.798944	0.965174	2
8	56950001	0.730989	0.965174	2
8	57000001	0.927911	0.965174	2
8	57050001	0.690283	0.965174	2
8	57100001	0.971105	0.965174	2
8	57150001	0.963949	0.965174	2
8	57200001	0.949426	0.965174	2
8	57250001	1.14316	0.965174	2
8	57300001	0.998937	0.965174	2
8	57350001	0.970532	0.965174	2
8	57400001	0.959277	0.965174	2
8	57450001	0.904465	0.965174	2
8	57500001	1.03823	0.965174	2
8	57550001	1.12935	0.965174	2
8	57600001	0.929768	0.965174	2
8	57650001	1.09528	0.965174	2
8	57700001	0.846844	0.965174	2
8	57750001	0.917456	0.965174	2
8	57800001	0.713961	0.965174	2
8	57850001	0.711009	0.965174	2
8	57900001	0.997221	0.965174	2
8	57950001	0.762259	0.965174	2
8	58000001	0.952794	0.965174	2
8	58050001	1.028	0.965174	2
8	58100001	0.876448	0.965174	2
8	58150001	1.00349	0.965174	2
8	58200001	1.16833	0.965174	2
8	58250001	0.825823	0.965174	2
8	58300001	0.945198	0.965174	2
8	58350001	0.952121	0.965174	2
8	58400001	1.04565	0.965174	2
8	58450001	0.697885	0.965174	2
8	58500001	0.809023	0.965174	2
8	58550001	1.10737	0.965174	2
8	58600001	1.03486	0.965174	2
8	58650001	0.828014	0.965174	2
8	58700001	0.865378	0.965174	2
8	58750001	0.69634	0.965174	2
8	58800001	0.994261	0.965174	2
8	58850001	1.23022	0.965174	2
8	58900001	1.13845	0.965174	2
8	58950001	0.714544	0.965174	2
8	59000001	0.677215	0.965174	2
8	59050001	0.791418	0.965174	2
8	59100001	0.838354	0.965174	2
8	59150001	0.953415	0.965174	2
8	59200001	0.905491	0.965174	2
8	59250001	0.883618	0.965174	2
8	59300001	0.959277	0.965174	2
8	59350001	0.923289	0.965174	2
8	59400001	0.88289	0.965174	2
8	59450001	1.05281	0.965174	2
8	59500001	0.922577	0.965174	2
8	59550001	0.866093	0.965174	2
8	59600001	0.959065	0.965174	2
8	59650001	0.909979	0.965174	2
8	59700001	0.991184	0.965174	2
8	59750001	1.5156	0.965174	2
8	59800001	1.21575	0.965174	2
8	59850001	1.21439	0.965174	2
8	59900001	0.889412	0.965174	2
8	59950001	0.985873	0.965174	2
8	60000001	1.21179	0.965174	2
8	60050001	0.770188	0.965174	2
8	60100001	0.788698	0.965174	2
8	60150001	1.09281	0.965174	2
8	60200001	1.07032	0.965174	2
8	60250001	1.04505	0.965174	2
8	60300001	0.917557	0.965174	2
8	60350001	0.845473	0.965174	2
8	60400001	0.807971	0.965174	2
8	60450001	0.739599	0.965174	2
8	60500001	0.945503	0.965174	2
8	60550001	1.02996	0.965174	2
8	60600001	0.776265	0.965174	2
8	60650001	1.04562	0.965174	2
8	60700001	0.915907	0.965174	2
8	60750001	0.99133	0.965174	2
8	60800001	0.912594	0.965174	2
8	60850001	1.13728	0.965174	2
8	60900001	1.26014	0.965174	2
8	60950001	0.939585	0.965174	2
8	61000001	0.955321	0.965174	2
8	61050001	0.938615	0.965174	2
8	61100001	0.957083	0.965174	2
8	61150001	0.864992	0.965174	2
8	61200001	1.07315	0.965174	2
8	61250001	1.08073	0.965174	2
8	61300001	0.886738	0.965174	2
8	61350001	1.11485	0.965174	2
8	61400001	0.809562	0.965174	2
8	61450001	1.23001	0.965174	2
8	61500001	1.01943	0.965174	2
8	61550001	0.854105	0.965174	2
8	61600001	1.22574	0.965174	2
8	61650001	1.15569	0.965174	2
8	61700001	0.989729	0.965174	2
8	61750001	0.967373	0.965174	2
8	61800001	0.679362	0.965174	2
8	61850001	1.03232	0.965174	2
8	61900001	1.11571	0.965174	2
8	61950001	0.769009	0.965174	2
8	62000001	1.03914	0.965174	2
8	62050001	0.790297	0.965174	2
8	62100001	0.89573	0.965174	2
8	62150001	0.830525	0.965174	2
8	62200001	1.10142	0.965174	2
8	62250001	1.149	0.965174	2
8	62300001	0.961574	0.965174	2
8	62350001	0.790531	0.965174	2
8	62400001	1.14895	0.965174	2
8	62450001	0.866817	0.965174	2
8	62500001	0.866442	0.965174	2
8	62550001	1.0092	0.965174	2
8	62600001	1.07247	0.965174	2
8	62650001	0.904189	0.965174	2
8	62700001	1.04926	0.965174	2
8	62750001	1.25958	0.965174	2
8	62800001	1.01809	0.965174	2
8	62850001	0.866478	0.965174	2
8	62900001	1.12818	0.965174	2
8	62950001	1.18369	0.965174	2
8	63000001	0.973408	0.965174	2
8	63050001	0.901189	0.965174	2
8	63100001	0.860029	0.965174	2
8	63150001	0.954895	0.965174	2
8	63200001	0.84563	0.965174	2
8	63250001	1.27904	0.965174	2
8	63300001	1.10082	0.965174	2
8	63350001	1.23113	0.965174	2
8	63400001	1.03883	0.965174	2
8	63450001	0.881955	0.965174	2
8	63500001	0.866982	0.965174	2
8	63550001	1.18561	0.965174	2
8	63600001	1.08803	0.965174	2
8	63650001	0.767278	0.965174	2
8	63700001	1.1479	0.965174	2
8	63750001	1.03267	0.965174	2
8	63800001	0.768557	0.965174	2
8	63850001	1.0323	0.965174	2
8	63900001	1.03406	0.965174	2
8	63950001	0.968776	0.965174	2
8	64000001	1.11917	0.965174	2
8	64050001	0.773096	0.965174	2
8	64100001	1.12833	0.965174	2
8	64150001	0.932128	0.965174	2
8	64200001	1.03463	0.965174	2
8	64250001	0.864534	0.965174	2
8	64300001	1.0957	0.965174	2
8	64350001	0.945054	0.965174	2
8	64400001	1.11101	0.965174	2
8	64450001	1.01628	0.965174	2
8	64500001	0.947	0.965174	2
8	64550001	1.03361	0.965174	2
8	64600001	1.07386	0.965174	2
8	64650001	1.09435	0.965174	2
8	64700001	0.984213	0.965174	2
8	64750001	0.644114	0.965174	2
8	64800001	1.07905	0.965174	2
8	64850001	0.845547	0.965174	2
8	64900001	0.86738	0.965174	2
8	64950001	0.917197	0.965174	2
8	65000001	1.07231	0.965174	2
8	65050001	0.974784	0.965174	2
8	65100001	0.95758	0.965174	2
8	65150001	0.975882	0.965174	2
8	65200001	0.994724	0.965174	2
8	65250001	0.804366	0.965174	2
8	65300001	1.04314	0.965174	2
8	65350001	0.874511	0.965174	2
8	65400001	0.978129	0.965174	2
8	65450001	0.82781	0.965174	2
8	65500001	0.905159	0.965174	2
8	65550001	0.882804	0.965174	2
8	65600001	1.06406	0.965174	2
8	65650001	0.894776	0.965174	2
8	65700001	0.64736	0.965174	2
8	65750001	0.761259	0.965174	2
8	65800001	0.893975	0.965174	2
8	65850001	1.20495	0.965174	2
8	65900001	0.862852	0.965174	2
8	65950001	1.23875	0.965174	2
8	66000001	0.748526	0.965174	2
8	66050001	0.845387	0.965174	2
8	66100001	1.03141	0.965174	2
8	66150001	1.14645	0.965174	2
8	66200001	0.962499	0.965174	2
8	66250001	1.01439	0.965174	2
8	66300001	0.948679	0.965174	2
8	66350001	1.21537	0.965174	2
8	66400001	1.11036	0.965174	2
8	66450001	0.886307	0.965174	2
8	66500001	0.781098	0.965174	2
8	66550001	0.979541	0.965174	2
8	66600001	1.28425	0.965174	2
8	66650001	1.05239	0.965174	2
8	66700001	1.21813	0.965174	2
8	66750001	0.820483	0.965174	2
8	66800001	1.13926	0.965174	2
8	66850001	1.0101	0.965174	2
8	66900001	1.03712	0.965174	2
8	66950001	0.940755	0.965174	2
8	67000001	1.05961	0.965174	2
8	67050001	1.09331	0.965174	2
8	67100001	0.824112	0.965174	2
8	67150001	0.90532	0.965174	2
8	67200001	1.0205	0.965174	2
8	67250001	0.833424	0.965174	2
8	67300001	1.01074	0.965174	2
8	67350001	0.953819	0.965174	2
8	67400001	0.905233	0.965174	2
8	67450001	1.00901	0.965174	2
8	67500001	0.7956	0.965174	2
8	67550001	1.20728	0.965174	2
8	67600001	1.03987	0.965174	2
8	67650001	0.79881	0.965174	2
8	67700001	0.773665	0.965174	2
8	67750001	0.955444	0.965174	2
8	67800001	0.973371	0.965174	2
8	67850001	0.829291	0.965174	2
8	67900001	0.960483	0.965174	2
8	67950001	0.80105	0.965174	2
8	68000001	0.969433	0.965174	2
8	68050001	1.05512	0.965174	2
8	68100001	1.08539	0.965174	2
8	68150001	1.10266	0.965174	2
8	68200001	0.827995	0.965174	2
8	68250001	1.13168	0.965174	2
8	68300001	1.02787	0.965174	2
8	68350001	1.20499	0.965174	2
8	68400001	1.25707	0.965174	2
8	68450001	0.992011	0.965174	2
8	68500001	1.05668	0.965174	2
8	68550001	0.856782	0.965174	2
8	68600001	0.791581	0.965174	2
8	68650001	0.904839	0.965174	2
8	68700001	0.840969	0.965174	2
8	68750001	1.0094	0.965174	2
8	68800001	0.906925	0.965174	2
8	68850001	0.999276	0.965174	2
8	68900001	0.912434	0.965174	2
8	68950001	1.23295	0.965174	2
8	69000001	0.922164	0.965174	2
8	69050001	1.07198	0.965174	2
8	69100001	0.878921	0.965174	2
8	69150001	1.03165	0.965174	2
8	69200001	1.06684	0.965174	2
8	69250001	0.928984	0.965174	2
8	69300001	1.03252	0.965174	2
8	69350001	0.828202	0.965174	2
8	69400001	0.976616	0.965174	2
8	69450001	1.3257	0.965174	2
8	69500001	0.823798	0.965174	2
8	69550001	0.845783	0.965174	2
8	69600001	0.749241	0.965174	2
8	69650001	1.30042	0.965174	2
8	69700001	0.826024	0.965174	2
8	69750001	0.8597	0.965174	2
8	69800001	1.38898	0.965174	2
8	69850001	0.805788	0.965174	2
8	69900001	1.06962	0.965174	2
8	69950001	1.08661	0.965174	2
8	70000001	1.18328	0.965174	2
8	70050001	1.40799	0.965174	2
8	70100001	0.969127	0.965174	2
8	70150001	0.848608	0.965174	2
8	70200001	0.695931	0.965174	2
8	70250001	0.825839	0.965174	2
8	70300001	1.05905	0.965174	2
8	70350001	1.09291	0.965174	2
8	70400001	1.02774	0.965174	2
8	70450001	0.958789	0.965174	2
8	70500001	0.706066	0.965174	2
8	70550001	1.21533	0.965174	2
8	70600001	1.44313	0.965174	2
8	70650001	0.849542	0.965174	2
8	70700001	0.794843	0.965174	2
8	70750001	0.960763	0.965174	2
8	70800001	0.679376	0.965174	2
8	70850001	1.01732	0.965174	2
8	70900001	0.908497	0.965174	2
8	70950001	0.84223	0.965174	2
8	71000001	1.02321	0.965174	2
8	71050001	1.09489	0.965174	2
8	71100001	1.219	0.965174	2
8	71150001	1.18847	0.965174	2
8	71200001	1.03658	0.965174	2
8	71250001	1.11987	0.965174	2
8	71300001	1.02371	0.965174	2
8	71350001	1.31295	0.965174	2
8	71400001	0.880651	0.965174	2
8	71450001	1.03757	0.965174	2
8	71500001	1.04584	0.965174	2
8	71550001	1.00063	0.965174	2
8	71600001	0.943895	0.965174	2
8	71650001	0.89503	0.965174	2
8	71700001	0.941761	0.965174	2
8	71750001	0.836786	0.965174	2
8	71800001	1.03489	0.965174	2
8	71850001	1.05155	0.965174	2
8	71900001	0.975558	0.965174	2
8	71950001	0.862635	0.965174	2
8	72000001	1.0539	0.965174	2
8	72050001	1.05511	0.965174	2
8	72100001	1.08959	0.965174	2
8	72150001	0.939319	0.965174	2
8	72200001	1.18646	0.965174	2
8	72250001	0.914636	0.965174	2
8	72300001	1.11816	0.965174	2
8	72350001	0.994273	0.965174	2
8	72400001	1.11291	0.965174	2
8	72450001	0.771474	0.965174	2
8	72500001	1.08968	0.965174	2
8	72550001	1.15173	0.965174	2
8	72600001	1.22316	0.965174	2
8	72650001	1.08958	0.965174	2
8	72700001	1.0276	0.965174	2
8	72750001	0.875015	0.965174	2
8	72800001	1.27757	0.965174	2
8	72850001	0.837922	0.965174	2
8	72900001	1.02769	0.965174	2
8	72950001	0.845401	0.965174	2
8	73000001	0.940556	0.965174	2
8	73050001	0.71538	0.965174	2
8	73100001	0.840684	0.965174	2
8	73150001	1.16454	0.965174	2
8	73200001	0.886449	0.965174	2
8	73250001	0.92977	0.965174	2
8	73300001	0.854754	0.965174	2
8	73350001	1.01855	0.965174	2
8	73400001	0.82587	0.965174	2
8	73450001	1.03654	0.965174	2
8	73500001	0.899018	0.965174	2
8	73550001	0.883659	0.965174	2
8	73600001	0.817686	0.965174	2
8	73650001	0.86474	0.965174	2
8	73700001	0.875022	0.965174	2
8	73750001	1.12113	0.965174	2
8	73800001	0.857012	0.965174	2
8	73850001	1.32702	0.965174	2
8	73900001	1.12951	0.965174	2
8	73950001	0.970644	0.965174	2
8	74000001	0.905026	0.965174	2
8	74050001	0.945037	0.965174	2
8	74100001	0.988055	0.965174	2
8	74150001	1.25303	0.965174	2
8	74200001	0.980851	0.965174	2
8	74250001	1.25109	0.965174	2
8	74300001	0.753466	0.965174	2
8	74350001	0.739821	0.965174	2
8	74400001	1.07313	0.965174	2
8	74450001	0.861971	0.965174	2
8	74500001	1.16941	0.965174	2
8	74550001	0.795234	0.965174	2
8	74600001	1.04241	0.965174	2
8	74650001	0.860672	0.965174	2
8	74700001	0.909702	0.965174	2
8	74750001	1.10793	0.965174	2
8	74800001	0.8925	0.965174	2
8	74850001	0.790424	0.965174	2
8	74900001	1.16896	0.965174	2
8	74950001	1.0293	0.965174	2
8	75000001	1.16516	0.965174	2
8	75050001	0.99881	0.965174	2
8	75100001	1.03946	0.965174	2
8	75150001	1.0048	0.965174	2
8	75200001	0.776789	0.965174	2
8	75250001	1.08052	0.965174	2
8	75300001	1.05533	0.965174	2
8	75350001	0.925061	0.965174	2
8	75400001	0.922625	0.965174	2
8	75450001	0.987482	0.965174	2
8	75500001	0.989273	0.965174	2
8	75550001	0.883213	0.965174	2
8	75600001	1.08915	0.965174	2
8	75650001	0.978268	0.965174	2
8	75700001	1.23201	0.965174	2
8	75750001	1.1706	0.965174	2
8	75800001	1.13688	0.965174	2
8	75850001	0.984048	0.965174	2
8	75900001	1.09455	0.965174	2
8	75950001	1.09837	0.965174	2
8	76000001	0.953644	0.965174	2
8	76050001	1.04609	0.965174	2
8	76100001	0.980632	0.965174	2
8	76150001	0.924371	0.965174	2
8	76200001	1.39374	0.965174	2
8	76250001	1.14201	0.965174	2
8	76300001	0.817937	0.965174	2
8	76350001	1.10686	0.965174	2
8	76400001	1.23219	0.965174	2
8	76450001	0.857869	0.965174	2
8	76500001	1.23324	0.965174	2
8	76550001	0.93774	0.965174	2
8	76600001	0.832536	0.965174	2
8	76650001	1.12199	0.965174	2
8	76700001	1.24711	0.965174	2
8	76750001	0.845673	0.965174	2
8	76800001	1.14804	0.965174	2
8	76850001	0.951479	0.965174	2
8	76900001	1.06777	0.965174	2
8	76950001	0.831162	0.965174	2
8	77000001	0.895161	0.965174	2
8	77050001	0.866557	0.965174	2
8	77100001	1.0995	0.965174	2
8	77150001	0.885471	0.965174	2
8	77200001	0.891372	0.965174	2
8	77250001	0.863918	0.965174	2
8	77300001	0.949476	0.965174	2
8	77350001	0.873896	0.965174	2
8	77400001	0.98038	0.965174	2
8	77450001	0.660265	0.965174	2
8	77500001	0.946837	0.965174	2
8	77550001	0.845797	0.965174	2
8	77600001	0.998908	0.965174	2
8	77650001	0.700288	0.965174	2
8	77700001	0.869151	0.965174	2
8	77750001	0.939671	0.965174	2
8	77800001	1.0275	0.965174	2
8	77850001	0.977378	0.965174	2
8	77900001	0.798752	0.965174	2
8	77950001	0.975934	0.965174	2
8	78000001	0.833019	0.965174	2
8	78050001	0.987276	0.965174	2
8	78100001	0.865268	0.965174	2
8	78150001	1.14613	0.965174	2
8	78200001	1.12094	0.965174	2
8	78250001	0.767952	0.965174	2
8	78300001	0.950704	0.965174	2
8	78350001	0.831836	0.965174	2
8	78400001	1.046	0.965174	2
8	78450001	1.00923	0.965174	2
8	78500001	1.08645	0.965174	2
8	78550001	0.885811	0.965174	2
8	78600001	1.07027	0.965174	2
8	78650001	1.431	0.965174	2
8	78700001	0.774628	0.965174	2
8	78750001	1.24537	0.965174	2
8	78800001	0.889719	0.965174	2
8	78850001	0.869618	0.965174	2
8	78900001	0.949684	0.965174	2
8	78950001	1.01467	0.965174	2
8	79000001	1.19319	0.965174	2
8	79050001	1.08445	0.965174	2
8	79100001	1.07718	0.965174	2
8	79150001	0.990289	0.965174	2
8	79200001	1.22446	0.965174	2
8	79250001	1.21682	0.965174	2
8	79300001	0.898969	0.965174	2
8	79350001	1.04432	0.965174	2
8	79400001	1.32934	0.965174	2
8	79450001	1.11182	0.965174	2
8	79500001	0.956339	0.965174	2
8	79550001	1.09959	0.965174	2
8	79600001	1.12183	0.965174	2
8	79650001	0.974124	0.965174	2
8	79700001	0.822504	0.965174	2
8	79750001	1.03292	0.965174	2
8	79800001	0.912219	0.965174	2
8	79850001	0.786782	0.965174	2
8	79900001	1.10103	0.965174	2
8	79950001	1.00113	0.965174	2
8	80000001	1.14777	0.965174	2
8	80050001	0.980398	0.965174	2
8	80100001	0.927428	0.965174	2
8	80150001	1.35031	0.965174	2
8	80200001	1.08583	0.965174	2
8	80250001	1.16111	0.965174	2
8	80300001	0.904655	0.965174	2
8	80350001	0.893238	0.965174	2
8	80400001	1.1901	0.965174	2
8	80450001	1.04508	0.965174	2
8	80500001	1.02418	0.965174	2
8	80550001	1.00996	0.965174	2
8	80600001	1.10857	0.965174	2
8	80650001	1.01224	0.965174	2
8	80700001	1.16695	0.965174	2
8	80750001	0.980928	0.965174	2
8	80800001	1.01299	0.965174	2
8	80850001	1.12212	0.965174	2
8	80900001	0.842237	0.965174	2
8	80950001	0.993094	0.965174	2
8	81000001	0.918093	0.965174	2
8	81050001	1.0241	0.965174	2
8	81100001	0.895749	0.965174	2
8	81150001	0.755729	0.965174	2
8	81200001	0.909205	0.965174	2
8	81250001	1.25845	0.965174	2
8	81300001	1.02684	0.965174	2
8	81350001	1.02232	0.965174	2
8	81400001	1.14333	0.965174	2
8	81450001	1.11377	0.965174	2
8	81500001	0.974508	0.965174	2
8	81550001	0.875806	0.965174	2
8	81600001	0.801131	0.965174	2
8	81650001	0.994789	0.965174	2
8	81700001	0.776273	0.965174	2
8	81750001	1.04324	0.965174	2
8	81800001	0.923396	0.965174	2
8	81850001	0.922319	0.965174	2
8	81900001	0.886242	0.965174	2
8	81950001	0.861952	0.965174	2
8	82000001	1.1814	0.965174	2
8	82050001	1.08386	0.965174	2
8	82100001	1.03721	0.965174	2
8	82150001	1.31972	0.965174	2
8	82200001	0.980026	0.965174	2
8	82250001	1.464	0.965174	2
8	82300001	1.09978	0.965174	2
8	82350001	1.27217	0.965174	2
8	82400001	1.05307	0.965174	2
8	82450001	0.825534	0.965174	2
8	82500001	0.730507	0.965174	2
8	82550001	0.901595	0.965174	2
8	82600001	1.14919	0.965174	2
8	82650001	1.24934	0.965174	2
8	82700001	0.988007	0.965174	2
8	82750001	0.968299	0.965174	2
8	82800001	0.893356	0.965174	2
8	82850001	0.878415	0.965174	2
8	82900001	0.978592	0.965174	2
8	82950001	1.03585	0.965174	2
8	83000001	0.821444	0.965174	2
8	83050001	1.23566	0.965174	2
8	83100001	0.804134	0.965174	2
8	83150001	1.00019	0.965174	2
8	83200001	1.08847	0.965174	2
8	83250001	1.09088	0.965174	2
8	83300001	1.11675	0.965174	2
8	83350001	0.985179	0.965174	2
8	83400001	0.956023	0.965174	2
8	83450001	0.798222	0.965174	2
8	83500001	0.720677	0.965174	2
8	83550001	1.02624	0.965174	2
8	83600001	0.672673	0.965174	2
8	83650001	1.14392	0.965174	2
8	83700001	0.956949	0.965174	2
8	83750001	0.935696	0.965174	2
8	83800001	0.953575	0.965174	2
8	83850001	0.766927	0.965174	2
8	83900001	1.05151	0.965174	2
8	83950001	1.32651	0.965174	2
8	84000001	0.82683	0.965174	2
8	84050001	1.09092	0.965174	2
8	84100001	0.802084	0.965174	2
8	84150001	0.837159	0.965174	2
8	84200001	0.761945	0.965174	2
8	84250001	1.18915	0.965174	2
8	84300001	1.20199	0.965174	2
8	84350001	0.948283	0.965174	2
8	84400001	0.968262	0.965174	2
8	84450001	1.04805	0.965174	2
8	84500001	0.915519	0.965174	2
8	84550001	1.11779	0.965174	2
8	84600001	0.970639	0.965174	2
8	84650001	0.85998	0.965174	2
8	84700001	0.983283	0.965174	2
8	84750001	1.13712	0.965174	2
8	84800001	0.873552	0.965174	2
8	84850001	0.981165	0.965174	2
8	84900001	0.80585	0.965174	2
8	84950001	1.02817	0.965174	2
8	85000001	1.04483	0.965174	2
8	85050001	0.991644	0.965174	2
8	85100001	0.910657	0.965174	2
8	85150001	0.970196	0.965174	2
8	85200001	1.20608	0.965174	2
8	85250001	0.965109	0.965174	2
8	85300001	0.855534	0.965174	2
8	85350001	0.791757	0.965174	2
8	85400001	0.93207	0.965174	2
8	85450001	0.855141	0.965174	2
8	85500001	1.04272	0.965174	2
8	85550001	0.986344	0.965174	2
8	85600001	0.993547	0.965174	2
8	85650001	0.824579	0.965174	2
8	85700001	1.08955	0.965174	2
8	85750001	1.05527	0.965174	2
8	85800001	0.73567	0.965174	2
8	85850001	0.901158	0.965174	2
8	85900001	0.79457	0.965174	2
8	85950001	0.774122	0.965174	2
8	86000001	0.609818	0.965174	2
8	86050001	-1	0.965174	2
8	86100001	-1	0.965174	2
8	86150001	-1	0.965174	2
8	86200001	1.07651	0.965174	2
8	86250001	0.952333	0.965174	2
8	86300001	1.04767	0.965174	2
8	86350001	0.86797	0.965174	2
8	86400001	1.00961	0.965174	2
8	86450001	1.13025	0.965174	2
8	86500001	1.20238	0.965174	2
8	86550001	2.05305	2.05305	4
8	86600001	0	0	0
8	86650001	0	0	0
8	86700001	1.20639	1.00495	2
8	86750001	-1	1.00495	2
8	86800001	-1	1.00495	2
8	86850001	0.904489	1.00495	2
8	86900001	0.961185	1.00495	2
8	86950001	1.24533	1.00495	2
8	87000001	1.17489	1.00495	2
8	87050001	1.03431	1.00495	2
8	87100001	0.772163	1.00495	2
8	87150001	1.16758	1.00495	2
8	87200001	1.10121	1.00495	2
8	87250001	0.612455	1.00495	2
8	87300001	1.10715	1.00495	2
8	87350001	0.771327	1.00495	2
8	87400001	0.659417	1.00495	2
8	87450001	0.995171	1.00495	2
8	87500001	1.05972	1.00495	2
8	87550001	1.33685	1.00495	2
8	87600001	1.00525	1.00495	2
8	87650001	0.904164	1.00495	2
8	87700001	0.817652	1.00495	2
8	87750001	1.2128	1.00495	2
8	87800001	1.26336	1.00495	2
8	87850001	1.14738	1.00495	2
8	87900001	1.21561	1.00495	2
8	87950001	0.669482	1.00495	2
8	88000001	0.867043	1.00495	2
8	88050001	0.847965	1.00495	2
8	88100001	0.893741	1.00495	2
8	88150001	0.873596	1.00495	2
8	88200001	0.837337	1.00495	2
8	88250001	0.978637	1.00495	2
8	88300001	0.858279	1.00495	2
8	88350001	0.931521	1.00495	2
8	88400001	0.691518	1.00495	2
8	88450001	1.02138	1.00495	2
8	88500001	0.925842	1.00495	2
8	88550001	1.0155	1.00495	2
8	88600001	0.870291	1.00495	2
8	88650001	0.947039	1.00495	2
8	88700001	1.30741	1.00495	2
8	88750001	1.2644	1.00495	2
8	88800001	0.673656	1.00495	2
8	88850001	1.08235	1.00495	2
8	88900001	1.01026	1.00495	2
8	88950001	0.975507	1.00495	2
8	89000001	0.977434	1.00495	2
8	89050001	0.751644	1.00495	2
8	89100001	0.819638	1.00495	2
8	89150001	0.848367	1.00495	2
8	89200001	1.18669	1.00495	2
8	89250001	1.08702	1.00495	2
8	89300001	0.840538	1.00495	2
8	89350001	1.0759	1.00495	2
8	89400001	0.939106	1.00495	2
8	89450001	0.914571	1.00495	2
8	89500001	0.970063	1.00495	2
8	89550001	1.0414	1.00495	2
8	89600001	1.02547	1.00495	2
8	89650001	0.888661	1.00495	2
8	89700001	0.958984	1.00495	2
8	89750001	0.984603	1.00495	2
8	89800001	1.00847	1.00495	2
8	89850001	0.77474	1.00495	2
8	89900001	1.34576	1.00495	2
8	89950001	1.15755	1.00495	2
8	90000001	0.916107	1.00495	2
8	90050001	1.02212	1.00495	2
8	90100001	0.967598	1.00495	2
8	90150001	1.3213	1.00495	2
8	90200001	0.89236	1.00495	2
8	90250001	0.872571	1.00495	2
8	90300001	0.900027	1.00495	2
8	90350001	0.977181	1.00495	2
8	90400001	1.06802	1.00495	2
8	90450001	0.81687	1.00495	2
8	90500001	1.0869	1.00495	2
8	90550001	1.08075	1.00495	2
8	90600001	1.33513	1.00495	2
8	90650001	0.560782	1.00495	2
8	90700001	0.863763	1.00495	2
8	90750001	0.660615	1.00495	2
8	90800001	0.995538	1.00495	2
8	90850001	0.967349	1.00495	2
8	90900001	1.10958	1.00495	2
8	90950001	0.828446	1.00495	2
8	91000001	1.10184	1.00495	2
8	91050001	0.808982	1.00495	2
8	91100001	0.74909	1.00495	2
8	91150001	0.882445	1.00495	2
8	91200001	1.15984	1.00495	2
8	91250001	1.06143	1.00495	2
8	91300001	0.813847	1.00495	2
8	91350001	0.912311	1.00495	2
8	91400001	1.16799	1.00495	2
8	91450001	1.0538	1.00495	2
8	91500001	1.07996	1.00495	2
8	91550001	0.975321	1.00495	2
8	91600001	0.874941	1.00495	2
8	91650001	0.865505	1.00495	2
8	91700001	1.1008	1.00495	2
8	91750001	0.911076	1.00495	2
8	91800001	0.94053	1.00495	2
8	91850001	0.866502	1.00495	2
8	91900001	0.648119	1.00495	2
8	91950001	1.02007	1.00495	2
8	92000001	1.17653	1.00495	2
8	92050001	0.739606	1.00495	2
8	92100001	1.10858	1.00495	2
8	92150001	0.937629	1.00495	2
8	92200001	0.785575	1.00495	2
8	92250001	1.27752	1.00495	2
8	92300001	0.880581	1.00495	2
8	92350001	0.888559	1.00495	2
8	92400001	1.02705	1.00495	2
8	92450001	0.896463	1.00495	2
8	92500001	1.014	1.00495	2
8	92550001	1.09606	1.00495	2
8	92600001	1.01737	1.00495	2
8	92650001	1.22073	1.00495	2
8	92700001	0.994567	1.00495	2
8	92750001	0.942369	1.00495	2
8	92800001	0.77959	1.00495	2
8	92850001	0.978606	1.00495	2
8	92900001	0.996159	1.00495	2
8	92950001	0.904227	1.00495	2
8	93000001	0.960012	1.00495	2
8	93050001	0.928099	1.00495	2
8	93100001	0.912591	1.00495	2
8	93150001	1.016	1.00495	2
8	93200001	0.958543	1.00495	2
8	93250001	1.34662	1.00495	2
8	93300001	0.762852	1.00495	2
8	93350001	0.939241	1.00495	2
8	93400001	0.694151	1.00495	2
8	93450001	0.876577	1.00495	2
8	93500001	0.855487	1.00495	2
8	93550001	0.84314	1.00495	2
8	93600001	1.29255	1.00495	2
8	93650001	1.08951	1.00495	2
8	93700001	1.16452	1.00495	2
8	93750001	0.727672	1.00495	2
8	93800001	1.14428	1.00495	2
8	93850001	0.858966	1.00495	2
8	93900001	1.10103	1.00495	2
8	93950001	1.0548	1.00495	2
8	94000001	0.775537	1.00495	2
8	94050001	1.12864	1.00495	2
8	94100001	0.854625	1.00495	2
8	94150001	0.961083	1.00495	2
8	94200001	1.06229	1.00495	2
8	94250001	1.10802	1.00495	2
8	94300001	1.01784	1.00495	2
8	94350001	1.07271	1.00495	2
8	94400001	1.32925	1.00495	2
8	94450001	0.906677	1.00495	2
8	94500001	0.886026	1.00495	2
8	94550001	0.904681	1.00495	2
8	94600001	1.08625	1.00495	2
8	94650001	0.840235	1.00495	2
8	94700001	1.19711	1.00495	2
8	94750001	0.639666	1.00495	2
8	94800001	0.75377	1.00495	2
8	94850001	0.967039	1.00495	2
8	94900001	1.01277	1.00495	2
8	94950001	1.13274	1.00495	2
8	95000001	0.955876	1.00495	2
8	95050001	1.18958	1.00495	2
8	95100001	0.918684	1.00495	2
8	95150001	0.898831	1.00495	2
8	95200001	0.96369	1.00495	2
8	95250001	1.19052	1.00495	2
8	95300001	1.0632	1.00495	2
8	95350001	1.0803	1.00495	2
8	95400001	1.10946	1.00495	2
8	95450001	1.00072	1.00495	2
8	95500001	0.797171	1.00495	2
8	95550001	0.932009	1.00495	2
8	95600001	1.08469	1.00495	2
8	95650001	0.810886	1.00495	2
8	95700001	1.02987	1.00495	2
8	95750001	0.603945	1.00495	2
8	95800001	0.870672	1.00495	2
8	95850001	1.07502	1.00495	2
8	95900001	0.849643	1.00495	2
8	95950001	1.01379	1.00495	2
8	96000001	0.94767	1.00495	2
8	96050001	1.04726	1.00495	2
8	96100001	0.868532	1.00495	2
8	96150001	1.01869	1.00495	2
8	96200001	1.05552	1.00495	2
8	96250001	1.0469	1.00495	2
8	96300001	0.907884	1.00495	2
8	96350001	0.691616	1.00495	2
8	96400001	0.909665	1.00495	2
8	96450001	1.31877	1.00495	2
8	96500001	1.02065	1.00495	2
8	96550001	1.24219	1.00495	2
8	96600001	1.23093	1.00495	2
8	96650001	0.581377	1.00495	2
8	96700001	0.901679	1.00495	2
8	96750001	0.949884	1.00495	2
8	96800001	0.830205	1.00495	2
8	96850001	1.01728	1.00495	2
8	96900001	0.905468	1.00495	2
8	96950001	0.995425	1.00495	2
8	97000001	0.961236	1.00495	2
8	97050001	0.800983	1.00495	2
8	97100001	1.10963	1.00495	2
8	97150001	0.887131	1.00495	2
8	97200001	0.937813	1.00495	2
8	97250001	1.07075	1.00495	2
8	97300001	0.678629	1.00495	2
8	97350001	0.98333	1.00495	2
8	97400001	1.20948	1.00495	2
8	97450001	0.615737	1.00495	2
8	97500001	0.945752	1.00495	2
8	97550001	0.907691	1.00495	2
8	97600001	1.00044	1.00495	2
8	97650001	0.947264	1.00495	2
8	97700001	1.0688	1.00495	2
8	97750001	1.24908	1.00495	2
8	97800001	1.2601	1.00495	2
8	97850001	1.03348	1.00495	2
8	97900001	0.827359	1.00495	2
8	97950001	1.45736	1.00495	2
8	98000001	0.940386	1.00495	2
8	98050001	1.1651	1.00495	2
8	98100001	0.969276	1.00495	2
8	98150001	1.10168	1.00495	2
8	98200001	1.01424	1.00495	2
8	98250001	1.02301	1.00495	2
8	98300001	1.09367	1.00495	2
8	98350001	1.26811	1.00495	2
8	98400001	0.772871	1.00495	2
8	98450001	1.11899	1.00495	2
8	98500001	1.06798	1.00495	2
8	98550001	1.00861	1.00495	2
8	98600001	1.12441	1.00495	2
8	98650001	1.07408	1.00495	2
8	98700001	0.910575	1.00495	2
8	98750001	0.914676	1.00495	2
8	98800001	0.734684	1.00495	2
8	98850001	0.839258	1.00495	2
8	98900001	0.61512	1.00495	2
8	98950001	0.792399	1.00495	2
8	99000001	0.818811	1.00495	2
8	99050001	0.715368	1.00495	2
8	99100001	0.901848	1.00495	2
8	99150001	1.07775	1.00495	2
8	99200001	0.896974	1.00495	2
8	99250001	0.98257	1.00495	2
8	99300001	1.13032	1.00495	2
8	99350001	1.24514	1.00495	2
8	99400001	1.11438	1.00495	2
8	99450001	0.760927	1.00495	2
8	99500001	1.13505	1.00495	2
8	99550001	0.93796	1.00495	2
8	99600001	1.00818	1.00495	2
8	99650001	0.986043	1.00495	2
8	99700001	0.919271	1.00495	2
8	99750001	1.1179	1.00495	2
8	99800001	1.10817	1.00495	2
8	99850001	1.09355	1.00495	2
8	99900001	1.11924	1.00495	2
8	99950001	0.623161	1.00495	2
8	100000001	0.899152	1.00495	2
8	100050001	1.11148	1.00495	2
8	100100001	0.949145	1.00495	2
8	100150001	0.97567	1.00495	2
8	100200001	1.18116	1.00495	2
8	100250001	1.14215	1.00495	2
8	100300001	1.06485	1.00495	2
8	100350001	1.09429	1.00495	2
8	100400001	0.671395	1.00495	2
8	100450001	1.13995	1.00495	2
8	100500001	0.982144	1.00495	2
8	100550001	0.996861	1.00495	2
8	100600001	1.11886	1.00495	2
8	100650001	0.825014	1.00495	2
8	100700001	1.0475	1.00495	2
8	100750001	0.97678	1.00495	2
8	100800001	1.03351	1.00495	2
8	100850001	1.05218	1.00495	2
8	100900001	0.948762	1.00495	2
8	100950001	0.898397	1.00495	2
8	101000001	0.876673	1.00495	2
8	101050001	0.928989	1.00495	2
8	101100001	0.826318	1.00495	2
8	101150001	1.26996	1.00495	2
8	101200001	0.84858	1.00495	2
8	101250001	1.10406	1.00495	2
8	101300001	1.13012	1.00495	2
8	101350001	1.242	1.00495	2
8	101400001	0.868412	1.00495	2
8	101450001	1.10013	1.00495	2
8	101500001	1.20494	1.00495	2
8	101550001	1.11954	1.00495	2
8	101600001	0.923584	1.00495	2
8	101650001	0.853539	1.00495	2
8	101700001	0.722432	1.00495	2
8	101750001	1.06105	1.00495	2
8	101800001	1.22079	1.00495	2
8	101850001	1.00118	1.00495	2
8	101900001	1.03503	1.00495	2
8	101950001	1.1206	1.00495	2
8	102000001	0.794277	1.00495	2
8	102050001	1.10178	1.00495	2
8	102100001	0.944529	1.00495	2
8	102150001	1.40992	1.00495	2
8	102200001	1.2549	1.00495	2
8	102250001	1.16747	1.00495	2
8	102300001	1.29023	1.00495	2
8	102350001	1.37167	1.00495	2
8	102400001	0.99365	1.00495	2
8	102450001	1.00893	1.00495	2
8	102500001	1.08582	1.00495	2
8	102550001	0.693745	1.00495	2
8	102600001	1.32827	1.00495	2
8	102650001	1.18175	1.00495	2
8	102700001	1.09901	1.00495	2
8	102750001	1.21594	1.00495	2
8	102800001	1.18525	1.00495	2
8	102850001	0.826379	1.00495	2
8	102900001	0.689125	1.00495	2
8	102950001	1.06457	1.00495	2
8	103000001	0.962491	1.00495	2
8	103050001	0.93694	1.00495	2
8	103100001	0.773478	1.00495	2
8	103150001	1.17016	1.00495	2
8	103200001	0.998941	1.00495	2
8	103250001	0.944746	1.00495	2
8	103300001	0.923534	1.00495	2
8	103350001	0.919002	1.00495	2
8	103400001	0.658241	1.00495	2
8	103450001	0.945902	1.00495	2
8	103500001	0.833784	1.00495	2
8	103550001	0.993986	1.00495	2
8	103600001	0.958872	1.00495	2
8	103650001	1.04675	1.00495	2
8	103700001	0.897992	1.00495	2
8	103750001	0.961828	1.00495	2
8	103800001	1.01167	1.00495	2
8	103850001	0.917068	1.00495	2
8	103900001	0.925226	1.00495	2
8	103950001	0.957869	1.00495	2
8	104000001	0.896404	1.00495	2
8	104050001	1.14211	1.00495	2
8	104100001	0.96921	1.00495	2
8	104150001	1.16451	1.00495	2
8	104200001	1.03454	1.00495	2
8	104250001	1.33573	1.00495	2
8	104300001	1.01995	1.00495	2
8	104350001	1.16746	1.00495	2
8	104400001	0.97923	1.00495	2
8	104450001	0.885744	1.00495	2
8	104500001	1.13629	1.00495	2
8	104550001	0.986765	1.00495	2
8	104600001	1.0046	1.00495	2
8	104650001	1.26657	1.00495	2
8	104700001	1.34857	1.00495	2
8	104750001	0.991497	1.00495	2
8	104800001	0.891262	1.00495	2
8	104850001	0.794155	1.00495	2
8	104900001	1.28214	1.00495	2
8	104950001	1.02088	1.00495	2
8	105000001	1.10319	1.00495	2
8	105050001	1.17186	1.00495	2
8	105100001	1.04155	1.00495	2
8	105150001	1.0807	1.00495	2
8	105200001	1.09598	1.00495	2
8	105250001	1.14104	1.00495	2
8	105300001	1.16485	1.00495	2
8	105350001	0.833199	1.00495	2
8	105400001	0.718255	1.00495	2
8	105450001	1.17268	1.00495	2
8	105500001	0.887316	1.00495	2
8	105550001	1.03181	1.00495	2
8	105600001	1.0774	1.00495	2
8	105650001	0.715824	1.00495	2
8	105700001	1.13063	1.00495	2
8	105750001	0.951131	1.00495	2
8	105800001	0.84458	1.00495	2
8	105850001	1.14991	1.00495	2
8	105900001	0.938984	1.00495	2
8	105950001	1.50332	1.00495	2
8	106000001	1.14555	1.00495	2
8	106050001	1.1552	1.00495	2
8	106100001	1.0628	1.00495	2
8	106150001	1.06399	1.00495	2
8	106200001	0.781734	1.00495	2
8	106250001	1.14997	1.00495	2
8	106300001	0.925483	1.00495	2
8	106350001	1.02317	1.00495	2
8	106400001	1.17335	1.00495	2
8	106450001	1.04629	1.00495	2
8	106500001	0.747335	1.00495	2
8	106550001	0.863024	1.00495	2
8	106600001	1.10398	1.00495	2
8	106650001	1.17683	1.00495	2
8	106700001	1.01176	1.00495	2
8	106750001	1.06528	1.00495	2
8	106800001	0.865303	1.00495	2
8	106850001	1.01399	1.00495	2
8	106900001	1.14594	1.00495	2
8	106950001	0.965479	1.00495	2
8	107000001	1.30746	1.00495	2
8	107050001	0.982573	1.00495	2
8	107100001	0.807733	1.00495	2
8	107150001	1.02515	1.00495	2
8	107200001	0.709352	1.00495	2
8	107250001	0.751665	1.00495	2
8	107300001	1.23477	1.00495	2
8	107350001	0.771117	1.00495	2
8	107400001	0.943634	1.00495	2
8	107450001	1.00433	1.00495	2
8	107500001	1.10622	1.00495	2
8	107550001	0.768298	1.00495	2
8	107600001	1.10815	1.00495	2
8	107650001	1.23304	1.00495	2
8	107700001	1.03987	1.00495	2
8	107750001	1.00355	1.00495	2
8	107800001	0.94139	1.00495	2
8	107850001	0.831544	1.00495	2
8	107900001	0.800943	1.00495	2
8	107950001	0.990099	1.00495	2
8	108000001	0.809123	1.00495	2
8	108050001	0.798018	1.00495	2
8	108100001	1.08806	1.00495	2
8	108150001	1.38708	1.00495	2
8	108200001	1.24913	1.00495	2
8	108250001	0.806238	1.00495	2
8	108300001	1.0301	1.00495	2
8	108350001	0.800041	1.00495	2
8	108400001	0.89776	1.00495	2
8	108450001	1.26318	1.00495	2
8	108500001	0.973526	1.00495	2
8	108550001	1.14578	1.00495	2
8	108600001	0.900484	1.00495	2
8	108650001	1.13111	1.00495	2
8	108700001	1.44927	1.00495	2
8	108750001	1.08934	1.00495	2
8	108800001	0.94841	1.00495	2
8	108850001	1.17473	1.00495	2
8	108900001	0.922716	1.00495	2
8	108950001	0.881945	1.00495	2
8	109000001	1.05004	1.00495	2
8	109050001	1.44614	1.00495	2
8	109100001	0.69615	1.00495	2
8	109150001	0.847212	1.00495	2
8	109200001	1.07483	1.00495	2
8	109250001	0.706359	1.00495	2
8	109300001	1.10922	1.00495	2
8	109350001	1.1163	1.00495	2
8	109400001	1.11897	1.00495	2
8	109450001	1.09548	1.00495	2
8	109500001	1.39817	1.00495	2
8	109550001	0.814798	1.00495	2
8	109600001	1.08319	1.00495	2
8	109650001	1.19477	1.00495	2
8	109700001	1.12627	1.00495	2
8	109750001	0.85448	1.00495	2
8	109800001	1.26527	1.00495	2
8	109850001	0.845001	1.00495	2
8	109900001	0.956836	1.00495	2
8	109950001	0.879585	1.00495	2
8	110000001	1.16227	1.00495	2
8	110050001	0.977016	1.00495	2
8	110100001	0.788976	1.00495	2
8	110150001	0.752683	1.00495	2
8	110200001	1.08807	1.00495	2
8	110250001	1.22154	1.00495	2
8	110300001	0.984258	1.00495	2
8	110350001	0.675263	1.00495	2
8	110400001	1.06109	1.00495	2
8	110450001	1.01632	1.00495	2
8	110500001	0.740555	1.00495	2
8	110550001	0.835362	1.00495	2
8	110600001	1.2168	1.00495	2
8	110650001	0.858727	1.00495	2
8	110700001	0.856744	1.00495	2
8	110750001	1.07096	1.00495	2
8	110800001	0.869237	1.00495	2
8	110850001	0.807371	1.00495	2
8	110900001	1.02147	1.00495	2
8	110950001	1.24329	1.00495	2
8	111000001	1.00397	1.00495	2
8	111050001	0.873096	1.00495	2
8	111100001	1.22295	1.00495	2
8	111150001	1.19098	1.00495	2
8	111200001	1.02443	1.00495	2
8	111250001	1.14025	1.00495	2
8	111300001	0.969317	1.00495	2
8	111350001	1.14138	1.00495	2
8	111400001	1.18533	1.00495	2
8	111450001	1.21507	1.00495	2
8	111500001	1.20599	1.00495	2
8	111550001	0.703414	1.00495	2
8	111600001	0.90347	1.00495	2
8	111650001	0.758919	1.00495	2
8	111700001	0.974318	1.00495	2
8	111750001	0.907244	1.00495	2
8	111800001	1.07649	1.00495	2
8	111850001	1.17157	1.00495	2
8	111900001	0.724396	1.00495	2
8	111950001	1.09719	1.00495	2
8	112000001	0.969162	1.00495	2
8	112050001	0.962125	1.00495	2
8	112100001	1.03872	1.00495	2
8	112150001	1.08424	1.00495	2
8	112200001	1.21785	1.00495	2
8	112250001	1.13469	1.00495	2
8	112300001	0.949778	1.00495	2
8	112350001	0.965457	1.00495	2
8	112400001	1.01733	1.00495	2
8	112450001	1.07077	1.00495	2
8	112500001	0.962738	1.00495	2
8	112550001	0.874712	1.00495	2
8	112600001	0.876921	1.00495	2
8	112650001	0.723113	1.00495	2
8	112700001	0.943437	1.00495	2
8	112750001	1.08114	1.00495	2
8	112800001	0.902851	1.00495	2
8	112850001	0.866019	1.00495	2
8	112900001	0.823759	1.00495	2
8	112950001	0.930383	1.00495	2
8	113000001	0.945938	1.00495	2
8	113050001	0.982462	1.00495	2
8	113100001	0.812945	1.00495	2
8	113150001	1.1795	1.00495	2
8	113200001	0.891192	1.00495	2
8	113250001	0.825395	1.00495	2
8	113300001	1.01213	1.00495	2
8	113350001	1.17797	1.00495	2
8	113400001	0.969397	1.00495	2
8	113450001	0.871166	1.00495	2
8	113500001	0.854099	1.00495	2
8	113550001	0.927099	1.00495	2
8	113600001	1.09863	1.00495	2
8	113650001	1.33729	1.00495	2
8	113700001	1.12058	1.00495	2
8	113750001	1.00528	1.00495	2
8	113800001	0.630096	1.00495	2
8	113850001	1.0885	1.00495	2
8	113900001	0.822279	1.00495	2
8	113950001	0.877747	1.00495	2
8	114000001	1.40518	1.00495	2
8	114050001	1.06217	1.00495	2
8	114100001	1.26603	1.00495	2
8	114150001	0.973012	1.00495	2
8	114200001	0.826883	1.00495	2
8	114250001	0.893709	1.00495	2
8	114300001	0.879143	1.00495	2
8	114350001	0.921682	1.00495	2
8	114400001	0.995557	1.00495	2
8	114450001	0.978715	1.00495	2
8	114500001	0.953411	1.00495	2
8	114550001	0.939664	1.00495	2
8	114600001	0.831694	1.00495	2
8	114650001	0.83705	1.00495	2
8	114700001	1.25661	1.00495	2
8	114750001	0.991763	1.00495	2
8	114800001	1.18806	1.00495	2
8	114850001	1.22473	1.00495	2
8	114900001	1.05515	1.00495	2
8	114950001	0.992885	1.00495	2
8	115000001	1.27667	1.00495	2
8	115050001	0.966821	1.00495	2
8	115100001	0.814437	1.00495	2
8	115150001	0.928649	1.00495	2
8	115200001	0.895056	1.00495	2
8	115250001	1.01522	1.00495	2
8	115300001	1.02642	1.00495	2
8	115350001	0.725272	1.00495	2
8	115400001	1.0333	1.00495	2
8	115450001	1.2763	1.00495	2
8	115500001	0.802559	1.00495	2
8	115550001	1.06389	1.00495	2
8	115600001	0.892309	1.00495	2
8	115650001	0.84004	1.00495	2
8	115700001	1.30172	1.00495	2
8	115750001	0.776688	1.00495	2
8	115800001	0.738342	1.00495	2
8	115850001	1.11495	1.00495	2
8	115900001	0.898005	1.00495	2
8	115950001	1.43126	1.00495	2
8	116000001	1.35536	1.00495	2
8	116050001	1.21124	1.00495	2
8	116100001	0.767375	1.00495	2
8	116150001	1.1625	1.00495	2
8	116200001	1.0692	1.00495	2
8	116250001	1.00922	1.00495	2
8	116300001	1.05454	1.00495	2
8	116350001	0.999621	1.00495	2
8	116400001	0.843786	1.00495	2
8	116450001	1.0703	1.00495	2
8	116500001	1.0655	1.00495	2
8	116550001	1.26752	1.00495	2
8	116600001	1.22506	1.00495	2
8	116650001	0.945163	1.00495	2
8	116700001	0.952077	1.00495	2
8	116750001	0.998866	1.00495	2
8	116800001	1.01506	1.00495	2
8	116850001	1.16087	1.00495	2
8	116900001	1.02696	1.00495	2
8	116950001	1.12138	1.00495	2
8	117000001	1.27521	1.00495	2
8	117050001	1.19686	1.00495	2
8	117100001	0.916755	1.00495	2
8	117150001	0.899798	1.00495	2
8	117200001	1.24221	1.00495	2
8	117250001	0.901369	1.00495	2
8	117300001	1.07311	1.00495	2
8	117350001	0.997569	1.00495	2
8	117400001	1.39204	1.00495	2
8	117450001	0.848354	1.00495	2
8	117500001	1.07343	1.00495	2
8	117550001	0.810772	1.00495	2
8	117600001	1.07826	1.00495	2
8	117650001	0.769853	1.00495	2
8	117700001	1.21617	1.00495	2
8	117750001	1.33546	1.00495	2
8	117800001	1.09063	1.00495	2
8	117850001	0.867163	1.00495	2
8	117900001	0.846136	1.00495	2
8	117950001	1.18448	1.00495	2
8	118000001	0.801676	1.00495	2
8	118050001	1.27882	1.00495	2
8	118100001	1.26379	1.00495	2
8	118150001	0.828371	1.00495	2
8	118200001	1.08856	1.00495	2
8	118250001	0.996768	1.00495	2
8	118300001	0.667721	1.00495	2
8	118350001	0.986888	1.00495	2
8	118400001	1.03185	1.00495	2
8	118450001	0.977273	1.00495	2
8	118500001	1.12942	1.00495	2
8	118550001	0.940453	1.00495	2
8	118600001	1.22137	1.00495	2
8	118650001	0.877128	1.00495	2
8	118700001	0.902558	1.00495	2
8	118750001	1.18802	1.00495	2
8	118800001	0.990227	1.00495	2
8	118850001	1.00921	1.00495	2
8	118900001	1.2665	1.00495	2
8	118950001	1.12394	1.00495	2
8	119000001	1.19247	1.00495	2
8	119050001	1.1022	1.00495	2
8	119100001	1.08619	1.00495	2
8	119150001	1.02255	1.00495	2
8	119200001	1.21128	1.00495	2
8	119250001	1.00836	1.00495	2
8	119300001	1.31953	1.00495	2
8	119350001	1.07306	1.00495	2
8	119400001	1.15127	1.00495	2
8	119450001	1.24282	1.00495	2
8	119500001	0.997693	1.00495	2
8	119550001	0.961389	1.00495	2
8	119600001	0.980378	1.00495	2
8	119650001	1.18735	1.00495	2
8	119700001	1.00868	1.00495	2
8	119750001	1.27775	1.00495	2
8	119800001	0.875082	1.00495	2
8	119850001	1.16501	1.00495	2
8	119900001	1.02457	1.00495	2
8	119950001	0.844865	1.00495	2
8	120000001	1.28891	1.00495	2
8	120050001	0.843067	1.00495	2
8	120100001	1.03165	1.00495	2
8	120150001	1.03375	1.00495	2
8	120200001	0.920468	1.00495	2
8	120250001	1.14985	1.00495	2
8	120300001	1.0172	1.00495	2
8	120350001	1.19587	1.00495	2
8	120400001	1.05967	1.00495	2
8	120450001	0.866532	1.00495	2
8	120500001	0.942344	1.00495	2
8	120550001	1.0558	1.00495	2
8	120600001	1.04726	1.00495	2
8	120650001	0.960677	1.00495	2
8	120700001	1.24207	1.00495	2
8	120750001	0.984659	1.00495	2
8	120800001	0.99325	1.00495	2
8	120850001	1.07001	1.00495	2
8	120900001	0.921793	1.00495	2
8	120950001	0.766014	1.00495	2
8	121000001	1.1178	1.00495	2
8	121050001	0.906461	1.00495	2
8	121100001	1.22463	1.00495	2
8	121150001	0.764555	1.00495	2
8	121200001	1.39238	1.00495	2
8	121250001	1.01432	1.00495	2
8	121300001	0.866147	1.00495	2
8	121350001	1.10234	1.00495	2
8	121400001	0.754853	1.00495	2
8	121450001	1.09936	1.00495	2
8	121500001	1.23559	1.00495	2
8	121550001	1.04633	1.00495	2
8	121600001	1.09339	1.00495	2
8	121650001	1.13673	1.00495	2
8	121700001	0.857958	1.00495	2
8	121750001	1.06494	1.00495	2
8	121800001	0.914391	1.00495	2
8	121850001	1.16141	1.00495	2
8	121900001	0.809854	1.00495	2
8	121950001	1.20036	1.00495	2
8	122000001	0.901296	1.00495	2
8	122050001	1.0137	1.00495	2
8	122100001	1.11781	1.00495	2
8	122150001	0.835494	1.00495	2
8	122200001	0.998248	1.00495	2
8	122250001	1.04127	1.00495	2
8	122300001	1.25976	1.00495	2
8	122350001	0.992111	1.00495	2
8	122400001	1.25595	1.00495	2
8	122450001	0.986829	1.00495	2
8	122500001	0.920903	1.00495	2
8	122550001	1.27906	1.00495	2
8	122600001	1.23943	1.00495	2
8	122650001	0.970852	1.00495	2
8	122700001	1.36685	1.00495	2
8	122750001	0.937831	1.00495	2
8	122800001	0.71524	1.00495	2
8	122850001	1.18628	1.00495	2
8	122900001	1.02363	1.00495	2
8	122950001	1.02244	1.00495	2
8	123000001	1.2013	1.00495	2
8	123050001	1.0623	1.00495	2
8	123100001	1.1529	1.00495	2
8	123150001	1.02283	1.00495	2
8	123200001	1.22811	1.00495	2
8	123250001	1.07211	1.00495	2
8	123300001	0.955855	1.00495	2
8	123350001	0.987422	1.00495	2
8	123400001	0.872429	1.00495	2
8	123450001	0.909778	1.00495	2
8	123500001	1.19513	1.00495	2
8	123550001	0.980271	1.00495	2
8	123600001	0.815644	1.00495	2
8	123650001	1.01658	1.00495	2
8	123700001	0.90284	1.00495	2
8	123750001	0.95928	1.00495	2
8	123800001	0.874267	1.00495	2
8	123850001	1.05939	1.00495	2
8	123900001	1.28844	1.00495	2
8	123950001	1.20561	1.00495	2
8	124000001	1.22811	1.00495	2
8	124050001	1.1274	1.00495	2
8	124100001	1.17803	1.00495	2
8	124150001	0.715146	1.00495	2
8	124200001	1.07356	1.00495	2
8	124250001	1.16803	1.00495	2
8	124300001	1.06739	1.00495	2
8	124350001	1.02399	1.00495	2
8	124400001	0.733685	1.00495	2
8	124450001	1.07433	1.00495	2
8	124500001	0.897783	1.00495	2
8	124550001	0.913069	1.00495	2
8	124600001	0.997777	1.00495	2
8	124650001	0.780316	1.00495	2
8	124700001	0.801521	1.00495	2
8	124750001	1.00044	1.00495	2
8	124800001	1.14697	1.00495	2
8	124850001	0.909767	1.00495	2
8	124900001	1.18121	1.00495	2
8	124950001	1.61174	1.00495	2
8	125000001	1.24412	1.00495	2
8	125050001	0.756899	1.00495	2
8	125100001	1.04913	1.00495	2
8	125150001	1.12368	1.00495	2
8	125200001	0.985205	1.00495	2
8	125250001	1.09772	1.00495	2
8	125300001	1.03786	1.00495	2
8	125350001	1.13171	1.00495	2
8	125400001	0.891468	1.00495	2
8	125450001	1.11096	1.00495	2
8	125500001	0.953136	1.00495	2
8	125550001	0.914444	1.00495	2
8	125600001	1.17844	1.00495	2
8	125650001	0.903217	1.00495	2
8	125700001	1.08494	1.00495	2
8	125750001	0.880343	1.00495	2
8	125800001	1.02346	1.00495	2
8	125850001	0.872364	1.00495	2
8	125900001	1.17924	1.00495	2
8	125950001	0.91964	1.00495	2
8	126000001	0.862019	1.00495	2
8	126050001	0.924869	1.00495	2
8	126100001	0.92356	1.00495	2
8	126150001	0.9251	1.00495	2
8	126200001	1.57904	1.00495	2
8	126250001	0.780307	1.00495	2
8	126300001	0.875545	1.00495	2
8	126350001	1.08781	1.00495	2
8	126400001	0.753184	1.00495	2
8	126450001	0.949913	1.00495	2
8	126500001	1.06142	1.00495	2
8	126550001	1.28134	1.00495	2
8	126600001	1.00263	1.00495	2
8	126650001	0.996369	1.00495	2
8	126700001	1.2119	1.00495	2
8	126750001	0.931604	1.00495	2
8	126800001	0.796856	1.00495	2
8	126850001	1.05598	1.00495	2
8	126900001	1.09133	1.00495	2
8	126950001	1.19356	1.00495	2
8	127000001	1.06268	1.00495	2
8	127050001	1.19368	1.00495	2
8	127100001	1.06124	1.00495	2
8	127150001	0.640373	1.00495	2
8	127200001	0.920504	1.00495	2
8	127250001	1.29474	1.00495	2
8	127300001	0.863865	1.00495	2
8	127350001	1.14721	1.00495	2
8	127400001	1.22512	1.00495	2
8	127450001	1.31116	1.00495	2
8	127500001	1.13434	1.00495	2
8	127550001	0.701751	1.00495	2
8	127600001	1.05481	1.00495	2
8	127650001	1.17684	1.00495	2
8	127700001	1.02089	1.00495	2
8	127750001	0.914268	1.00495	2
8	127800001	1.4476	1.00495	2
8	127850001	0.919586	1.00495	2
8	127900001	1.02145	1.00495	2
8	127950001	1.05712	1.00495	2
8	128000001	1.14654	1.00495	2
8	128050001	1.11962	1.00495	2
8	128100001	0.939543	1.00495	2
8	128150001	1.11028	1.00495	2
8	128200001	0.865325	1.00495	2
8	128250001	1.12014	1.00495	2
8	128300001	1.04798	1.00495	2
8	128350001	1.26605	1.00495	2
8	128400001	1.12031	1.00495	2
8	128450001	0.91748	1.00495	2
8	128500001	1.03238	1.00495	2
8	128550001	1.02847	1.00495	2
8	128600001	1.30207	1.00495	2
8	128650001	0.922447	1.00495	2
8	128700001	1.00741	1.00495	2
8	128750001	0.922111	1.00495	2
8	128800001	1.23606	1.00495	2
8	128850001	0.899655	1.00495	2
8	128900001	0.910193	1.00495	2
8	128950001	1.09903	1.00495	2
8	129000001	1.40997	1.00495	2
8	129050001	1.21926	1.00495	2
8	129100001	1.10081	1.00495	2
8	129150001	1.23779	1.00495	2
8	129200001	0.993305	1.00495	2
8	129250001	1.33168	1.00495	2
8	129300001	1.28139	1.00495	2
8	129350001	0.885717	1.00495	2
8	129400001	0.95236	1.00495	2
8	129450001	0.813019	1.00495	2
8	129500001	0.85711	1.00495	2
8	129550001	1.22288	1.00495	2
8	129600001	1.21467	1.00495	2
8	129650001	0.922172	1.00495	2
8	129700001	1.2372	1.00495	2
8	129750001	0.911331	1.00495	2
8	129800001	1.22949	1.00495	2
8	129850001	0.894154	1.00495	2
8	129900001	0.773257	1.00495	2
8	129950001	1.1847	1.00495	2
8	130000001	0.997372	1.00495	2
8	130050001	0.996316	1.00495	2
8	130100001	1.1171	1.00495	2
8	130150001	1.02643	1.00495	2
8	130200001	1.09976	1.00495	2
8	130250001	1.04401	1.00495	2
8	130300001	1.13718	1.00495	2
8	130350001	1.1911	1.00495	2
8	130400001	0.601926	1.00495	2
8	130450001	0.922572	1.00495	2
8	130500001	0.640556	1.00495	2
8	130550001	1.09039	1.00495	2
8	130600001	0.790504	1.00495	2
8	130650001	0.941619	1.00495	2
8	130700001	0.830124	1.00495	2
8	130750001	1.06718	1.00495	2
8	130800001	1.37809	1.00495	2
8	130850001	1.14836	1.00495	2
8	130900001	1.13427	1.00495	2
8	130950001	1.10874	1.00495	2
8	131000001	0.933596	1.00495	2
8	131050001	1.26167	1.00495	2
8	131100001	0.832204	1.00495	2
8	131150001	1.14623	1.00495	2
8	131200001	1.09731	1.00495	2
8	131250001	1.33765	1.00495	2
8	131300001	0.941585	1.00495	2
8	131350001	0.66077	1.00495	2
8	131400001	0.980851	1.00495	2
8	131450001	0.888795	1.00495	2
8	131500001	1.01875	1.00495	2
8	131550001	0.798576	1.00495	2
8	131600001	1.00903	1.00495	2
8	131650001	0.80819	1.00495	2
8	131700001	1.19316	1.00495	2
8	131750001	1.05756	1.00495	2
8	131800001	0.948432	1.00495	2
8	131850001	1.02569	1.00495	2
8	131900001	1.00797	1.00495	2
8	131950001	1.1308	1.00495	2
8	132000001	1.00968	1.00495	2
8	132050001	1.02716	1.00495	2
8	132100001	1.01048	1.00495	2
8	132150001	1.27863	1.00495	2
8	132200001	0.876454	1.00495	2
8	132250001	1.09455	1.00495	2
8	132300001	0.706323	1.00495	2
8	132350001	0.884315	1.00495	2
8	132400001	1.03191	1.00495	2
8	132450001	0.957378	1.00495	2
8	132500001	0.995185	1.00495	2
8	132550001	0.960626	1.00495	2
8	132600001	1.03306	1.00495	2
8	132650001	1.0725	1.00495	2
8	132700001	0.901496	1.00495	2
8	132750001	0.984529	1.00495	2
8	132800001	1.08883	1.00495	2
8	132850001	1.26736	1.00495	2
8	132900001	1.18742	1.00495	2
8	132950001	0.708559	1.00495	2
8	133000001	1.01178	1.00495	2
8	133050001	0.898569	1.00495	2
8	133100001	1.27037	1.00495	2
8	133150001	0.779553	1.00495	2
8	133200001	0.893441	1.00495	2
8	133250001	1.17909	1.00495	2
8	133300001	1.34409	1.00495	2
8	133350001	0.939059	1.00495	2
8	133400001	0.665927	1.00495	2
8	133450001	1.19564	1.00495	2
8	133500001	0.91069	1.00495	2
8	133550001	0.990855	1.00495	2
8	133600001	1.06834	1.00495	2
8	133650001	1.15816	1.00495	2
8	133700001	1.2234	1.00495	2
8	133750001	1.20858	1.00495	2
8	133800001	1.37796	1.00495	2
8	133850001	1.14595	1.00495	2
8	133900001	0.843945	1.00495	2
8	133950001	1.23637	1.00495	2
8	134000001	0.77271	1.00495	2
8	134050001	1.02028	1.00495	2
8	134100001	1.18817	1.00495	2
8	134150001	1.4938	1.00495	2
8	134200001	0.909951	1.00495	2
8	134250001	1.00464	1.00495	2
8	134300001	1.14325	1.00495	2
8	134350001	1.29599	1.00495	2
8	134400001	1.18356	1.00495	2
8	134450001	0.820897	1.00495	2
8	134500001	1.07717	1.00495	2
8	134550001	0.919259	1.00495	2
8	134600001	0.946867	1.00495	2
8	134650001	1.12657	1.00495	2
8	134700001	1.01602	1.00495	2
8	134750001	1.17135	1.00495	2
8	134800001	1.29911	1.00495	2
8	134850001	0.933636	1.00495	2
8	134900001	1.06909	1.00495	2
8	134950001	1.17735	1.00495	2
8	135000001	1.02623	1.00495	2
8	135050001	1.18114	1.00495	2
8	135100001	0.790395	1.00495	2
8	135150001	0.904701	1.00495	2
8	135200001	1.22513	1.00495	2
8	135250001	1.05333	1.00495	2
8	135300001	0.828884	1.00495	2
8	135350001	1.24504	1.00495	2
8	135400001	0.968864	1.00495	2
8	135450001	0.700707	1.00495	2
8	135500001	0.85738	1.00495	2
8	135550001	1.16601	1.00495	2
8	135600001	1.05008	1.00495	2
8	135650001	0.833208	1.00495	2
8	135700001	0.756761	1.00495	2
8	135750001	1.1748	1.00495	2
8	135800001	1.11909	1.00495	2
8	135850001	0.986079	1.00495	2
8	135900001	0.955537	1.00495	2
8	135950001	0.952689	1.00495	2
8	136000001	0.823862	1.00495	2
8	136050001	0.854605	1.00495	2
8	136100001	1.02339	1.00495	2
8	136150001	0.858586	1.00495	2
8	136200001	0.950975	1.00495	2
8	136250001	1.0628	1.00495	2
8	136300001	0.853473	1.00495	2
8	136350001	1.09027	1.00495	2
8	136400001	1.05017	1.00495	2
8	136450001	0.919662	1.00495	2
8	136500001	1.18696	1.00495	2
8	136550001	1.08243	1.00495	2
8	136600001	0.674134	1.00495	2
8	136650001	0.694903	1.00495	2
8	136700001	1.03331	1.00495	2
8	136750001	0.850364	1.00495	2
8	136800001	0.930066	1.00495	2
8	136850001	1.0746	1.00495	2
8	136900001	0.827989	1.00495	2
8	136950001	0.923906	1.00495	2
8	137000001	1.03851	1.00495	2
8	137050001	0.829599	1.00495	2
8	137100001	0.943	1.00495	2
8	137150001	0.846309	1.00495	2
8	137200001	0.97009	1.00495	2
8	137250001	1.1299	1.00495	2
8	137300001	1.01606	1.00495	2
8	137350001	0.941318	1.00495	2
8	137400001	0.913022	1.00495	2
8	137450001	1.34361	1.00495	2
8	137500001	0.921288	1.00495	2
8	137550001	0.993427	1.00495	2
8	137600001	1.02083	1.00495	2
8	137650001	0.983271	1.00495	2
8	137700001	0.958677	1.00495	2
8	137750001	1.18359	1.00495	2
8	137800001	0.767882	1.00495	2
8	137850001	1.10651	1.00495	2
8	137900001	1.03032	1.00495	2
8	137950001	1.04228	1.00495	2
8	138000001	0.703204	1.00495	2
8	138050001	1.16393	1.00495	2
8	138100001	0.983513	1.00495	2
8	138150001	1.12398	1.00495	2
8	138200001	1.01313	1.00495	2
8	138250001	0.846045	1.00495	2
8	138300001	0.86281	1.00495	2
8	138350001	1.08192	1.00495	2
8	138400001	1.07985	1.00495	2
8	138450001	0.72399	1.00495	2
8	138500001	0.665754	1.00495	2
8	138550001	1.28694	1.00495	2
8	138600001	0.863294	1.00495	2
8	138650001	0.988866	1.00495	2
8	138700001	1.20096	1.00495	2
8	138750001	1.04207	1.00495	2
8	138800001	0.94078	1.00495	2
8	138850001	0.968126	1.00495	2
8	138900001	0.6809	1.00495	2
8	138950001	1.23582	1.00495	2
8	139000001	1.112	1.00495	2
8	139050001	1.06344	1.00495	2
8	139100001	1.43447	1.00495	2
8	139150001	0.868674	1.00495	2
8	139200001	1.02274	1.00495	2
8	139250001	1.25731	1.00495	2
8	139300001	0.953135	1.00495	2
8	139350001	1.00559	1.00495	2
8	139400001	1.14584	1.00495	2
8	139450001	1.03461	1.00495	2
8	139500001	1.01854	1.00495	2
8	139550001	1.02548	1.00495	2
8	139600001	0.947073	1.00495	2
8	139650001	1.09672	1.00495	2
8	139700001	0.620528	1.00495	2
8	139750001	0.799935	1.00495	2
8	139800001	1.16674	1.00495	2
8	139850001	0.638346	1.00495	2
8	139900001	0.691331	1.00495	2
8	139950001	0.946157	1.00495	2
8	140000001	1.076	1.00495	2
8	140050001	1.00343	1.00495	2
8	140100001	1.00046	1.00495	2
8	140150001	0.815447	1.00495	2
8	140200001	1.22376	1.00495	2
8	140250001	0.969513	1.00495	2
8	140300001	0.997652	1.00495	2
8	140350001	0.921741	1.00495	2
8	140400001	0.674534	1.00495	2
8	140450001	1.12744	1.00495	2
8	140500001	0.793296	1.00495	2
8	140550001	0.92814	1.00495	2
8	140600001	0.774333	1.00495	2
8	140650001	0.395599	1.00495	2
8	140700001	1.63451	1.00495	2
8	140750001	0.780761	1.00495	2
8	140800001	0.724257	1.00495	2
8	140850001	0.951733	1.00495	2
8	140900001	1.01894	1.00495	2
8	140950001	1.23479	1.00495	2
8	141000001	1.13338	1.00495	2
8	141050001	0.720186	1.00495	2
8	141100001	0.787963	1.00495	2
8	141150001	1.21003	1.00495	2
8	141200001	0.669617	1.00495	2
8	141250001	0.986199	1.00495	2
8	141300001	0.858003	1.00495	2
8	141350001	0.864136	1.00495	2
8	141400001	0.814248	1.00495	2
8	141450001	1.03245	1.00495	2
8	141500001	1.08514	1.00495	2
8	141550001	0.641472	1.00495	2
8	141600001	0.854512	1.00495	2
8	141650001	1.28478	1.00495	2
8	141700001	1.14906	1.00495	2
8	141750001	0.987608	1.00495	2
8	141800001	0.961005	1.00495	2
8	141850001	1.02812	1.00495	2
8	141900001	1.04366	1.00495	2
8	141950001	0.836554	1.00495	2
8	142000001	0.952654	1.00495	2
8	142050001	0.885263	1.00495	2
8	142100001	0.776209	1.00495	2
8	142150001	0.837396	1.00495	2
8	142200001	0.474162	1.00495	2
8	142250001	0.990985	1.00495	2
8	142300001	0.680259	1.00495	2
8	142350001	0.834167	1.00495	2
8	142400001	0	0	0
8	142450001	0	0	0
8	142500001	1.45366	1.45366	3
8	142550001	0.861076	1.45366	3
8	142600001	1.80055	1.45366	3
8	142650001	3.40652	3.40652	7
8	142700001	0.887603	0.918892	2
8	142750001	0.0539748	0.918892	2
8	142800001	0.920414	0.918892	2
8	142850001	1.31552	0.918892	2
8	142900001	0.804831	0.918892	2
8	142950001	0.890938	0.918892	2
8	143000001	1.02606	0.918892	2
8	143050001	2.03857	0.918892	2
8	143100001	0.91737	0.918892	2
8	143150001	0.964297	0.918892	2
8	143200001	2.17984	2.17984	4
8	143250001	0	0.258999	1
8	143300001	0.987724	0.258999	1
8	143350001	0	0.258999	1
8	143400001	0.517997	0.258999	1
8	143450001	1.83662	1.83662	4
8	143500001	0	0	0
8	143550001	0	0	0
8	143600001	18.6142	18.6142	37
8	143650001	0	0.686787	1
8	143700001	0.686787	0.686787	1
8	143750001	0.944696	0.686787	1
8	143800001	2.93861	20.2541	41
8	143850001	37.5695	20.2541	41
8	143900001	0.94752	0.749374	1
8	143950001	0.800741	0.749374	1
8	144000001	-1	0.749374	1
8	144050001	-1	0.749374	1
8	144100001	0.698007	0.749374	1
8	144150001	1.31031	0.749374	1
8	144200001	0.553248	0.749374	1
8	144250001	0.601402	0.749374	1
8	144300001	0.90567	0.749374	1
8	144350001	1.59778	0.749374	1
8	144400001	0	0.749374	1
8	144450001	0.697742	0.749374	1
8	144500001	7.76546	7.76546	16
8	144550001	0	0	0
8	144600001	1.49295	1.49295	3
8	144650001	0	0	0
8	144700001	0	0	0
8	144750001	2.08177	2.08177	4
8	144800001	0.734185	0.257468	1
8	144850001	0	0.257468	1
8	144900001	0.514937	0.257468	1
8	144950001	0	0.257468	1
8	145000001	2.00989	2.00989	4
8	145050001	0	0	0
8	145100001	2.3264	2.3264	5
8	145150001	5.8966	2.3264	5
8	145200001	2.16338	2.3264	5
8	145250001	0.846871	0	0
8	145300001	0.0895583	0	0
8	145350001	0	0	0
8	145400001	0.293864	0	0
8	145450001	0	0	0
8	145500001	0	0	0
8	145550001	0	0	0
8	145600001	0	0	0
8	145650001	0	0	0
8	145700001	0	0	0
8	145750001	0.769137	0.847496	2
8	145800001	0.847496	0.847496	2
8	145850001	1.11837	0.847496	2
8	145900001	0.683748	0.847496	2
8	145950001	1.26074	0.847496	2
8	146000001	0.98482	0.847496	2
8	146050001	0.605293	0.847496	2
8	146100001	1.07275	0.847496	2
8	146150001	0.733999	0.847496	2
8	146200001	0.620097	0.847496	2
8	146250001	1.10714	0.847496	2
8	146300001	-1	-1	2
8	146350001	-1	-1	2
