Chromosome	Start	Ratio	MedianRatio	CopyNumber
9	1	1.14284	0.864834	2
9	50001	0.961287	0.864834	2
9	100001	1.0997	0.864834	2
9	150001	1.04076	0.864834	2
9	200001	0.569883	0.864834	2
9	250001	1.27145	0.864834	2
9	300001	0.739156	0.864834	2
9	350001	0.78634	0.864834	2
9	400001	1.04263	0.864834	2
9	450001	0.622648	0.864834	2
9	500001	0.694494	0.864834	2
9	550001	0.757134	0.864834	2
9	600001	0.925473	0.864834	2
9	650001	1.09924	0.864834	2
9	700001	0.651364	0.864834	2
9	750001	0.593771	0.864834	2
9	800001	0.91086	0.864834	2
9	850001	0.58463	0.864834	2
9	900001	1.26406	0.864834	2
9	950001	0.672178	0.864834	2
9	1000001	0.766292	0.864834	2
9	1050001	0.755449	0.864834	2
9	1100001	0.863967	0.864834	2
9	1150001	1.05615	0.864834	2
9	1200001	0.763323	0.864834	2
9	1250001	0.999749	0.864834	2
9	1300001	0.693711	0.864834	2
9	1350001	0.866987	0.864834	2
9	1400001	0.917152	0.864834	2
9	1450001	0.960436	0.864834	2
9	1500001	0.966978	0.864834	2
9	1550001	0.939285	0.864834	2
9	1600001	0.866569	0.864834	2
9	1650001	0.966792	0.864834	2
9	1700001	0.854179	0.864834	2
9	1750001	0.884471	0.864834	2
9	1800001	0.990292	0.864834	2
9	1850001	1.11522	0.864834	2
9	1900001	0.583399	0.864834	2
9	1950001	0.978732	0.864834	2
9	2000001	0.966448	0.864834	2
9	2050001	0.548905	0.864834	2
9	2100001	0.868728	0.864834	2
9	2150001	1.14327	0.864834	2
9	2200001	0.938695	0.864834	2
9	2250001	1.11458	0.864834	2
9	2300001	0.942563	0.864834	2
9	2350001	0.75289	0.864834	2
9	2400001	0.988634	0.864834	2
9	2450001	0.757643	0.864834	2
9	2500001	1.0534	0.864834	2
9	2550001	1.06599	0.864834	2
9	2600001	0.711678	0.864834	2
9	2650001	0.701726	0.864834	2
9	2700001	1.02443	0.864834	2
9	2750001	0.854718	0.864834	2
9	2800001	1.14406	0.864834	2
9	2850001	0.856091	0.864834	2
9	2900001	0.821514	0.864834	2
9	2950001	1.07169	0.864834	2
9	3000001	0.908956	0.864834	2
9	3050001	0.791891	0.864834	2
9	3100001	0.578876	0.864834	2
9	3150001	0.869877	0.864834	2
9	3200001	0.761834	0.864834	2
9	3250001	0.927161	0.864834	2
9	3300001	0.975408	0.864834	2
9	3350001	0.963128	0.864834	2
9	3400001	0.803027	0.864834	2
9	3450001	0.949224	0.864834	2
9	3500001	1.17876	0.864834	2
9	3550001	0.913741	0.864834	2
9	3600001	0.845441	0.864834	2
9	3650001	0.866154	0.864834	2
9	3700001	1.2192	0.864834	2
9	3750001	0.83873	0.864834	2
9	3800001	0.962468	0.864834	2
9	3850001	0.930191	0.864834	2
9	3900001	0.590163	0.864834	2
9	3950001	0.856341	0.864834	2
9	4000001	0.744156	0.864834	2
9	4050001	0.920711	0.864834	2
9	4100001	0.693367	0.864834	2
9	4150001	0.930824	0.864834	2
9	4200001	0.627852	0.864834	2
9	4250001	0.867932	0.864834	2
9	4300001	0.867293	0.864834	2
9	4350001	0.875716	0.864834	2
9	4400001	0.659846	0.864834	2
9	4450001	0.673157	0.864834	2
9	4500001	0.870703	0.864834	2
9	4550001	0.604337	0.864834	2
9	4600001	0.900285	0.864834	2
9	4650001	0.864396	0.864834	2
9	4700001	0.789275	0.864834	2
9	4750001	0.805273	0.864834	2
9	4800001	0.790136	0.864834	2
9	4850001	0.874793	0.864834	2
9	4900001	0.662037	0.864834	2
9	4950001	0.904442	0.864834	2
9	5000001	1.1344	0.864834	2
9	5050001	0.65191	0.864834	2
9	5100001	0.710941	0.864834	2
9	5150001	1.01795	0.864834	2
9	5200001	0.962982	0.864834	2
9	5250001	0.92595	0.864834	2
9	5300001	0.792797	0.864834	2
9	5350001	0.933122	0.864834	2
9	5400001	0.911715	0.864834	2
9	5450001	1.09678	0.864834	2
9	5500001	1.05716	0.864834	2
9	5550001	0.994464	0.864834	2
9	5600001	1.0482	0.864834	2
9	5650001	0.74101	0.864834	2
9	5700001	0.979782	0.864834	2
9	5750001	1.23976	0.864834	2
9	5800001	0.742691	0.864834	2
9	5850001	1.17814	0.864834	2
9	5900001	0.803208	0.864834	2
9	5950001	1.20798	0.864834	2
9	6000001	0.719007	0.864834	2
9	6050001	0.789807	0.864834	2
9	6100001	0.743677	0.864834	2
9	6150001	1.02075	0.864834	2
9	6200001	1.09089	0.864834	2
9	6250001	1.02467	0.864834	2
9	6300001	0.818467	0.864834	2
9	6350001	0.926254	0.864834	2
9	6400001	0.969543	0.864834	2
9	6450001	1.03154	0.864834	2
9	6500001	0.652222	0.864834	2
9	6550001	0.823813	0.864834	2
9	6600001	0.480962	0.864834	2
9	6650001	0.624907	0.864834	2
9	6700001	0.665721	0.864834	2
9	6750001	0.459706	0.864834	2
9	6800001	0.792782	0.864834	2
9	6850001	0.649811	0.864834	2
9	6900001	0.659027	0.864834	2
9	6950001	0.633248	0.864834	2
9	7000001	0.91317	0.864834	2
9	7050001	0.738003	0.864834	2
9	7100001	0.870714	0.864834	2
9	7150001	0.691255	0.864834	2
9	7200001	0.81075	0.864834	2
9	7250001	0.813241	0.864834	2
9	7300001	0.898433	0.864834	2
9	7350001	0.869536	0.864834	2
9	7400001	0.624997	0.864834	2
9	7450001	0.76097	0.864834	2
9	7500001	0.845294	0.864834	2
9	7550001	0.670569	0.864834	2
9	7600001	0.984562	0.864834	2
9	7650001	0.704629	0.864834	2
9	7700001	0.937945	0.864834	2
9	7750001	0.934208	0.864834	2
9	7800001	0.824135	0.864834	2
9	7850001	0.755643	0.864834	2
9	7900001	1.06322	0.864834	2
9	7950001	0.864771	0.864834	2
9	8000001	0.818821	0.864834	2
9	8050001	0.59257	0.864834	2
9	8100001	0.836253	0.864834	2
9	8150001	0.67418	0.864834	2
9	8200001	0.850425	0.864834	2
9	8250001	1.13131	0.864834	2
9	8300001	0.966542	0.864834	2
9	8350001	0.87053	0.864834	2
9	8400001	1.0562	0.864834	2
9	8450001	1.07429	0.864834	2
9	8500001	1.00508	0.864834	2
9	8550001	0.731577	0.864834	2
9	8600001	0.801977	0.864834	2
9	8650001	0.868381	0.864834	2
9	8700001	0.737033	0.864834	2
9	8750001	0.803022	0.864834	2
9	8800001	0.573321	0.864834	2
9	8850001	0.827485	0.864834	2
9	8900001	0.620834	0.864834	2
9	8950001	0.950792	0.864834	2
9	9000001	0.911898	0.864834	2
9	9050001	0.832106	0.864834	2
9	9100001	0.674764	0.864834	2
9	9150001	0.700054	0.864834	2
9	9200001	0.922578	0.864834	2
9	9250001	0.911029	0.864834	2
9	9300001	1.23573	0.864834	2
9	9350001	1.08783	0.864834	2
9	9400001	0.851997	0.864834	2
9	9450001	0.915397	0.864834	2
9	9500001	0.637391	0.864834	2
9	9550001	1.00923	0.864834	2
9	9600001	1.12289	0.864834	2
9	9650001	0.742466	0.864834	2
9	9700001	0.954095	0.864834	2
9	9750001	1.08032	0.864834	2
9	9800001	0.775481	0.864834	2
9	9850001	1.1005	0.864834	2
9	9900001	1.10578	0.864834	2
9	9950001	0.896469	0.864834	2
9	10000001	1.01824	0.864834	2
9	10050001	0.912715	0.864834	2
9	10100001	1.18763	0.864834	2
9	10150001	0.536561	0.864834	2
9	10200001	0.892314	0.864834	2
9	10250001	0.951079	0.864834	2
9	10300001	0.805263	0.864834	2
9	10350001	0.864793	0.864834	2
9	10400001	0.834005	0.864834	2
9	10450001	0.829268	0.864834	2
9	10500001	0.718465	0.864834	2
9	10550001	1.15414	0.864834	2
9	10600001	0.90168	0.864834	2
9	10650001	0.662106	0.864834	2
9	10700001	1.05259	0.864834	2
9	10750001	0.539525	0.864834	2
9	10800001	1.01594	0.864834	2
9	10850001	0.860274	0.864834	2
9	10900001	0.805573	0.864834	2
9	10950001	0.611674	0.864834	2
9	11000001	0.985018	0.864834	2
9	11050001	0.956397	0.864834	2
9	11100001	0.715002	0.864834	2
9	11150001	0.815455	0.864834	2
9	11200001	0.790327	0.864834	2
9	11250001	0.822984	0.864834	2
9	11300001	0.844105	0.864834	2
9	11350001	0.801988	0.864834	2
9	11400001	0.599149	0.864834	2
9	11450001	0.684796	0.864834	2
9	11500001	0.795227	0.864834	2
9	11550001	0.784541	0.864834	2
9	11600001	1.01609	0.864834	2
9	11650001	1.08794	0.864834	2
9	11700001	0.990177	0.864834	2
9	11750001	0.718961	0.864834	2
9	11800001	1.08434	0.864834	2
9	11850001	0.966873	0.864834	2
9	11900001	1.17607	0.864834	2
9	11950001	0.851967	0.864834	2
9	12000001	0.960319	0.864834	2
9	12050001	1.23611	0.864834	2
9	12100001	0.995851	0.864834	2
9	12150001	0.74551	0.864834	2
9	12200001	0.618383	0.864834	2
9	12250001	0.732902	0.864834	2
9	12300001	0.903995	0.864834	2
9	12350001	1.06736	0.864834	2
9	12400001	0.991798	0.864834	2
9	12450001	0.804396	0.864834	2
9	12500001	0.939424	0.864834	2
9	12550001	1.09571	0.864834	2
9	12600001	0.767169	0.864834	2
9	12650001	0.597699	0.864834	2
9	12700001	0.976508	0.864834	2
9	12750001	0.684968	0.864834	2
9	12800001	1.0292	0.864834	2
9	12850001	0.992024	0.864834	2
9	12900001	0.490896	0.864834	2
9	12950001	0.692149	0.864834	2
9	13000001	1.09472	0.864834	2
9	13050001	1.14737	0.864834	2
9	13100001	0.824759	0.864834	2
9	13150001	1.2532	0.864834	2
9	13200001	0.715366	0.864834	2
9	13250001	0.795499	0.864834	2
9	13300001	0.77783	0.864834	2
9	13350001	0.996435	0.864834	2
9	13400001	1.05588	0.864834	2
9	13450001	0.846588	0.864834	2
9	13500001	0.977481	0.864834	2
9	13550001	0.831801	0.864834	2
9	13600001	0.800658	0.864834	2
9	13650001	0.833279	0.864834	2
9	13700001	0.926032	0.864834	2
9	13750001	0.512027	0.864834	2
9	13800001	1.0311	0.864834	2
9	13850001	1.09788	0.864834	2
9	13900001	1.18751	0.864834	2
9	13950001	0.753282	0.864834	2
9	14000001	1.15703	0.864834	2
9	14050001	0.814344	0.864834	2
9	14100001	1.02425	0.864834	2
9	14150001	1.11285	0.864834	2
9	14200001	1.14677	0.864834	2
9	14250001	0.895592	0.864834	2
9	14300001	0.612946	0.864834	2
9	14350001	0.499145	0.864834	2
9	14400001	1.08171	0.864834	2
9	14450001	0.915265	0.864834	2
9	14500001	1.00694	0.864834	2
9	14550001	1.04009	0.864834	2
9	14600001	0.949315	0.864834	2
9	14650001	1.19035	0.864834	2
9	14700001	0.891083	0.864834	2
9	14750001	1.22099	0.864834	2
9	14800001	0.915472	0.864834	2
9	14850001	0.750262	0.864834	2
9	14900001	1.13722	0.864834	2
9	14950001	0.91238	0.864834	2
9	15000001	1.0629	0.864834	2
9	15050001	1.36393	0.864834	2
9	15100001	0.73259	0.864834	2
9	15150001	0.691597	0.864834	2
9	15200001	0.770103	0.864834	2
9	15250001	0.710921	0.864834	2
9	15300001	0.701878	0.864834	2
9	15350001	0.61327	0.864834	2
9	15400001	0.77258	0.864834	2
9	15450001	0.799235	0.864834	2
9	15500001	0.885877	0.864834	2
9	15550001	0.589218	0.864834	2
9	15600001	0.857903	0.864834	2
9	15650001	0.87887	0.864834	2
9	15700001	0.903872	0.864834	2
9	15750001	0.967464	0.864834	2
9	15800001	0.593415	0.864834	2
9	15850001	0.812871	0.864834	2
9	15900001	0.976161	0.864834	2
9	15950001	0.725583	0.864834	2
9	16000001	0.998657	0.864834	2
9	16050001	0.603829	0.864834	2
9	16100001	0.651239	0.864834	2
9	16150001	1.09657	0.864834	2
9	16200001	0.641693	0.864834	2
9	16250001	0.670376	0.864834	2
9	16300001	0.680226	0.864834	2
9	16350001	1.00793	0.864834	2
9	16400001	1.05331	0.864834	2
9	16450001	0.525337	0.864834	2
9	16500001	1.01172	0.864834	2
9	16550001	0.76802	0.864834	2
9	16600001	0.638477	0.864834	2
9	16650001	0.688973	0.864834	2
9	16700001	0.57264	0.864834	2
9	16750001	0.720506	0.864834	2
9	16800001	0.732128	0.864834	2
9	16850001	1.01672	0.864834	2
9	16900001	0.578108	0.864834	2
9	16950001	0.405507	0.864834	2
9	17000001	0.645623	0.864834	2
9	17050001	0.782741	0.864834	2
9	17100001	0.809418	0.864834	2
9	17150001	0.596766	0.864834	2
9	17200001	0.772067	0.864834	2
9	17250001	1.09744	0.864834	2
9	17300001	1.09131	0.864834	2
9	17350001	0.849466	0.864834	2
9	17400001	0.734153	0.864834	2
9	17450001	0.877292	0.864834	2
9	17500001	0.72163	0.864834	2
9	17550001	0.705812	0.864834	2
9	17600001	0.789719	0.864834	2
9	17650001	0.772444	0.864834	2
9	17700001	0.949329	0.864834	2
9	17750001	0.816735	0.864834	2
9	17800001	1.04667	0.864834	2
9	17850001	0.9251	0.864834	2
9	17900001	0.791942	0.864834	2
9	17950001	0.901875	0.864834	2
9	18000001	0.980629	0.864834	2
9	18050001	1.10147	0.864834	2
9	18100001	0.728112	0.864834	2
9	18150001	0.914242	0.864834	2
9	18200001	0.540779	0.864834	2
9	18250001	0.808351	0.864834	2
9	18300001	0.888015	0.864834	2
9	18350001	0.892598	0.864834	2
9	18400001	0.914242	0.864834	2
9	18450001	0.634939	0.864834	2
9	18500001	0.841212	0.864834	2
9	18550001	0.935325	0.864834	2
9	18600001	1.10509	0.864834	2
9	18650001	0.984552	0.864834	2
9	18700001	0.74398	0.864834	2
9	18750001	0.697252	0.864834	2
9	18800001	0.986773	0.864834	2
9	18850001	1.05885	0.864834	2
9	18900001	0.834008	0.864834	2
9	18950001	0.971562	0.864834	2
9	19000001	0.652344	0.864834	2
9	19050001	0.774046	0.864834	2
9	19100001	0.66266	0.864834	2
9	19150001	0.909827	0.864834	2
9	19200001	0.479162	0.864834	2
9	19250001	0.888531	0.864834	2
9	19300001	0.661631	0.864834	2
9	19350001	0.849433	0.864834	2
9	19400001	0.9313	0.864834	2
9	19450001	0.565041	0.864834	2
9	19500001	0.986834	0.864834	2
9	19550001	1.05569	0.864834	2
9	19600001	0.96559	0.864834	2
9	19650001	0.951914	0.864834	2
9	19700001	0.605063	0.864834	2
9	19750001	0.942749	0.864834	2
9	19800001	0.79593	0.864834	2
9	19850001	0.876494	0.864834	2
9	19900001	0.686819	0.864834	2
9	19950001	0.813679	0.864834	2
9	20000001	0.807384	0.864834	2
9	20050001	0.878456	0.864834	2
9	20100001	0.898204	0.864834	2
9	20150001	0.874195	0.864834	2
9	20200001	0.739614	0.864834	2
9	20250001	0.843823	0.864834	2
9	20300001	0.911053	0.864834	2
9	20350001	1.11919	0.864834	2
9	20400001	1.03543	0.864834	2
9	20450001	0.748564	0.864834	2
9	20500001	1.1101	0.864834	2
9	20550001	0.940136	0.864834	2
9	20600001	0.806613	0.864834	2
9	20650001	0.947199	0.864834	2
9	20700001	0.775177	0.864834	2
9	20750001	0.758017	0.864834	2
9	20800001	0.956022	0.864834	2
9	20850001	0.931949	0.864834	2
9	20900001	0.681839	0.864834	2
9	20950001	0.957164	0.864834	2
9	21000001	0.809227	0.864834	2
9	21050001	0.68978	0.864834	2
9	21100001	0.953439	0.864834	2
9	21150001	0.852018	0.864834	2
9	21200001	0.789389	0.864834	2
9	21250001	1.06264	0.864834	2
9	21300001	0.900008	0.864834	2
9	21350001	1.02322	0.864834	2
9	21400001	0.864816	0.864834	2
9	21450001	0.896208	0.864834	2
9	21500001	0.864834	0.864834	2
9	21550001	0.88057	0.864834	2
9	21600001	0.753017	0.864834	2
9	21650001	0.95266	0.864834	2
9	21700001	0.990295	0.864834	2
9	21750001	0.627077	0.864834	2
9	21800001	0.927342	0.864834	2
9	21850001	0.815829	0.864834	2
9	21900001	0.777472	0.864834	2
9	21950001	0.927127	0.864834	2
9	22000001	0.800687	0.864834	2
9	22050001	0.885339	0.864834	2
9	22100001	1.10956	0.864834	2
9	22150001	0.884631	0.864834	2
9	22200001	1.12517	0.864834	2
9	22250001	0.767198	0.864834	2
9	22300001	1.21305	0.864834	2
9	22350001	1.00376	0.864834	2
9	22400001	1.04432	0.864834	2
9	22450001	0.905926	0.864834	2
9	22500001	0.630886	0.864834	2
9	22550001	1.33024	0.864834	2
9	22600001	1.01473	0.864834	2
9	22650001	0.724895	0.864834	2
9	22700001	1.05658	0.864834	2
9	22750001	1.08409	0.864834	2
9	22800001	0.843499	0.864834	2
9	22850001	0.712916	0.864834	2
9	22900001	0.986433	0.864834	2
9	22950001	0.690966	0.864834	2
9	23000001	1.25709	0.864834	2
9	23050001	0.817546	0.864834	2
9	23100001	0.891548	0.864834	2
9	23150001	0.911689	0.864834	2
9	23200001	0.946446	0.864834	2
9	23250001	0.946142	0.864834	2
9	23300001	1.07303	0.864834	2
9	23350001	0.600865	0.864834	2
9	23400001	0.808905	0.864834	2
9	23450001	0.865579	0.864834	2
9	23500001	0.670435	0.864834	2
9	23550001	0.801111	0.864834	2
9	23600001	0.8974	0.864834	2
9	23650001	0.778331	0.864834	2
9	23700001	0.693271	0.864834	2
9	23750001	0.912109	0.864834	2
9	23800001	0.5908	0.864834	2
9	23850001	0.979149	0.864834	2
9	23900001	0.928698	0.864834	2
9	23950001	0.969035	0.864834	2
9	24000001	0.797575	0.864834	2
9	24050001	0.68019	0.864834	2
9	24100001	0.662171	0.864834	2
9	24150001	0.599684	0.864834	2
9	24200001	0.944374	0.864834	2
9	24250001	0.795849	0.864834	2
9	24300001	0.817923	0.864834	2
9	24350001	0.874129	0.864834	2
9	24400001	0.753218	0.864834	2
9	24450001	0.94252	0.864834	2
9	24500001	0.865215	0.864834	2
9	24550001	1.09265	0.864834	2
9	24600001	0.73361	0.864834	2
9	24650001	0.93211	0.864834	2
9	24700001	0.815491	0.864834	2
9	24750001	0.932944	0.864834	2
9	24800001	0.86177	0.864834	2
9	24850001	1.05272	0.864834	2
9	24900001	0.606897	0.864834	2
9	24950001	0.850497	0.864834	2
9	25000001	0.843194	0.864834	2
9	25050001	0.793977	0.864834	2
9	25100001	0.889291	0.864834	2
9	25150001	0.712718	0.864834	2
9	25200001	0.459703	0.864834	2
9	25250001	0.942985	0.864834	2
9	25300001	0.739312	0.864834	2
9	25350001	0.879876	0.864834	2
9	25400001	0.791636	0.864834	2
9	25450001	1.05767	0.864834	2
9	25500001	0.612446	0.864834	2
9	25550001	1.13527	0.864834	2
9	25600001	0.782167	0.864834	2
9	25650001	0.691293	0.864834	2
9	25700001	1.0131	0.864834	2
9	25750001	0.834121	0.864834	2
9	25800001	0.837279	0.864834	2
9	25850001	0.994336	0.864834	2
9	25900001	0.793991	0.864834	2
9	25950001	0.985758	0.864834	2
9	26000001	0.791516	0.864834	2
9	26050001	1.00592	0.864834	2
9	26100001	0.915494	0.864834	2
9	26150001	0.644639	0.864834	2
9	26200001	0.890588	0.864834	2
9	26250001	0.68587	0.864834	2
9	26300001	0.767494	0.864834	2
9	26350001	0.878718	0.864834	2
9	26400001	0.76117	0.864834	2
9	26450001	0.858516	0.864834	2
9	26500001	0.849195	0.864834	2
9	26550001	0.911904	0.864834	2
9	26600001	0.9552	0.864834	2
9	26650001	1.04281	0.864834	2
9	26700001	0.785991	0.864834	2
9	26750001	1.03681	0.864834	2
9	26800001	0.574574	0.864834	2
9	26850001	1.00633	0.864834	2
9	26900001	0.885307	0.864834	2
9	26950001	0.91553	0.864834	2
9	27000001	0.63591	0.864834	2
9	27050001	0.68155	0.864834	2
9	27100001	0.756051	0.864834	2
9	27150001	0.741702	0.864834	2
9	27200001	0.699256	0.864834	2
9	27250001	0.548372	0.864834	2
9	27300001	0.595475	0.864834	2
9	27350001	0.970224	0.864834	2
9	27400001	1.0556	0.864834	2
9	27450001	0.578585	0.864834	2
9	27500001	0.738395	0.864834	2
9	27550001	0.512936	0.864834	2
9	27600001	0.827336	0.864834	2
9	27650001	0.794625	0.864834	2
9	27700001	0.942468	0.864834	2
9	27750001	0.91302	0.864834	2
9	27800001	0.889832	0.864834	2
9	27850001	0.687843	0.864834	2
9	27900001	0.632882	0.864834	2
9	27950001	0.801931	0.864834	2
9	28000001	0.827628	0.864834	2
9	28050001	0.96213	0.864834	2
9	28100001	0.760091	0.864834	2
9	28150001	0.91759	0.864834	2
9	28200001	0.997839	0.864834	2
9	28250001	0.684597	0.864834	2
9	28300001	0.992274	0.864834	2
9	28350001	0.622329	0.864834	2
9	28400001	1.01905	0.864834	2
9	28450001	1.28315	1.4667	3
9	28500001	1.59994	1.4667	3
9	28550001	1.60855	1.4667	3
9	28600001	1.95386	1.4667	3
9	28650001	1.48701	1.4667	3
9	28700001	1.26449	1.4667	3
9	28750001	1.57435	1.4667	3
9	28800001	1.13086	1.4667	3
9	28850001	1.29648	1.4667	3
9	28900001	1.36675	1.4667	3
9	28950001	1.11185	1.4667	3
9	29000001	1.44118	1.4667	3
9	29050001	1.66309	1.4667	3
9	29100001	1.37549	1.4667	3
9	29150001	1.53058	1.4667	3
9	29200001	1.4667	1.4667	3
9	29250001	1.63938	1.4667	3
9	29300001	1.5142	1.4667	3
9	29350001	1.35325	1.4667	3
9	29400001	1.22009	1.07714	2
9	29450001	1.19921	1.07714	2
9	29500001	1.19693	1.07714	2
9	29550001	1.08335	1.07714	2
9	29600001	1.33366	1.07714	2
9	29650001	1.05186	1.07714	2
9	29700001	0.945529	1.07714	2
9	29750001	1.30201	1.07714	2
9	29800001	1.27192	1.07714	2
9	29850001	1.13745	1.07714	2
9	29900001	1.02945	1.07714	2
9	29950001	1.30626	1.07714	2
9	30000001	1.36935	1.07714	2
9	30050001	1.17065	1.07714	2
9	30100001	1.22651	1.07714	2
9	30150001	1.03089	1.07714	2
9	30200001	1.3361	1.07714	2
9	30250001	0.971757	1.07714	2
9	30300001	1.16155	1.07714	2
9	30350001	1.3447	1.07714	2
9	30400001	0.852918	1.07714	2
9	30450001	1.27652	1.07714	2
9	30500001	1.12816	1.07714	2
9	30550001	1.32113	1.07714	2
9	30600001	1.35783	1.07714	2
9	30650001	1.44305	1.07714	2
9	30700001	1.27457	1.07714	2
9	30750001	1.07467	1.07714	2
9	30800001	0.945992	1.07714	2
9	30850001	1.30824	1.07714	2
9	30900001	1.05371	1.07714	2
9	30950001	1.37448	1.07714	2
9	31000001	1.01888	1.07714	2
9	31050001	1.33332	1.07714	2
9	31100001	1.28158	1.07714	2
9	31150001	1.26609	1.07714	2
9	31200001	1.48884	1.07714	2
9	31250001	1.05354	1.07714	2
9	31300001	1.00069	1.07714	2
9	31350001	1.04241	1.07714	2
9	31400001	1.18784	1.07714	2
9	31450001	1.00454	1.07714	2
9	31500001	0.783857	1.07714	2
9	31550001	1.28058	1.07714	2
9	31600001	1.23645	1.07714	2
9	31650001	0.937547	1.07714	2
9	31700001	1.22947	1.07714	2
9	31750001	1.4931	1.07714	2
9	31800001	1.2961	1.07714	2
9	31850001	1.23084	1.07714	2
9	31900001	1.28515	1.07714	2
9	31950001	1.1994	1.07714	2
9	32000001	1.16161	1.07714	2
9	32050001	1.19452	1.07714	2
9	32100001	1.23133	1.07714	2
9	32150001	1.02307	1.07714	2
9	32200001	1.1094	1.07714	2
9	32250001	1.06752	1.07714	2
9	32300001	1.02553	1.07714	2
9	32350001	1.01803	1.07714	2
9	32400001	1.15898	1.07714	2
9	32450001	1.0826	1.07714	2
9	32500001	1.31146	1.07714	2
9	32550001	1.13002	1.07714	2
9	32600001	1.03014	1.07714	2
9	32650001	0.961073	1.07714	2
9	32700001	0.924158	1.07714	2
9	32750001	1.19148	1.07714	2
9	32800001	1.17235	1.07714	2
9	32850001	1.29861	1.07714	2
9	32900001	1.10225	1.07714	2
9	32950001	1.03225	1.07714	2
9	33000001	1.05892	1.07714	2
9	33050001	1.00558	1.07714	2
9	33100001	1.07246	1.07714	2
9	33150001	1.38584	1.07714	2
9	33200001	1.08821	1.07714	2
9	33250001	1.09213	1.07714	2
9	33300001	0.99961	1.07714	2
9	33350001	1.13741	1.07714	2
9	33400001	0.917822	1.07714	2
9	33450001	0.613388	1.07714	2
9	33500001	1.30905	1.07714	2
9	33550001	0.875406	1.07714	2
9	33600001	1.01586	1.07714	2
9	33650001	1.35729	1.07714	2
9	33700001	1.30318	1.07714	2
9	33750001	1.142	1.07714	2
9	33800001	1.18914	1.07714	2
9	33850001	1.02172	1.07714	2
9	33900001	0.824387	1.07714	2
9	33950001	0.854658	1.07714	2
9	34000001	0.979772	1.07714	2
9	34050001	0.80226	1.07714	2
9	34100001	0.726729	1.07714	2
9	34150001	0.948154	1.07714	2
9	34200001	1.11091	1.07714	2
9	34250001	0.924617	1.07714	2
9	34300001	1.14938	1.07714	2
9	34350001	1.11268	1.07714	2
9	34400001	0.831078	1.07714	2
9	34450001	1.00241	1.07714	2
9	34500001	1.09355	1.07714	2
9	34550001	0.823477	1.07714	2
9	34600001	1.02663	1.07714	2
9	34650001	0.938859	1.07714	2
9	34700001	1.38911	1.07714	2
9	34750001	1.35873	1.07714	2
9	34800001	1.10509	1.07714	2
9	34850001	1.23175	1.07714	2
9	34900001	1.19127	1.07714	2
9	34950001	0.915603	1.07714	2
9	35000001	1.05345	1.07714	2
9	35050001	0.911362	1.07714	2
9	35100001	0.91022	1.07714	2
9	35150001	1.14201	1.07714	2
9	35200001	1.07826	1.07714	2
9	35250001	1.07513	1.07714	2
9	35300001	1.0988	1.07714	2
9	35350001	1.0414	1.07714	2
9	35400001	1.10589	1.07714	2
9	35450001	1.01296	1.07714	2
9	35500001	1.13251	1.07714	2
9	35550001	0.816567	1.07714	2
9	35600001	0.767638	1.07714	2
9	35650001	0.700248	1.07714	2
9	35700001	1.069	1.07714	2
9	35750001	0.912321	1.07714	2
9	35800001	1.12469	1.07714	2
9	35850001	0.901266	1.07714	2
9	35900001	1.09201	1.07714	2
9	35950001	0.96769	1.07714	2
9	36000001	1.50624	1.07714	2
9	36050001	1.13145	1.07714	2
9	36100001	0.834207	1.07714	2
9	36150001	1.08472	1.07714	2
9	36200001	1.24515	1.07714	2
9	36250001	1.11299	1.07714	2
9	36300001	0.961065	1.07714	2
9	36350001	1.14994	1.07714	2
9	36400001	1.0291	1.07714	2
9	36450001	1.00692	1.07714	2
9	36500001	0.894637	1.07714	2
9	36550001	1.1588	1.07714	2
9	36600001	1.09489	1.07714	2
9	36650001	1.01493	1.07714	2
9	36700001	1.00008	1.07714	2
9	36750001	0.853138	1.07714	2
9	36800001	0.782479	1.07714	2
9	36850001	1.02086	1.07714	2
9	36900001	1.02094	1.07714	2
9	36950001	0.818152	1.07714	2
9	37000001	1.03303	1.07714	2
9	37050001	1.45504	1.07714	2
9	37100001	1.21069	1.07714	2
9	37150001	1.26629	1.07714	2
9	37200001	1.39083	1.07714	2
9	37250001	1.20838	1.07714	2
9	37300001	1.41939	1.07714	2
9	37350001	0.701716	1.07714	2
9	37400001	1.12843	1.07714	2
9	37450001	1.07714	1.07714	2
9	37500001	0.972561	1.07714	2
9	37550001	0.805809	1.07714	2
9	37600001	0.900334	1.07714	2
9	37650001	1.17231	1.07714	2
9	37700001	0.914248	1.07714	2
9	37750001	0.941683	1.07714	2
9	37800001	1.1301	1.07714	2
9	37850001	0.99939	1.07714	2
9	37900001	0.825056	1.07714	2
9	37950001	1.06098	1.07714	2
9	38000001	0.858393	1.07714	2
9	38050001	0.908754	1.07714	2
9	38100001	0.966729	1.07714	2
9	38150001	0.996694	1.07714	2
9	38200001	1.07959	1.07714	2
9	38250001	0.900683	1.07714	2
9	38300001	0.890413	1.07714	2
9	38350001	1.13653	1.07714	2
9	38400001	0.980455	1.07714	2
9	38450001	0.791071	1.07714	2
9	38500001	0.900759	1.07714	2
9	38550001	0.840623	1.07714	2
9	38600001	0.863475	1.07714	2
9	38650001	0.766144	1.07714	2
9	38700001	1.27567	1.07714	2
9	38750001	0.695664	0.604255	1
9	38800001	0.619828	0.604255	1
9	38850001	0.521284	0.604255	1
9	38900001	0.44225	0.604255	1
9	38950001	0.640351	0.604255	1
9	39000001	0.764559	0.604255	1
9	39050001	0.916089	0.604255	1
9	39100001	1.03423	0.604255	1
9	39150001	0.90386	0.604255	1
9	39200001	0.308517	0.604255	1
9	39250001	0.540633	0.604255	1
9	39300001	0.387667	0.604255	1
9	39350001	0.308523	0.604255	1
9	39400001	0.395119	0.604255	1
9	39450001	0.522489	0.604255	1
9	39500001	0.675549	0.604255	1
9	39550001	0.444087	0.604255	1
9	39600001	0.455753	0.604255	1
9	39650001	-1	0.604255	1
9	39700001	0.62161	0.604255	1
9	39750001	0.670123	0.604255	1
9	39800001	0.640227	0.604255	1
9	39850001	0.595984	0.604255	1
9	39900001	0.400542	0.604255	1
9	39950001	-1	0.604255	1
9	40000001	-1	0.604255	1
9	40050001	0.445375	0.604255	1
9	40100001	0.716994	0.604255	1
9	40150001	0.604255	0.604255	1
9	40200001	-1	0.604255	1
9	40250001	-1	0.604255	1
9	40300001	0.923348	0.604255	1
9	40350001	0.702577	0.604255	1
9	40400001	-1	0.604255	1
9	40450001	-1	0.604255	1
9	40500001	1.23345	0.604255	1
9	40550001	0.861491	0.604255	1
9	40600001	0.948928	0.604255	1
9	40650001	0.57583	0.604255	1
9	40700001	0.827833	0.604255	1
9	40750001	0.698188	0.604255	1
9	40800001	0.605815	0.604255	1
9	40850001	0.55336	0.604255	1
9	40900001	-1	0.604255	1
9	40950001	-1	0.604255	1
9	41000001	0.369923	0.604255	1
9	41050001	0.444466	0.604255	1
9	41100001	-1	0.604255	1
9	41150001	-1	0.604255	1
9	41200001	0.416577	0.604255	1
9	41250001	0.833019	0.604255	1
9	41300001	0.537382	0.604255	1
9	41350001	-1	0.604255	1
9	41400001	0.25794	0.604255	1
9	41450001	0.307107	0.604255	1
9	41500001	0.389201	0.604255	1
9	41550001	0.393311	0.604255	1
9	41600001	0.593374	0.604255	1
9	41650001	0.62738	0.604255	1
9	41700001	0.618156	0.604255	1
9	41750001	0.506052	0.604255	1
9	41800001	0.937496	0.604255	1
9	41850001	0.687468	0.604255	1
9	41900001	1.56428	1.12509	2
9	41950001	1.15746	1.12509	2
9	42000001	1.07001	1.12509	2
9	42050001	1.23413	1.12509	2
9	42100001	1.55759	1.12509	2
9	42150001	1.13698	1.12509	2
9	42200001	1.09173	1.12509	2
9	42250001	0.511403	1.12509	2
9	42300001	0.762228	1.12509	2
9	42350001	0.819946	1.12509	2
9	42400001	1.61599	1.12509	2
9	42450001	1.1132	1.12509	2
9	42500001	1.14615	1.12509	2
9	42550001	1.36365	1.12509	2
9	42600001	-1	1.12509	2
9	42650001	0.657437	1.12509	2
9	42700001	1.20909	1.12509	2
9	42750001	0.883397	1.12509	2
9	42800001	0.8702	1.12509	2
9	42850001	1.32075	1.12509	2
9	42900001	1.61251	1.12509	2
9	42950001	1.3131	1.12509	2
9	43000001	1.32751	1.12509	2
9	43050001	1.29077	1.12509	2
9	43100001	1.46427	1.12509	2
9	43150001	1.45226	1.12509	2
9	43200001	-1	1.12509	2
9	43250001	0	1.12509	2
9	43300001	0.777542	1.12509	2
9	43350001	0.821354	1.12509	2
9	43400001	1.08636	1.12509	2
9	43450001	1.15183	1.12509	2
9	43500001	0.76374	1.12509	2
9	43550001	1.27153	1.12509	2
9	43600001	1.18596	1.12509	2
9	43650001	0.740838	1.12509	2
9	43700001	1.14647	1.12509	2
9	43750001	0.915496	1.12509	2
9	43800001	1.28399	1.12509	2
9	43850001	-1	1.12509	2
9	43900001	-1	1.12509	2
9	43950001	0	1.12509	2
9	44000001	0.443927	1.12509	2
9	44050001	1.45031	1.12509	2
9	44100001	0.935248	1.12509	2
9	44150001	0.973599	1.12509	2
9	44200001	0.9822	1.12509	2
9	44250001	0.29868	1.12509	2
9	44300001	1.02462	1.12509	2
9	44350001	1.31688	1.12509	2
9	44400001	0.859344	1.12509	2
9	44450001	1.58999	1.12509	2
9	44500001	0.699108	0.478681	1
9	44550001	0.493066	0.478681	1
9	44600001	-1	0.478681	1
9	44650001	-1	0.478681	1
9	44700001	0.229857	0.478681	1
9	44750001	0.464296	0.478681	1
9	44800001	0.804905	0.478681	1
9	44850001	-1	0.478681	1
9	44900001	0.181975	0.478681	1
9	44950001	0.786606	0.478681	1
9	45000001	0.450124	0.478681	1
9	45050001	0.785511	0.478681	1
9	45100001	0.609845	0.478681	1
9	45150001	-1	0.478681	1
9	45200001	-1	0.478681	1
9	45250001	0	0.478681	1
9	45300001	0	0.478681	1
9	45350001	2.49739	1.70424	3
9	45400001	1.46206	1.70424	3
9	45450001	1.70424	1.70424	3
9	45500001	0.822412	0.864144	2
9	45550001	0.774183	0.864144	2
9	45600001	0.930345	0.864144	2
9	45650001	1.07349	0.864144	2
9	45700001	-1	0.864144	2
9	45750001	0.650875	0.864144	2
9	45800001	0.207292	0.864144	2
9	45850001	0.648064	0.864144	2
9	45900001	0.745187	0.864144	2
9	45950001	1.02385	0.864144	2
9	46000001	0.942263	0.864144	2
9	46050001	1.62038	0.864144	2
9	46100001	-1	0.864144	2
9	46150001	1.13445	0.864144	2
9	46200001	0.536677	0.864144	2
9	46250001	0.394557	0.864144	2
9	46300001	0.658658	0.864144	2
9	46350001	-1	0.864144	2
9	46400001	1.14389	0.864144	2
9	46450001	0.329532	0.864144	2
9	46500001	0	0.864144	2
9	46550001	0.775416	0.864144	2
9	46600001	1.25328	0.864144	2
9	46650001	1.18196	0.864144	2
9	46700001	1.69789	0.864144	2
9	46750001	1.10597	0.864144	2
9	46800001	1.41612	0.864144	2
9	46850001	1.13972	0.864144	2
9	46900001	-1	0.864144	2
9	46950001	0.864144	0.864144	2
9	47000001	0.475755	0.864144	2
9	47050001	0.108527	-1	2
9	47100001	-1	-1	2
9	47150001	-1	-1	2
9	47200001	-1	-1	2
9	47250001	-1	-1	2
9	47300001	-1	-1	2
9	47350001	-1	-1	2
9	47400001	-1	-1	2
9	47450001	-1	-1	2
9	47500001	-1	-1	2
9	47550001	-1	-1	2
9	47600001	-1	-1	2
9	47650001	-1	-1	2
9	47700001	-1	-1	2
9	47750001	-1	-1	2
9	47800001	-1	-1	2
9	47850001	-1	-1	2
9	47900001	-1	-1	2
9	47950001	-1	-1	2
9	48000001	-1	-1	2
9	48050001	-1	-1	2
9	48100001	-1	-1	2
9	48150001	-1	-1	2
9	48200001	-1	-1	2
9	48250001	-1	-1	2
9	48300001	-1	-1	2
9	48350001	-1	-1	2
9	48400001	-1	-1	2
9	48450001	-1	-1	2
9	48500001	-1	-1	2
9	48550001	-1	-1	2
9	48600001	-1	-1	2
9	48650001	-1	-1	2
9	48700001	-1	-1	2
9	48750001	-1	-1	2
9	48800001	-1	-1	2
9	48850001	-1	-1	2
9	48900001	-1	-1	2
9	48950001	-1	-1	2
9	49000001	-1	-1	2
9	49050001	-1	-1	2
9	49100001	-1	-1	2
9	49150001	-1	-1	2
9	49200001	-1	-1	2
9	49250001	-1	-1	2
9	49300001	-1	-1	2
9	49350001	-1	-1	2
9	49400001	-1	-1	2
9	49450001	-1	-1	2
9	49500001	-1	-1	2
9	49550001	-1	-1	2
9	49600001	-1	-1	2
9	49650001	-1	-1	2
9	49700001	-1	-1	2
9	49750001	-1	-1	2
9	49800001	-1	-1	2
9	49850001	-1	-1	2
9	49900001	-1	-1	2
9	49950001	-1	-1	2
9	50000001	-1	-1	2
9	50050001	-1	-1	2
9	50100001	-1	-1	2
9	50150001	-1	-1	2
9	50200001	-1	-1	2
9	50250001	-1	-1	2
9	50300001	-1	-1	2
9	50350001	-1	-1	2
9	50400001	-1	-1	2
9	50450001	-1	-1	2
9	50500001	-1	-1	2
9	50550001	-1	-1	2
9	50600001	-1	-1	2
9	50650001	-1	-1	2
9	50700001	-1	-1	2
9	50750001	-1	-1	2
9	50800001	-1	-1	2
9	50850001	-1	-1	2
9	50900001	-1	-1	2
9	50950001	-1	-1	2
9	51000001	-1	-1	2
9	51050001	-1	-1	2
9	51100001	-1	-1	2
9	51150001	-1	-1	2
9	51200001	-1	-1	2
9	51250001	-1	-1	2
9	51300001	-1	-1	2
9	51350001	-1	-1	2
9	51400001	-1	-1	2
9	51450001	-1	-1	2
9	51500001	-1	-1	2
9	51550001	-1	-1	2
9	51600001	-1	-1	2
9	51650001	-1	-1	2
9	51700001	-1	-1	2
9	51750001	-1	-1	2
9	51800001	-1	-1	2
9	51850001	-1	-1	2
9	51900001	-1	-1	2
9	51950001	-1	-1	2
9	52000001	-1	-1	2
9	52050001	-1	-1	2
9	52100001	-1	-1	2
9	52150001	-1	-1	2
9	52200001	-1	-1	2
9	52250001	-1	-1	2
9	52300001	-1	-1	2
9	52350001	-1	-1	2
9	52400001	-1	-1	2
9	52450001	-1	-1	2
9	52500001	-1	-1	2
9	52550001	-1	-1	2
9	52600001	-1	-1	2
9	52650001	-1	-1	2
9	52700001	-1	-1	2
9	52750001	-1	-1	2
9	52800001	-1	-1	2
9	52850001	-1	-1	2
9	52900001	-1	-1	2
9	52950001	-1	-1	2
9	53000001	-1	-1	2
9	53050001	-1	-1	2
9	53100001	-1	-1	2
9	53150001	-1	-1	2
9	53200001	-1	-1	2
9	53250001	-1	-1	2
9	53300001	-1	-1	2
9	53350001	-1	-1	2
9	53400001	-1	-1	2
9	53450001	-1	-1	2
9	53500001	-1	-1	2
9	53550001	-1	-1	2
9	53600001	-1	-1	2
9	53650001	-1	-1	2
9	53700001	-1	-1	2
9	53750001	-1	-1	2
9	53800001	-1	-1	2
9	53850001	-1	-1	2
9	53900001	-1	-1	2
9	53950001	-1	-1	2
9	54000001	-1	-1	2
9	54050001	-1	-1	2
9	54100001	-1	-1	2
9	54150001	-1	-1	2
9	54200001	-1	-1	2
9	54250001	-1	-1	2
9	54300001	-1	-1	2
9	54350001	-1	-1	2
9	54400001	-1	-1	2
9	54450001	-1	-1	2
9	54500001	-1	-1	2
9	54550001	-1	-1	2
9	54600001	-1	-1	2
9	54650001	-1	-1	2
9	54700001	-1	-1	2
9	54750001	-1	-1	2
9	54800001	-1	-1	2
9	54850001	-1	-1	2
9	54900001	-1	-1	2
9	54950001	-1	-1	2
9	55000001	-1	-1	2
9	55050001	-1	-1	2
9	55100001	-1	-1	2
9	55150001	-1	-1	2
9	55200001	-1	-1	2
9	55250001	-1	-1	2
9	55300001	-1	-1	2
9	55350001	-1	-1	2
9	55400001	-1	-1	2
9	55450001	-1	-1	2
9	55500001	-1	-1	2
9	55550001	-1	-1	2
9	55600001	-1	-1	2
9	55650001	-1	-1	2
9	55700001	-1	-1	2
9	55750001	-1	-1	2
9	55800001	-1	-1	2
9	55850001	-1	-1	2
9	55900001	-1	-1	2
9	55950001	-1	-1	2
9	56000001	-1	-1	2
9	56050001	-1	-1	2
9	56100001	-1	-1	2
9	56150001	-1	-1	2
9	56200001	-1	-1	2
9	56250001	-1	-1	2
9	56300001	-1	-1	2
9	56350001	-1	-1	2
9	56400001	-1	-1	2
9	56450001	-1	-1	2
9	56500001	-1	-1	2
9	56550001	-1	-1	2
9	56600001	-1	-1	2
9	56650001	-1	-1	2
9	56700001	-1	-1	2
9	56750001	-1	-1	2
9	56800001	-1	-1	2
9	56850001	-1	-1	2
9	56900001	-1	-1	2
9	56950001	-1	-1	2
9	57000001	-1	-1	2
9	57050001	-1	-1	2
9	57100001	-1	-1	2
9	57150001	-1	-1	2
9	57200001	-1	-1	2
9	57250001	-1	-1	2
9	57300001	-1	-1	2
9	57350001	-1	-1	2
9	57400001	-1	-1	2
9	57450001	-1	-1	2
9	57500001	-1	-1	2
9	57550001	-1	-1	2
9	57600001	-1	-1	2
9	57650001	-1	-1	2
9	57700001	-1	-1	2
9	57750001	-1	-1	2
9	57800001	-1	-1	2
9	57850001	-1	-1	2
9	57900001	-1	-1	2
9	57950001	-1	-1	2
9	58000001	-1	-1	2
9	58050001	-1	-1	2
9	58100001	-1	-1	2
9	58150001	-1	-1	2
9	58200001	-1	-1	2
9	58250001	-1	-1	2
9	58300001	-1	-1	2
9	58350001	-1	-1	2
9	58400001	-1	-1	2
9	58450001	-1	-1	2
9	58500001	-1	-1	2
9	58550001	-1	-1	2
9	58600001	-1	-1	2
9	58650001	-1	-1	2
9	58700001	-1	-1	2
9	58750001	-1	-1	2
9	58800001	-1	-1	2
9	58850001	-1	-1	2
9	58900001	-1	-1	2
9	58950001	-1	-1	2
9	59000001	-1	-1	2
9	59050001	-1	-1	2
9	59100001	-1	-1	2
9	59150001	-1	-1	2
9	59200001	-1	-1	2
9	59250001	-1	-1	2
9	59300001	-1	-1	2
9	59350001	-1	-1	2
9	59400001	-1	-1	2
9	59450001	-1	-1	2
9	59500001	-1	-1	2
9	59550001	-1	-1	2
9	59600001	-1	-1	2
9	59650001	-1	-1	2
9	59700001	-1	-1	2
9	59750001	-1	-1	2
9	59800001	-1	-1	2
9	59850001	-1	-1	2
9	59900001	-1	-1	2
9	59950001	-1	-1	2
9	60000001	-1	-1	2
9	60050001	-1	-1	2
9	60100001	-1	-1	2
9	60150001	-1	-1	2
9	60200001	-1	-1	2
9	60250001	-1	-1	2
9	60300001	-1	-1	2
9	60350001	-1	-1	2
9	60400001	-1	-1	2
9	60450001	-1	-1	2
9	60500001	-1	-1	2
9	60550001	-1	-1	2
9	60600001	-1	-1	2
9	60650001	-1	-1	2
9	60700001	-1	-1	2
9	60750001	-1	-1	2
9	60800001	-1	-1	2
9	60850001	-1	-1	2
9	60900001	-1	-1	2
9	60950001	-1	-1	2
9	61000001	-1	-1	2
9	61050001	-1	-1	2
9	61100001	-1	-1	2
9	61150001	-1	-1	2
9	61200001	-1	-1	2
9	61250001	-1	-1	2
9	61300001	-1	-1	2
9	61350001	-1	-1	2
9	61400001	-1	-1	2
9	61450001	-1	-1	2
9	61500001	-1	-1	2
9	61550001	-1	-1	2
9	61600001	-1	-1	2
9	61650001	-1	-1	2
9	61700001	-1	-1	2
9	61750001	-1	-1	2
9	61800001	-1	-1	2
9	61850001	-1	-1	2
9	61900001	-1	-1	2
9	61950001	-1	-1	2
9	62000001	-1	-1	2
9	62050001	-1	-1	2
9	62100001	-1	-1	2
9	62150001	-1	-1	2
9	62200001	-1	-1	2
9	62250001	-1	-1	2
9	62300001	-1	-1	2
9	62350001	-1	-1	2
9	62400001	-1	-1	2
9	62450001	-1	-1	2
9	62500001	-1	-1	2
9	62550001	-1	-1	2
9	62600001	-1	-1	2
9	62650001	-1	-1	2
9	62700001	-1	-1	2
9	62750001	-1	-1	2
9	62800001	-1	-1	2
9	62850001	-1	-1	2
9	62900001	-1	-1	2
9	62950001	-1	-1	2
9	63000001	-1	-1	2
9	63050001	-1	-1	2
9	63100001	-1	-1	2
9	63150001	-1	-1	2
9	63200001	-1	-1	2
9	63250001	-1	-1	2
9	63300001	-1	-1	2
9	63350001	-1	-1	2
9	63400001	-1	-1	2
9	63450001	-1	-1	2
9	63500001	-1	-1	2
9	63550001	-1	-1	2
9	63600001	-1	-1	2
9	63650001	-1	-1	2
9	63700001	-1	-1	2
9	63750001	-1	-1	2
9	63800001	-1	-1	2
9	63850001	-1	-1	2
9	63900001	-1	-1	2
9	63950001	-1	-1	2
9	64000001	-1	-1	2
9	64050001	-1	-1	2
9	64100001	-1	-1	2
9	64150001	-1	-1	2
9	64200001	-1	-1	2
9	64250001	-1	-1	2
9	64300001	-1	-1	2
9	64350001	-1	-1	2
9	64400001	-1	-1	2
9	64450001	-1	-1	2
9	64500001	-1	-1	2
9	64550001	-1	-1	2
9	64600001	-1	-1	2
9	64650001	-1	-1	2
9	64700001	-1	-1	2
9	64750001	-1	-1	2
9	64800001	-1	-1	2
9	64850001	-1	-1	2
9	64900001	-1	-1	2
9	64950001	-1	-1	2
9	65000001	-1	-1	2
9	65050001	-1	-1	2
9	65100001	-1	-1	2
9	65150001	-1	-1	2
9	65200001	0	-1	2
9	65250001	0	-1	2
9	65300001	0	-1	2
9	65350001	0	-1	2
9	65400001	0	-1	2
9	65450001	0.426599	0.555128	1
9	65500001	0.86774	0.555128	1
9	65550001	0.653392	0.555128	1
9	65600001	1.08697	0.555128	1
9	65650001	-1	0.555128	1
9	65700001	-1	0.555128	1
9	65750001	0.432273	0.555128	1
9	65800001	0.447156	0.555128	1
9	65850001	0.504567	0.555128	1
9	65900001	-1	0.555128	1
9	65950001	-1	0.555128	1
9	66000001	0.644433	0.555128	1
9	66050001	0.60569	0.555128	1
9	66100001	0.272406	0.555128	1
9	66150001	-1	0.555128	1
9	66200001	0.23473	0.555128	1
9	66250001	1.59207	0.555128	1
9	66300001	1.17625	0.555128	1
9	66350001	-1	0.555128	1
9	66400001	0.0655582	0.555128	1
9	66450001	4.88491	3.95021	8
9	66500001	3.01551	3.95021	8
9	66550001	1.37637	1.28827	3
9	66600001	-1	1.28827	3
9	66650001	1.14123	1.28827	3
9	66700001	1.20016	1.28827	3
9	66750001	1.68785	1.28827	3
9	66800001	8.72211	8.72211	17
9	66850001	-1	-1	3
9	66900001	1.05129	1.05129	2
9	66950001	10.8963	10.8963	22
9	67000001	1.06775	0.0437813	0
9	67050001	-1	0.0437813	0
9	67100001	0.0437813	0.0437813	0
9	67150001	0	0.0437813	0
9	67200001	1.40852	1.87555	4
9	67250001	1.87555	1.87555	4
9	67300001	3.18133	1.87555	4
9	67350001	0.584608	0.681468	1
9	67400001	0	0.681468	1
9	67450001	0	0.681468	1
9	67500001	0.333575	0.681468	1
9	67550001	-1	0.681468	1
9	67600001	-1	0.681468	1
9	67650001	0.597797	0.681468	1
9	67700001	0.974829	0.681468	1
9	67750001	0.681468	0.681468	1
9	67800001	1.26635	0.681468	1
9	67850001	1.5537	0.681468	1
9	67900001	1.27026	0.681468	1
9	67950001	1.14297	0.681468	1
9	68000001	-1	0.681468	1
9	68050001	0	0.681468	1
9	68100001	0.368497	0.681468	1
9	68150001	1.26981	0.681468	1
9	68200001	-1	0.681468	1
9	68250001	-1	0.681468	1
9	68300001	1.05633	0.681468	1
9	68350001	3.0863	4.67628	9
9	68400001	7.07249	4.67628	9
9	68450001	4.67628	4.67628	9
9	68500001	0.901611	0.901611	2
9	68550001	-1	-1	9
9	68600001	-1	-1	9
9	68650001	2.30757	2.82198	6
9	68700001	3.33638	2.82198	6
9	68750001	1.28338	0.604768	1
9	68800001	0.837696	0.604768	1
9	68850001	0	0.604768	1
9	68900001	0	0.604768	1
9	68950001	0.604768	0.604768	1
9	69000001	3.34496	3.25168	7
9	69050001	3.1584	3.25168	7
9	69100001	1.06623	1.06623	2
9	69150001	1.10569	1.06623	2
9	69200001	0.884045	1.06623	2
9	69250001	0.760639	1.06623	2
9	69300001	-1	1.06623	2
9	69350001	0.943253	1.06623	2
9	69400001	0.911636	1.06623	2
9	69450001	1.14138	1.06623	2
9	69500001	-1	1.06623	2
9	69550001	-1	1.06623	2
9	69600001	1.06701	1.06623	2
9	69650001	1.48716	1.06623	2
9	69700001	12.271	7.89852	16
9	69750001	-1	7.89852	16
9	69800001	3.52609	7.89852	16
9	69850001	0.967019	1.09128	2
9	69900001	0.93552	1.09128	2
9	69950001	-1	1.09128	2
9	70000001	-1	1.09128	2
9	70050001	0.809196	1.09128	2
9	70100001	1.35145	1.09128	2
9	70150001	1.6174	1.09128	2
9	70200001	0.263487	1.09128	2
9	70250001	0	1.09128	2
9	70300001	0.348013	1.09128	2
9	70350001	1.20405	1.09128	2
9	70400001	1.26057	1.09128	2
9	70450001	1.19865	1.09128	2
9	70500001	0.164597	1.09128	2
9	70550001	0.924801	1.09128	2
9	70600001	1.22398	1.09128	2
9	70650001	1.36595	1.09128	2
9	70700001	0.793671	1.09128	2
9	70750001	0	1.09128	2
9	70800001	0.595918	1.09128	2
9	70850001	1.05432	1.09128	2
9	70900001	1.23671	1.09128	2
9	70950001	1.08305	1.09128	2
9	71000001	1.25761	1.09128	2
9	71050001	1.21273	1.09128	2
9	71100001	1.26167	1.09128	2
9	71150001	0.755582	1.09128	2
9	71200001	1.07006	1.09128	2
9	71250001	1.30291	1.09128	2
9	71300001	0.714304	1.09128	2
9	71350001	1.03904	1.09128	2
9	71400001	1.48545	1.09128	2
9	71450001	1.29034	1.09128	2
9	71500001	1.09939	1.09128	2
9	71550001	1.19577	1.09128	2
9	71600001	0.779314	1.09128	2
9	71650001	1.37858	1.09128	2
9	71700001	0.806628	1.09128	2
9	71750001	1.25952	1.09128	2
9	71800001	1.29311	1.09128	2
9	71850001	0.991191	1.09128	2
9	71900001	1.11968	1.09128	2
9	71950001	1.10168	1.09128	2
9	72000001	0.721597	1.09128	2
9	72050001	1.21848	1.09128	2
9	72100001	0.936323	1.09128	2
9	72150001	0.936975	1.09128	2
9	72200001	1.30306	1.09128	2
9	72250001	1.19711	1.09128	2
9	72300001	1.32033	1.09128	2
9	72350001	1.19479	1.09128	2
9	72400001	1.35617	1.09128	2
9	72450001	1.22847	1.09128	2
9	72500001	1.11873	1.09128	2
9	72550001	1.10403	1.09128	2
9	72600001	0.95545	1.09128	2
9	72650001	1.17717	1.09128	2
9	72700001	1.00503	1.09128	2
9	72750001	1.01582	1.09128	2
9	72800001	1.28373	1.09128	2
9	72850001	1.34889	1.09128	2
9	72900001	1.20645	1.09128	2
9	72950001	1.30208	1.09128	2
9	73000001	0.892515	1.09128	2
9	73050001	0.580747	1.09128	2
9	73100001	1.29702	1.09128	2
9	73150001	1.04953	1.09128	2
9	73200001	1.02205	1.09128	2
9	73250001	1.17471	1.09128	2
9	73300001	0.753665	1.09128	2
9	73350001	0.855692	1.09128	2
9	73400001	1.18543	1.09128	2
9	73450001	1.22528	1.09128	2
9	73500001	1.15748	1.09128	2
9	73550001	1.04065	1.09128	2
9	73600001	1.16811	1.09128	2
9	73650001	1.0752	1.09128	2
9	73700001	1.20437	1.09128	2
9	73750001	1.17512	1.09128	2
9	73800001	1.15913	1.09128	2
9	73850001	0.933371	1.09128	2
9	73900001	1.13082	1.09128	2
9	73950001	1.09803	1.09128	2
9	74000001	1.3876	1.09128	2
9	74050001	0.927923	1.09128	2
9	74100001	1.1777	1.09128	2
9	74150001	1.16089	1.09128	2
9	74200001	1.07358	1.09128	2
9	74250001	1.43704	1.09128	2
9	74300001	0.915852	1.09128	2
9	74350001	1.08786	1.09128	2
9	74400001	1.08294	1.09128	2
9	74450001	0.844007	1.09128	2
9	74500001	1.41816	1.09128	2
9	74550001	1.30153	1.09128	2
9	74600001	0.904374	1.09128	2
9	74650001	0.935884	1.09128	2
9	74700001	1.00032	1.09128	2
9	74750001	0.838685	1.09128	2
9	74800001	0.848806	1.09128	2
9	74850001	1.29489	1.09128	2
9	74900001	1.41636	1.09128	2
9	74950001	0.631779	1.09128	2
9	75000001	1.22534	1.09128	2
9	75050001	1.21155	1.09128	2
9	75100001	1.32243	1.09128	2
9	75150001	1.02705	1.09128	2
9	75200001	1.03421	1.09128	2
9	75250001	1.24186	1.09128	2
9	75300001	1.20581	1.09128	2
9	75350001	1.3383	1.09128	2
9	75400001	1.20599	1.09128	2
9	75450001	1.08535	1.09128	2
9	75500001	1.20315	1.09128	2
9	75550001	1.49557	1.09128	2
9	75600001	1.08702	1.09128	2
9	75650001	1.23596	1.09128	2
9	75700001	1.27264	1.09128	2
9	75750001	1.33021	1.09128	2
9	75800001	1.33031	1.09128	2
9	75850001	1.50409	1.09128	2
9	75900001	1.09981	1.09128	2
9	75950001	1.11573	1.09128	2
9	76000001	1.15159	1.09128	2
9	76050001	1.15202	1.09128	2
9	76100001	1.28919	1.09128	2
9	76150001	1.21442	1.09128	2
9	76200001	1.27399	1.09128	2
9	76250001	1.24933	1.09128	2
9	76300001	1.26751	1.09128	2
9	76350001	1.17034	1.09128	2
9	76400001	1.62011	1.09128	2
9	76450001	1.09985	1.09128	2
9	76500001	1.1852	1.09128	2
9	76550001	0.876769	1.09128	2
9	76600001	1.07689	1.09128	2
9	76650001	1.01419	1.09128	2
9	76700001	1.03589	1.09128	2
9	76750001	1.47173	1.09128	2
9	76800001	1.01902	1.09128	2
9	76850001	1.04333	1.09128	2
9	76900001	1.4301	1.09128	2
9	76950001	0.682117	1.09128	2
9	77000001	1.18175	1.09128	2
9	77050001	1.09427	1.09128	2
9	77100001	1.3155	1.09128	2
9	77150001	1.35993	1.09128	2
9	77200001	1.10744	1.09128	2
9	77250001	0.959794	1.09128	2
9	77300001	1.16755	1.09128	2
9	77350001	1.29895	1.09128	2
9	77400001	0.939707	1.09128	2
9	77450001	0.605758	1.09128	2
9	77500001	0.954602	1.09128	2
9	77550001	1.18433	1.09128	2
9	77600001	1.27693	1.09128	2
9	77650001	1.143	1.09128	2
9	77700001	1.3521	1.09128	2
9	77750001	0.887177	1.09128	2
9	77800001	0.933006	1.09128	2
9	77850001	0.98823	1.09128	2
9	77900001	1.28676	1.09128	2
9	77950001	1.44153	1.09128	2
9	78000001	0.904753	1.09128	2
9	78050001	1.13962	1.09128	2
9	78100001	1.073	1.09128	2
9	78150001	1.09702	1.09128	2
9	78200001	1.2706	1.09128	2
9	78250001	1.00578	1.09128	2
9	78300001	0.954971	1.09128	2
9	78350001	1.21442	1.09128	2
9	78400001	1.28982	1.09128	2
9	78450001	1.24798	1.09128	2
9	78500001	0.694435	1.09128	2
9	78550001	1.15489	1.09128	2
9	78600001	1.01183	1.09128	2
9	78650001	1.16074	1.09128	2
9	78700001	1.11582	1.09128	2
9	78750001	1.38775	1.09128	2
9	78800001	1.20891	1.09128	2
9	78850001	1.01295	1.09128	2
9	78900001	0.958215	1.09128	2
9	78950001	1.09348	1.09128	2
9	79000001	0.948787	1.09128	2
9	79050001	0.844793	1.09128	2
9	79100001	0.899577	1.09128	2
9	79150001	1.05115	1.09128	2
9	79200001	1.2116	1.09128	2
9	79250001	0.961218	1.09128	2
9	79300001	0.904728	1.09128	2
9	79350001	1.20838	1.09128	2
9	79400001	1.2652	1.09128	2
9	79450001	1.07586	1.09128	2
9	79500001	1.02991	1.09128	2
9	79550001	1.24311	1.09128	2
9	79600001	0.940728	1.09128	2
9	79650001	0.785172	1.09128	2
9	79700001	1.41567	1.09128	2
9	79750001	1.25241	1.09128	2
9	79800001	1.2238	1.09128	2
9	79850001	1.2351	1.09128	2
9	79900001	1.18401	1.09128	2
9	79950001	1.01433	1.09128	2
9	80000001	1.14386	1.09128	2
9	80050001	0.906103	1.09128	2
9	80100001	1.01557	1.09128	2
9	80150001	1.71513	1.09128	2
9	80200001	1.05555	1.09128	2
9	80250001	0.812644	1.09128	2
9	80300001	1.12149	1.09128	2
9	80350001	0.91293	1.09128	2
9	80400001	0.859495	1.09128	2
9	80450001	1.25342	1.09128	2
9	80500001	0.879396	1.09128	2
9	80550001	1.49331	1.09128	2
9	80600001	1.07648	1.09128	2
9	80650001	1.12775	1.09128	2
9	80700001	1.03505	1.09128	2
9	80750001	1.20052	1.09128	2
9	80800001	1.07609	1.09128	2
9	80850001	1.42108	1.09128	2
9	80900001	0.764276	1.09128	2
9	80950001	1.165	1.09128	2
9	81000001	1.11106	1.09128	2
9	81050001	0.896496	1.09128	2
9	81100001	1.02602	1.09128	2
9	81150001	0.903689	1.09128	2
9	81200001	1.28636	1.09128	2
9	81250001	1.16709	1.09128	2
9	81300001	1.08128	1.09128	2
9	81350001	1.05602	1.09128	2
9	81400001	1.05474	1.09128	2
9	81450001	0.992798	1.09128	2
9	81500001	0.932805	1.09128	2
9	81550001	1.16869	1.09128	2
9	81600001	1.42438	1.09128	2
9	81650001	1.22953	1.09128	2
9	81700001	0.853764	1.09128	2
9	81750001	0.988814	1.09128	2
9	81800001	0.817514	1.09128	2
9	81850001	1.14474	1.09128	2
9	81900001	0.983089	1.09128	2
9	81950001	1.1027	1.09128	2
9	82000001	1.10792	1.09128	2
9	82050001	1.13858	1.09128	2
9	82100001	0.993699	1.09128	2
9	82150001	1.0881	1.09128	2
9	82200001	1.27078	1.09128	2
9	82250001	1.26316	1.09128	2
9	82300001	0.979025	1.09128	2
9	82350001	1.13565	1.09128	2
9	82400001	1.27926	1.09128	2
9	82450001	1.01342	1.09128	2
9	82500001	1.13892	1.09128	2
9	82550001	1.10003	1.09128	2
9	82600001	1.20271	1.09128	2
9	82650001	1.14564	1.09128	2
9	82700001	1.00545	1.09128	2
9	82750001	1.25083	1.09128	2
9	82800001	1.13541	1.09128	2
9	82850001	1.17087	1.09128	2
9	82900001	1.11234	1.09128	2
9	82950001	1.38301	1.09128	2
9	83000001	1.26272	1.09128	2
9	83050001	1.01612	1.09128	2
9	83100001	1.4154	1.09128	2
9	83150001	1.20215	1.09128	2
9	83200001	1.10785	1.09128	2
9	83250001	1.14436	1.09128	2
9	83300001	0.889712	1.09128	2
9	83350001	1.17482	1.09128	2
9	83400001	0.872136	1.09128	2
9	83450001	0.919492	1.09128	2
9	83500001	1.09286	1.09128	2
9	83550001	1.2862	1.09128	2
9	83600001	1.27742	1.09128	2
9	83650001	1.02723	1.09128	2
9	83700001	1.10877	1.09128	2
9	83750001	0.835206	1.09128	2
9	83800001	1.29833	1.09128	2
9	83850001	0.92732	1.09128	2
9	83900001	0.882527	1.09128	2
9	83950001	1.07142	1.09128	2
9	84000001	1.16265	1.09128	2
9	84050001	0.957073	1.09128	2
9	84100001	1.11921	1.09128	2
9	84150001	1.05667	1.09128	2
9	84200001	1.14452	1.09128	2
9	84250001	1.01863	1.09128	2
9	84300001	0.900165	1.09128	2
9	84350001	0.975587	1.09128	2
9	84400001	0.827978	1.09128	2
9	84450001	1.01155	1.09128	2
9	84500001	1.05378	1.09128	2
9	84550001	0.953558	1.09128	2
9	84600001	1.09395	1.09128	2
9	84650001	1.11816	1.09128	2
9	84700001	1.00746	1.09128	2
9	84750001	1.17989	1.09128	2
9	84800001	0.982166	1.09128	2
9	84850001	0.936505	1.09128	2
9	84900001	0.875557	1.09128	2
9	84950001	0.835345	1.09128	2
9	85000001	1.12794	1.09128	2
9	85050001	0.889185	1.09128	2
9	85100001	1.11616	1.09128	2
9	85150001	0.891634	1.09128	2
9	85200001	1.12554	1.09128	2
9	85250001	1.08885	1.09128	2
9	85300001	1.0487	1.09128	2
9	85350001	0.844211	1.09128	2
9	85400001	1.17028	1.09128	2
9	85450001	0.898923	1.09128	2
9	85500001	0.992848	1.09128	2
9	85550001	0.981851	1.09128	2
9	85600001	0.855978	1.09128	2
9	85650001	1.37503	1.09128	2
9	85700001	1.27841	1.09128	2
9	85750001	0.990094	1.09128	2
9	85800001	1.189	1.09128	2
9	85850001	1.07949	1.09128	2
9	85900001	1.68856	1.09128	2
9	85950001	1.12177	1.09128	2
9	86000001	0.769245	1.09128	2
9	86050001	1.07857	1.09128	2
9	86100001	1.09407	1.09128	2
9	86150001	0.88228	1.09128	2
9	86200001	0.901116	1.09128	2
9	86250001	1.09403	1.09128	2
9	86300001	1.14925	1.09128	2
9	86350001	1.2573	1.09128	2
9	86400001	1.18199	1.09128	2
9	86450001	0.967763	1.09128	2
9	86500001	1.19333	1.09128	2
9	86550001	1.07099	1.09128	2
9	86600001	0.86021	1.09128	2
9	86650001	0.930253	1.09128	2
9	86700001	0.914206	1.09128	2
9	86750001	1.26875	1.09128	2
9	86800001	0.989804	1.09128	2
9	86850001	1.14733	1.09128	2
9	86900001	1.54764	1.09128	2
9	86950001	1.02749	1.09128	2
9	87000001	0.888487	1.09128	2
9	87050001	1.10256	1.09128	2
9	87100001	1.3593	1.09128	2
9	87150001	1.62255	1.09128	2
9	87200001	1.12113	1.09128	2
9	87250001	1.03925	1.09128	2
9	87300001	1.42697	1.09128	2
9	87350001	0.863733	1.09128	2
9	87400001	0.949434	1.09128	2
9	87450001	0.995504	1.09128	2
9	87500001	1.02967	1.09128	2
9	87550001	1.29258	1.09128	2
9	87600001	1.39475	1.09128	2
9	87650001	1.27787	1.09128	2
9	87700001	0.841806	1.09128	2
9	87750001	1.11613	1.09128	2
9	87800001	1.672	1.09128	2
9	87850001	0.958723	1.09128	2
9	87900001	1.1689	1.09128	2
9	87950001	1.31214	1.09128	2
9	88000001	1.30037	1.09128	2
9	88050001	1.08204	1.09128	2
9	88100001	1.03048	1.09128	2
9	88150001	1.12144	1.09128	2
9	88200001	0.918111	1.09128	2
9	88250001	1.0833	1.09128	2
9	88300001	1.39507	1.09128	2
9	88350001	0.643474	1.09128	2
9	88400001	1.1358	1.09128	2
9	88450001	0.853625	1.09128	2
9	88500001	1.36589	1.09128	2
9	88550001	0.890108	1.09128	2
9	88600001	1.05562	1.09128	2
9	88650001	0.886336	1.09128	2
9	88700001	0.760578	1.09128	2
9	88750001	0.973325	1.09128	2
9	88800001	1.00181	1.09128	2
9	88850001	0.961708	1.09128	2
9	88900001	1.52027	1.09128	2
9	88950001	1.3872	1.09128	2
9	89000001	1.2936	1.09128	2
9	89050001	0.979439	1.09128	2
9	89100001	0.710558	1.09128	2
9	89150001	1.19695	1.09128	2
9	89200001	0.881875	1.09128	2
9	89250001	1.09376	1.09128	2
9	89300001	1.12067	1.09128	2
9	89350001	1.05386	1.09128	2
9	89400001	1.13439	1.09128	2
9	89450001	1.21561	1.09128	2
9	89500001	0.95771	1.09128	2
9	89550001	0.979405	1.09128	2
9	89600001	1.12171	1.09128	2
9	89650001	0.988872	1.09128	2
9	89700001	1.03578	1.09128	2
9	89750001	0.920229	1.09128	2
9	89800001	0.988099	1.09128	2
9	89850001	0.786911	1.09128	2
9	89900001	1.01968	1.09128	2
9	89950001	1.08203	1.09128	2
9	90000001	1.21648	1.09128	2
9	90050001	1.38376	1.09128	2
9	90100001	0.998784	1.09128	2
9	90150001	1.40993	1.09128	2
9	90200001	1.02827	1.09128	2
9	90250001	0.820927	1.09128	2
9	90300001	1.16316	1.09128	2
9	90350001	1.09003	1.09128	2
9	90400001	1.11083	1.09128	2
9	90450001	1.04726	1.09128	2
9	90500001	0.920789	1.09128	2
9	90550001	1.00106	1.09128	2
9	90600001	0.940493	1.09128	2
9	90650001	1.15832	1.09128	2
9	90700001	0.914786	1.09128	2
9	90750001	1.03002	1.09128	2
9	90800001	1.06367	1.09128	2
9	90850001	0.82431	1.09128	2
9	90900001	0.97648	1.09128	2
9	90950001	0.691232	1.09128	2
9	91000001	0.983552	1.09128	2
9	91050001	0.991563	1.09128	2
9	91100001	1.25278	1.09128	2
9	91150001	0.996157	1.09128	2
9	91200001	1.08887	1.09128	2
9	91250001	1.30106	1.09128	2
9	91300001	1.07228	1.09128	2
9	91350001	1.33125	1.09128	2
9	91400001	1.27121	1.09128	2
9	91450001	1.09252	1.09128	2
9	91500001	-1	1.09128	2
9	91550001	-1	1.09128	2
9	91600001	0.794059	1.09128	2
9	91650001	-1	1.09128	2
9	91700001	-1	1.09128	2
9	91750001	1.02497	1.09128	2
9	91800001	1.20775	1.09128	2
9	91850001	1.03569	1.09128	2
9	91900001	0.921742	1.09128	2
9	91950001	0.811011	1.09128	2
9	92000001	0.480048	1.09128	2
9	92050001	0.748627	1.09128	2
9	92100001	0.878748	1.09128	2
9	92150001	0.759185	1.09128	2
9	92200001	0.85687	1.09128	2
9	92250001	0.696667	1.09128	2
9	92300001	0.937313	1.09128	2
9	92350001	0	0.058024	0
9	92400001	0.058024	0.058024	0
9	92450001	0.906174	0.058024	0
9	92500001	0.500581	0.058024	0
9	92550001	0	0.058024	0
9	92600001	0	0.058024	0
9	92650001	0.402247	0.058024	0
9	92700001	0.759057	1.06961	2
9	92750001	0.861913	1.06961	2
9	92800001	0.881229	1.06961	2
9	92850001	1.01514	1.06961	2
9	92900001	0.9786	1.06961	2
9	92950001	1.03352	1.06961	2
9	93000001	1.24617	1.06961	2
9	93050001	0.901554	1.06961	2
9	93100001	0.953713	1.06961	2
9	93150001	1.01596	1.06961	2
9	93200001	0.815393	1.06961	2
9	93250001	1.29868	1.06961	2
9	93300001	1.26581	1.06961	2
9	93350001	1.16987	1.06961	2
9	93400001	1.08917	1.06961	2
9	93450001	1.30719	1.06961	2
9	93500001	0.997076	1.06961	2
9	93550001	1.17828	1.06961	2
9	93600001	1.14541	1.06961	2
9	93650001	1.31598	1.06961	2
9	93700001	1.18153	1.06961	2
9	93750001	1.20944	1.06961	2
9	93800001	1.00004	1.06961	2
9	93850001	1.00975	1.06961	2
9	93900001	0.865015	1.06961	2
9	93950001	1.09817	1.06961	2
9	94000001	1.58922	1.06961	2
9	94050001	1.2203	1.06961	2
9	94100001	0.809409	1.06961	2
9	94150001	1.45697	1.06961	2
9	94200001	1.35643	1.06961	2
9	94250001	1.36803	1.06961	2
9	94300001	1.0522	1.06961	2
9	94350001	0.836982	1.06961	2
9	94400001	0.98611	1.06961	2
9	94450001	0.880956	1.06961	2
9	94500001	0.916643	1.06961	2
9	94550001	0.901758	1.06961	2
9	94600001	1.23422	1.06961	2
9	94650001	0.767127	1.06961	2
9	94700001	1.07314	1.06961	2
9	94750001	0.942373	1.06961	2
9	94800001	0.793652	1.06961	2
9	94850001	1.28888	1.06961	2
9	94900001	1.32866	1.06961	2
9	94950001	1.03745	1.06961	2
9	95000001	0.995005	1.06961	2
9	95050001	1.10794	1.06961	2
9	95100001	1.07636	1.06961	2
9	95150001	1.37681	1.06961	2
9	95200001	1.02227	1.06961	2
9	95250001	1.12337	1.06961	2
9	95300001	1.10233	1.06961	2
9	95350001	0.763037	1.06961	2
9	95400001	0.879654	1.06961	2
9	95450001	0.772459	1.06961	2
9	95500001	0.785351	1.06961	2
9	95550001	0.790744	1.06961	2
9	95600001	1.42162	1.06961	2
9	95650001	1.30669	1.06961	2
9	95700001	0.737956	1.06961	2
9	95750001	0.911994	1.06961	2
9	95800001	0.853836	1.06961	2
9	95850001	0.595173	1.06961	2
9	95900001	0.729242	1.06961	2
9	95950001	0.546544	1.06961	2
9	96000001	0.767997	1.06961	2
9	96050001	0.734623	1.06961	2
9	96100001	1.36194	1.06961	2
9	96150001	0.777351	1.06961	2
9	96200001	1.08931	1.06961	2
9	96250001	0.969128	1.06961	2
9	96300001	0.817238	1.06961	2
9	96350001	0.536542	1.06961	2
9	96400001	0.428848	1.06961	2
9	96450001	0.891518	1.06961	2
9	96500001	1.07373	1.06961	2
9	96550001	1.02539	1.06961	2
9	96600001	0.846085	1.06961	2
9	96650001	0.736932	1.06961	2
9	96700001	0.799411	1.06961	2
9	96750001	0.957951	1.06961	2
9	96800001	1.01096	1.06961	2
9	96850001	0.927831	1.06961	2
9	96900001	1.24407	1.06961	2
9	96950001	1.14811	1.06961	2
9	97000001	1.23133	1.06961	2
9	97050001	0.732971	1.06961	2
9	97100001	1.11411	1.06961	2
9	97150001	1.01616	1.06961	2
9	97200001	1.03488	1.06961	2
9	97250001	1.19337	1.06961	2
9	97300001	1.2609	1.06961	2
9	97350001	0.90342	1.06961	2
9	97400001	0.74915	1.06961	2
9	97450001	0.728753	1.06961	2
9	97500001	1.11157	1.06961	2
9	97550001	1.21349	1.06961	2
9	97600001	0.998904	1.06961	2
9	97650001	1.35103	1.06961	2
9	97700001	1.01909	1.06961	2
9	97750001	1.2055	1.06961	2
9	97800001	1.12737	1.06961	2
9	97850001	0.874752	1.06961	2
9	97900001	0.844633	1.06961	2
9	97950001	0.966267	1.06961	2
9	98000001	1.06232	1.06961	2
9	98050001	0.884063	1.06961	2
9	98100001	0.862128	1.06961	2
9	98150001	1.16962	1.06961	2
9	98200001	0.83321	1.06961	2
9	98250001	0.884055	1.06961	2
9	98300001	0.72944	1.06961	2
9	98350001	0.716363	1.06961	2
9	98400001	1.11171	1.06961	2
9	98450001	1.15879	1.06961	2
9	98500001	1.04393	1.06961	2
9	98550001	0.931762	1.06961	2
9	98600001	1.08751	1.06961	2
9	98650001	1.14988	1.06961	2
9	98700001	1.15515	1.06961	2
9	98750001	0.7752	1.06961	2
9	98800001	1.01569	1.06961	2
9	98850001	1.17151	1.06961	2
9	98900001	0.855402	1.06961	2
9	98950001	0.749527	1.06961	2
9	99000001	0.945437	1.06961	2
9	99050001	1.24241	1.06961	2
9	99100001	0.871791	1.06961	2
9	99150001	1.0601	1.06961	2
9	99200001	1.07205	1.06961	2
9	99250001	0.745194	1.06961	2
9	99300001	0.954588	1.06961	2
9	99350001	1.08091	1.06961	2
9	99400001	1.0435	1.06961	2
9	99450001	0.947353	1.06961	2
9	99500001	1.28401	1.06961	2
9	99550001	1.56221	1.06961	2
9	99600001	0.7763	1.06961	2
9	99650001	0.71304	1.06961	2
9	99700001	0.930499	1.06961	2
9	99750001	1.16854	1.06961	2
9	99800001	0.881701	1.06961	2
9	99850001	0.99829	1.06961	2
9	99900001	1.15355	1.06961	2
9	99950001	0.726819	1.06961	2
9	100000001	1.01694	1.06961	2
9	100050001	1.0587	1.06961	2
9	100100001	0.83314	1.06961	2
9	100150001	1.11937	1.06961	2
9	100200001	1.51658	1.06961	2
9	100250001	1.00671	1.06961	2
9	100300001	1.04392	1.06961	2
9	100350001	1.01185	1.06961	2
9	100400001	1.54332	1.06961	2
9	100450001	1.33194	1.06961	2
9	100500001	1.40903	1.06961	2
9	100550001	1.52249	1.06961	2
9	100600001	0.864174	1.06961	2
9	100650001	1.2573	1.06961	2
9	100700001	0.932203	1.06961	2
9	100750001	1.02453	1.06961	2
9	100800001	1.06119	1.06961	2
9	100850001	0.709645	1.06961	2
9	100900001	0.988129	1.06961	2
9	100950001	0.671943	1.06961	2
9	101000001	0.703922	1.06961	2
9	101050001	1.11471	1.06961	2
9	101100001	0.847706	1.06961	2
9	101150001	0.866389	1.06961	2
9	101200001	1.17552	1.06961	2
9	101250001	0.717127	1.06961	2
9	101300001	0.994326	1.06961	2
9	101350001	1.12902	1.06961	2
9	101400001	0.822481	1.06961	2
9	101450001	0.864876	1.06961	2
9	101500001	0.993065	1.06961	2
9	101550001	0.814961	1.06961	2
9	101600001	1.30533	1.06961	2
9	101650001	0.973395	1.06961	2
9	101700001	1.07909	1.06961	2
9	101750001	1.24967	1.06961	2
9	101800001	1.21637	1.06961	2
9	101850001	1.07102	1.06961	2
9	101900001	1.27181	1.06961	2
9	101950001	1.21363	1.06961	2
9	102000001	0.98138	1.06961	2
9	102050001	0.977245	1.06961	2
9	102100001	1.04367	1.06961	2
9	102150001	0.85298	1.06961	2
9	102200001	0.989117	1.06961	2
9	102250001	0.905931	1.06961	2
9	102300001	1.08975	1.06961	2
9	102350001	1.21409	1.06961	2
9	102400001	1.01621	1.06961	2
9	102450001	1.30943	1.06961	2
9	102500001	0.9962	1.06961	2
9	102550001	1.07799	1.06961	2
9	102600001	1.10541	1.06961	2
9	102650001	1.5113	1.06961	2
9	102700001	0.940019	1.06961	2
9	102750001	1.24253	1.06961	2
9	102800001	1.33504	1.06961	2
9	102850001	1.33896	1.06961	2
9	102900001	0.959794	1.06961	2
9	102950001	1.33674	1.06961	2
9	103000001	1.01419	1.06961	2
9	103050001	1.35212	1.06961	2
9	103100001	0.994387	1.06961	2
9	103150001	0.832764	1.06961	2
9	103200001	1.08922	1.06961	2
9	103250001	1.12052	1.06961	2
9	103300001	1.04894	1.06961	2
9	103350001	1.28945	1.06961	2
9	103400001	1.10605	1.06961	2
9	103450001	1.1183	1.06961	2
9	103500001	1.28455	1.06961	2
9	103550001	1.12901	1.06961	2
9	103600001	1.01489	1.06961	2
9	103650001	1.31547	1.06961	2
9	103700001	1.03137	1.06961	2
9	103750001	1.37227	1.06961	2
9	103800001	1.35727	1.06961	2
9	103850001	1.03551	1.06961	2
9	103900001	1.08861	1.06961	2
9	103950001	1.05735	1.06961	2
9	104000001	1.23208	1.06961	2
9	104050001	1.26024	1.06961	2
9	104100001	1.37726	1.06961	2
9	104150001	1.25613	1.06961	2
9	104200001	1.1366	1.06961	2
9	104250001	1.19633	1.06961	2
9	104300001	0.975161	1.06961	2
9	104350001	0.98827	1.06961	2
9	104400001	1.25529	1.06961	2
9	104450001	1.09615	1.06961	2
9	104500001	1.3079	1.06961	2
9	104550001	0.902885	1.06961	2
9	104600001	1.17659	1.06961	2
9	104650001	1.08368	1.06961	2
9	104700001	1.22638	1.06961	2
9	104750001	1.18748	1.06961	2
9	104800001	1.51948	1.06961	2
9	104850001	1.14605	1.06961	2
9	104900001	1.05909	1.06961	2
9	104950001	1.07621	1.06961	2
9	105000001	1.06578	1.06961	2
9	105050001	1.02373	1.06961	2
9	105100001	1.09474	1.06961	2
9	105150001	1.14625	1.06961	2
9	105200001	1.30956	1.06961	2
9	105250001	1.12222	1.06961	2
9	105300001	1.40114	1.06961	2
9	105350001	1.2935	1.06961	2
9	105400001	1.19606	1.06961	2
9	105450001	1.36775	1.06961	2
9	105500001	1.10997	1.06961	2
9	105550001	1.3476	1.06961	2
9	105600001	0.938912	1.06961	2
9	105650001	1.46155	1.06961	2
9	105700001	1.21863	1.06961	2
9	105750001	1.09522	1.06961	2
9	105800001	1.36453	1.06961	2
9	105850001	1.02735	1.06961	2
9	105900001	1.06961	1.06961	2
9	105950001	1.1596	1.06961	2
9	106000001	0.917251	1.06961	2
9	106050001	1.41113	1.06961	2
9	106100001	1.04926	1.06961	2
9	106150001	1.0652	1.06961	2
9	106200001	1.05102	1.06961	2
9	106250001	1.21682	1.06961	2
9	106300001	1.13255	1.06961	2
9	106350001	0.817056	1.06961	2
9	106400001	1.11854	1.06961	2
9	106450001	1.05525	1.06961	2
9	106500001	1.47967	1.06961	2
9	106550001	0.990332	1.06961	2
9	106600001	0.862172	1.06961	2
9	106650001	1.24513	1.06961	2
9	106700001	0.978429	1.06961	2
9	106750001	1.22633	1.06961	2
9	106800001	0.923608	1.06961	2
9	106850001	1.02497	1.06961	2
9	106900001	1.11118	1.06961	2
9	106950001	1.11288	1.06961	2
9	107000001	1.23309	1.06961	2
9	107050001	0.881165	1.06961	2
9	107100001	1.23821	1.06961	2
9	107150001	1.24066	1.06961	2
9	107200001	1.0622	1.06961	2
9	107250001	1.04977	1.06961	2
9	107300001	1.35894	1.06961	2
9	107350001	0.966339	1.06961	2
9	107400001	1.11833	1.06961	2
9	107450001	1.28933	1.06961	2
9	107500001	1.44718	1.06961	2
9	107550001	0.780774	1.06961	2
9	107600001	0.83885	1.06961	2
9	107650001	1.10318	1.06961	2
9	107700001	1.2753	1.06961	2
9	107750001	1.13213	1.06961	2
9	107800001	1.15634	1.06961	2
9	107850001	1.03083	1.06961	2
9	107900001	1.11926	1.06961	2
9	107950001	0.954717	1.06961	2
9	108000001	1.17342	1.06961	2
9	108050001	1.03967	1.06961	2
9	108100001	1.17828	1.06961	2
9	108150001	0.997774	1.06961	2
9	108200001	1.24257	1.06961	2
9	108250001	0.960795	1.06961	2
9	108300001	1.22049	1.06961	2
9	108350001	1.26717	1.06961	2
9	108400001	1.00482	1.06961	2
9	108450001	1.08275	1.06961	2
9	108500001	1.03302	1.06961	2
9	108550001	1.19029	1.06961	2
9	108600001	1.45208	1.06961	2
9	108650001	0.966593	1.06961	2
9	108700001	1.28346	1.06961	2
9	108750001	1.11444	1.06961	2
9	108800001	0.986048	1.06961	2
9	108850001	1.10063	1.06961	2
9	108900001	1.47484	1.06961	2
9	108950001	1.0773	1.06961	2
9	109000001	1.10497	1.06961	2
9	109050001	1.17018	1.06961	2
9	109100001	0.800498	1.06961	2
9	109150001	0.999051	1.06961	2
9	109200001	1.01908	1.06961	2
9	109250001	1.30575	1.06961	2
9	109300001	0.969565	1.06961	2
9	109350001	1.29487	1.06961	2
9	109400001	1.12181	1.06961	2
9	109450001	0.823728	1.06961	2
9	109500001	1.26584	1.06961	2
9	109550001	0.909795	1.06961	2
9	109600001	0.922126	1.06961	2
9	109650001	0.941036	1.06961	2
9	109700001	0.983646	1.06961	2
9	109750001	1.23921	1.06961	2
9	109800001	0.982066	1.06961	2
9	109850001	1.13216	1.06961	2
9	109900001	1.2288	1.06961	2
9	109950001	1.03494	1.06961	2
9	110000001	1.11033	1.06961	2
9	110050001	1.07621	1.06961	2
9	110100001	1.07153	1.06961	2
9	110150001	1.10262	1.06961	2
9	110200001	0.857839	1.06961	2
9	110250001	0.904331	1.06961	2
9	110300001	0.806352	1.06961	2
9	110350001	0.978369	1.06961	2
9	110400001	1.17605	1.06961	2
9	110450001	1.05528	1.06961	2
9	110500001	0.675445	1.06961	2
9	110550001	0.900489	1.06961	2
9	110600001	1.0627	1.06961	2
9	110650001	1.13053	1.06961	2
9	110700001	1.03383	1.06961	2
9	110750001	1.05596	1.06961	2
9	110800001	0.934993	1.06961	2
9	110850001	1.08506	1.06961	2
9	110900001	1.01483	1.06961	2
9	110950001	1.29329	1.06961	2
9	111000001	1.30343	1.06961	2
9	111050001	1.22933	1.06961	2
9	111100001	0.793936	1.06961	2
9	111150001	1.34248	1.06961	2
9	111200001	1.21725	1.06961	2
9	111250001	1.10539	1.06961	2
9	111300001	1.30256	1.06961	2
9	111350001	1.31314	1.06961	2
9	111400001	1.25922	1.06961	2
9	111450001	1.27028	1.06961	2
9	111500001	0.836499	1.06961	2
9	111550001	1.04808	1.06961	2
9	111600001	1.03514	1.06961	2
9	111650001	1.33578	1.06961	2
9	111700001	1.19978	1.06961	2
9	111750001	1.27386	1.06961	2
9	111800001	1.12227	1.06961	2
9	111850001	1.16918	1.06961	2
9	111900001	1.13019	1.06961	2
9	111950001	1.07273	1.06961	2
9	112000001	0.843803	1.06961	2
9	112050001	0.939523	1.06961	2
9	112100001	1.04837	1.06961	2
9	112150001	1.0011	1.06961	2
9	112200001	1.27954	1.06961	2
9	112250001	0.978818	1.06961	2
9	112300001	1.51476	1.06961	2
9	112350001	1.11351	1.06961	2
9	112400001	1.38201	1.06961	2
9	112450001	1.34235	1.06961	2
9	112500001	1.22599	1.06961	2
9	112550001	0.995198	1.06961	2
9	112600001	0.945314	1.06961	2
9	112650001	1.40805	1.06961	2
9	112700001	1.18991	1.06961	2
9	112750001	1.1077	1.06961	2
9	112800001	1.11869	1.06961	2
9	112850001	0.847996	1.06961	2
9	112900001	0.901666	1.06961	2
9	112950001	1.12604	1.06961	2
9	113000001	1.02519	1.06961	2
9	113050001	1.06966	1.06961	2
9	113100001	1.08342	1.06961	2
9	113150001	1.21472	1.06961	2
9	113200001	0.973904	1.06961	2
9	113250001	1.11577	1.06961	2
9	113300001	0.85271	1.06961	2
9	113350001	1.17178	1.06961	2
9	113400001	0.968913	1.06961	2
9	113450001	1.34891	1.06961	2
9	113500001	1.21905	1.06961	2
9	113550001	1.06295	1.06961	2
9	113600001	1.13745	1.06961	2
9	113650001	1.46429	1.06961	2
9	113700001	1.38107	1.06961	2
9	113750001	1.34238	1.06961	2
9	113800001	0.883355	1.06961	2
9	113850001	0.902167	1.06961	2
9	113900001	0.914634	1.06961	2
9	113950001	1.29298	1.06961	2
9	114000001	1.18268	1.06961	2
9	114050001	1.24319	1.06961	2
9	114100001	0.9809	1.06961	2
9	114150001	0.988527	1.06961	2
9	114200001	1.2211	1.06961	2
9	114250001	1.12388	1.06961	2
9	114300001	1.12111	1.06961	2
9	114350001	1.20115	1.06961	2
9	114400001	0.973984	1.06961	2
9	114450001	0.87583	1.06961	2
9	114500001	1.65549	1.06961	2
9	114550001	1.08267	1.06961	2
9	114600001	0.962146	1.06961	2
9	114650001	0.992322	1.06961	2
9	114700001	0.826966	1.06961	2
9	114750001	0.942133	1.06961	2
9	114800001	1.18571	1.06961	2
9	114850001	1.39052	1.06961	2
9	114900001	1.13822	1.06961	2
9	114950001	1.01579	1.06961	2
9	115000001	0.987889	1.06961	2
9	115050001	1.01699	1.06961	2
9	115100001	1.2454	1.06961	2
9	115150001	1.2025	1.06961	2
9	115200001	1.18752	1.06961	2
9	115250001	1.15041	1.06961	2
9	115300001	1.31819	1.06961	2
9	115350001	1.28083	1.06961	2
9	115400001	0.939994	1.06961	2
9	115450001	1.19135	1.06961	2
9	115500001	1.08234	1.06961	2
9	115550001	1.45815	1.06961	2
9	115600001	0.866384	1.06961	2
9	115650001	1.13666	1.06961	2
9	115700001	1.13007	1.06961	2
9	115750001	1.06569	1.06961	2
9	115800001	0.908897	1.06961	2
9	115850001	0.606105	1.06961	2
9	115900001	1.35199	1.06961	2
9	115950001	1.18051	1.06961	2
9	116000001	1.08951	1.06961	2
9	116050001	1.54484	1.06961	2
9	116100001	0.892267	1.06961	2
9	116150001	1.21013	1.06961	2
9	116200001	0.885508	1.06961	2
9	116250001	0.887408	1.06961	2
9	116300001	0.746996	1.06961	2
9	116350001	0.632297	1.06961	2
9	116400001	0.841536	1.06961	2
9	116450001	1.49439	1.06961	2
9	116500001	1.13072	1.06961	2
9	116550001	1.13779	1.06961	2
9	116600001	1.04017	1.06961	2
9	116650001	1.04779	1.06961	2
9	116700001	1.01971	1.06961	2
9	116750001	0.777094	1.06961	2
9	116800001	0.872221	1.06961	2
9	116850001	0.789862	1.06961	2
9	116900001	0.755444	1.06961	2
9	116950001	0.923461	1.06961	2
9	117000001	0.651941	1.06961	2
9	117050001	0.723774	1.06961	2
9	117100001	0.807241	1.06961	2
9	117150001	0.890556	1.06961	2
9	117200001	1.05768	1.06961	2
9	117250001	1.20682	1.06961	2
9	117300001	1.18012	1.06961	2
9	117350001	1.09927	1.06961	2
9	117400001	0.9977	1.06961	2
9	117450001	1.22183	1.06961	2
9	117500001	1.20894	1.06961	2
9	117550001	1.00427	1.06961	2
9	117600001	1.3199	1.06961	2
9	117650001	1.33844	1.06961	2
9	117700001	0.832811	1.06961	2
9	117750001	1.37045	1.06961	2
9	117800001	1.04326	1.06961	2
9	117850001	1.52765	1.06961	2
9	117900001	1.09124	1.06961	2
9	117950001	1.13175	1.06961	2
9	118000001	1.15972	1.06961	2
9	118050001	1.26704	1.06961	2
9	118100001	1.16916	1.06961	2
9	118150001	1.41748	1.06961	2
9	118200001	1.06962	1.06961	2
9	118250001	1.21011	1.06961	2
9	118300001	1.14354	1.06961	2
9	118350001	1.07539	1.06961	2
9	118400001	0.995208	1.06961	2
9	118450001	1.46476	1.06961	2
9	118500001	0.967485	1.06961	2
9	118550001	1.0789	1.06961	2
9	118600001	1.10925	1.06961	2
9	118650001	1.13445	1.06961	2
9	118700001	0.893206	1.06961	2
9	118750001	1.07079	1.06961	2
9	118800001	1.0643	1.06961	2
9	118850001	1.38086	1.06961	2
9	118900001	1.02904	1.06961	2
9	118950001	0.895323	1.06961	2
9	119000001	0.866253	1.06961	2
9	119050001	0.886014	1.06961	2
9	119100001	1.14116	1.06961	2
9	119150001	0.70306	1.06961	2
9	119200001	1.14976	1.06961	2
9	119250001	1.14057	1.06961	2
9	119300001	0.910537	1.06961	2
9	119350001	1.14439	1.06961	2
9	119400001	1.11676	1.06961	2
9	119450001	1.04732	1.06961	2
9	119500001	0.974649	1.06961	2
9	119550001	1.05049	1.06961	2
9	119600001	1.25732	1.06961	2
9	119650001	1.05685	1.06961	2
9	119700001	1.10338	1.06961	2
9	119750001	1.18975	1.06961	2
9	119800001	0.920151	1.06961	2
9	119850001	0.935926	1.06961	2
9	119900001	1.21384	1.06961	2
9	119950001	1.14597	1.06961	2
9	120000001	0.998716	1.06961	2
9	120050001	1.37745	1.06961	2
9	120100001	1.21403	1.06961	2
9	120150001	0.994989	1.06961	2
9	120200001	0.949141	1.06961	2
9	120250001	1.26633	1.06961	2
9	120300001	1.26103	1.06961	2
9	120350001	1.10251	1.06961	2
9	120400001	1.1674	1.06961	2
9	120450001	1.43967	1.06961	2
9	120500001	1.13663	1.06961	2
9	120550001	1.16488	1.06961	2
9	120600001	1.05032	1.06961	2
9	120650001	1.04368	1.06961	2
9	120700001	1.07787	1.06961	2
9	120750001	1.25522	1.06961	2
9	120800001	0.977544	1.06961	2
9	120850001	1.02733	1.06961	2
9	120900001	1.13347	1.06961	2
9	120950001	1.01183	1.06961	2
9	121000001	1.11088	1.06961	2
9	121050001	1.53375	1.06961	2
9	121100001	1.2461	1.06961	2
9	121150001	0.57438	1.06961	2
9	121200001	1.38914	1.06961	2
9	121250001	0.926347	1.06961	2
9	121300001	0.776108	1.06961	2
9	121350001	1.31753	1.06961	2
9	121400001	1.18353	1.06961	2
9	121450001	0.971868	1.06961	2
9	121500001	0.801941	1.06961	2
9	121550001	1.18633	1.06961	2
9	121600001	0.998514	1.06961	2
9	121650001	1.00799	1.06961	2
9	121700001	0.876357	1.06961	2
9	121750001	0.804511	1.06961	2
9	121800001	1.0726	1.06961	2
9	121850001	0.709364	1.06961	2
9	121900001	0.719232	1.06961	2
9	121950001	1.03433	1.06961	2
9	122000001	0.881067	1.06961	2
9	122050001	1.16962	1.06961	2
9	122100001	0.957908	1.06961	2
9	122150001	0.987792	1.06961	2
9	122200001	1.02533	1.06961	2
9	122250001	0.872063	1.06961	2
9	122300001	0.979809	1.06961	2
9	122350001	0.938876	1.06961	2
9	122400001	1.01444	1.06961	2
9	122450001	1.07024	1.06961	2
9	122500001	0.957768	1.06961	2
9	122550001	0.934543	1.06961	2
9	122600001	1.1905	1.06961	2
9	122650001	1.08097	1.06961	2
9	122700001	1.11781	1.06961	2
9	122750001	1.00515	1.06961	2
9	122800001	1.03045	1.06961	2
9	122850001	0.793858	1.06961	2
9	122900001	1.25443	1.06961	2
9	122950001	0.934277	1.06961	2
9	123000001	1.313	1.06961	2
9	123050001	0.878729	1.06961	2
9	123100001	1.02604	1.06961	2
9	123150001	0.929811	1.06961	2
9	123200001	0.722745	1.06961	2
9	123250001	0.869548	1.06961	2
9	123300001	1.24818	1.06961	2
9	123350001	1.30126	1.06961	2
9	123400001	1.46611	1.06961	2
9	123450001	1.22862	1.06961	2
9	123500001	1.31396	1.06961	2
9	123550001	1.49584	1.06961	2
9	123600001	0.99226	1.06961	2
9	123650001	1.21503	1.06961	2
9	123700001	1.11139	1.06961	2
9	123750001	1.15247	1.06961	2
9	123800001	1.14988	1.06961	2
9	123850001	1.31202	1.06961	2
9	123900001	1.07076	1.06961	2
9	123950001	1.0578	1.06961	2
9	124000001	0.699254	1.06961	2
9	124050001	0.882908	1.06961	2
9	124100001	0.968501	1.06961	2
9	124150001	1.01971	1.06961	2
9	124200001	0.754751	1.06961	2
9	124250001	0.830127	1.06961	2
9	124300001	0.755259	1.06961	2
9	124350001	0.694321	1.06961	2
9	124400001	0.727257	1.06961	2
9	124450001	0.903025	1.06961	2
9	124500001	0.48974	1.06961	2
9	124550001	0.674239	1.06961	2
9	124600001	0.900522	1.06961	2
9	124650001	1.02527	1.06961	2
9	124700001	1.41513	1.06961	2
9	124750001	0.98219	1.06961	2
9	124800001	1.46477	1.06961	2
9	124850001	0.644395	1.06961	2
9	124900001	1.26673	1.06961	2
9	124950001	0.828201	1.06961	2
9	125000001	1.11746	1.06961	2
9	125050001	0.805938	1.06961	2
9	125100001	0.662815	1.06961	2
9	125150001	1.2352	1.06961	2
9	125200001	1.39042	1.06961	2
9	125250001	1.10897	1.06961	2
9	125300001	1.17023	1.06961	2
9	125350001	0.938541	1.06961	2
9	125400001	1.43121	1.06961	2
9	125450001	1.2353	1.06961	2
9	125500001	1.18358	1.06961	2
9	125550001	1.09278	1.06961	2
9	125600001	0.777547	1.06961	2
9	125650001	0.996057	1.06961	2
9	125700001	1.24677	1.06961	2
9	125750001	1.38306	1.06961	2
9	125800001	1.33913	1.06961	2
9	125850001	1.1233	1.06961	2
9	125900001	1.22856	1.06961	2
9	125950001	1.31751	1.06961	2
9	126000001	1.12857	1.06961	2
9	126050001	1.00605	1.06961	2
9	126100001	0.81421	1.06961	2
9	126150001	0.804451	1.06961	2
9	126200001	0.849807	1.06961	2
9	126250001	1.60544	1.06961	2
9	126300001	1.0825	1.06961	2
9	126350001	0.966563	1.06961	2
9	126400001	1.00441	1.06961	2
9	126450001	1.16513	1.06961	2
9	126500001	1.16726	1.06961	2
9	126550001	1.23343	1.06961	2
9	126600001	1.1561	1.06961	2
9	126650001	0.978128	1.06961	2
9	126700001	0.876016	1.06961	2
9	126750001	0.776182	1.06961	2
9	126800001	0.780323	1.06961	2
9	126850001	1.06346	1.06961	2
9	126900001	0.997624	1.06961	2
9	126950001	0.862431	1.06961	2
9	127000001	0.655816	1.06961	2
9	127050001	0.517165	1.06961	2
9	127100001	0.859298	1.06961	2
9	127150001	1.00576	1.06961	2
9	127200001	0.676718	1.06961	2
9	127250001	0.593816	1.06961	2
9	127300001	1.0809	1.06961	2
9	127350001	0.839865	1.06961	2
9	127400001	1.08441	1.06961	2
9	127450001	1.23062	1.06961	2
9	127500001	1.10321	1.06961	2
9	127550001	1.00438	1.06961	2
9	127600001	0.704609	1.06961	2
9	127650001	1.00957	1.06961	2
9	127700001	1.04951	1.06961	2
9	127750001	0.861609	1.06961	2
9	127800001	0.908511	1.06961	2
9	127850001	1.0901	1.06961	2
9	127900001	1.18942	1.06961	2
9	127950001	1.04581	1.06961	2
9	128000001	1.21896	1.06961	2
9	128050001	0.936264	1.06961	2
9	128100001	0.968818	1.06961	2
9	128150001	0.652164	1.06961	2
9	128200001	1.01773	1.06961	2
9	128250001	1.10174	1.06961	2
9	128300001	1.18425	1.06961	2
9	128350001	0.803806	1.06961	2
9	128400001	1.71412	1.06961	2
9	128450001	1.35021	1.06961	2
9	128500001	1.18354	1.06961	2
9	128550001	1.39459	1.06961	2
9	128600001	1.22642	1.06961	2
9	128650001	1.32727	1.06961	2
9	128700001	0.871143	1.06961	2
9	128750001	0.833295	1.06961	2
9	128800001	0.968432	1.06961	2
9	128850001	0.903113	1.06961	2
9	128900001	0.831232	1.06961	2
9	128950001	1.03363	1.06961	2
9	129000001	1.36951	1.06961	2
9	129050001	1.03396	1.06961	2
9	129100001	1.3435	1.06961	2
9	129150001	0.884111	1.06961	2
9	129200001	0.668622	1.06961	2
9	129250001	0.92418	1.06961	2
9	129300001	1.0342	1.06961	2
9	129350001	0.736372	1.06961	2
9	129400001	0.636954	1.06961	2
9	129450001	0.914569	1.06961	2
9	129500001	1.32624	1.06961	2
9	129550001	1.41501	1.06961	2
9	129600001	1.15294	1.06961	2
9	129650001	1.18859	1.06961	2
9	129700001	1.47268	1.06961	2
9	129750001	1.22248	1.06961	2
9	129800001	1.09345	1.06961	2
9	129850001	0.829674	1.06961	2
9	129900001	1.16534	1.06961	2
9	129950001	1.0024	1.06961	2
9	130000001	1.45857	1.06961	2
9	130050001	1.48916	1.06961	2
9	130100001	1.52841	1.06961	2
9	130150001	1.07356	1.06961	2
9	130200001	1.13299	1.06961	2
9	130250001	0.588164	0.841612	2
9	130300001	0.711049	0.841612	2
9	130350001	0.863549	0.841612	2
9	130400001	1.00053	0.841612	2
9	130450001	0.745617	0.841612	2
9	130500001	1.03424	0.841612	2
9	130550001	0.633133	0.841612	2
9	130600001	0.839655	0.841612	2
9	130650001	0.417311	0.841612	2
9	130700001	0.8161	0.841612	2
9	130750001	0.795112	0.841612	2
9	130800001	1.33886	0.841612	2
9	130850001	1.05148	0.841612	2
9	130900001	0.610233	0.841612	2
9	130950001	0.879865	0.841612	2
9	131000001	0.965373	0.841612	2
9	131050001	0.950977	0.841612	2
9	131100001	0.852915	0.841612	2
9	131150001	0.725039	0.841612	2
9	131200001	1.01378	0.841612	2
9	131250001	1.15598	0.841612	2
9	131300001	0.954736	0.841612	2
9	131350001	1.35947	0.841612	2
9	131400001	1.24612	0.841612	2
9	131450001	1.07751	0.841612	2
9	131500001	1.0013	0.841612	2
9	131550001	0.50003	0.841612	2
9	131600001	1.00402	0.841612	2
9	131650001	0.965895	0.841612	2
9	131700001	0.651461	0.841612	2
9	131750001	0.651408	0.841612	2
9	131800001	0.593785	0.841612	2
9	131850001	0.691253	0.841612	2
9	131900001	0.503008	0.841612	2
9	131950001	0.998324	0.841612	2
9	132000001	0.904489	0.841612	2
9	132050001	0.679074	0.841612	2
9	132100001	-1	0.841612	2
9	132150001	-1	0.841612	2
9	132200001	-1	0.841612	2
9	132250001	1.36414	0.841612	2
9	132300001	1.30758	0.841612	2
9	132350001	0.861011	0.841612	2
9	132400001	0.497575	0.841612	2
9	132450001	0.775964	0.841612	2
9	132500001	0.973809	0.841612	2
9	132550001	0.848737	0.841612	2
9	132600001	0.718261	0.841612	2
9	132650001	0.941049	0.841612	2
9	132700001	1.0442	0.841612	2
9	132750001	1.98338	0.841612	2
9	132800001	0.94748	0.841612	2
9	132850001	0.956569	0.841612	2
9	132900001	0.591291	0.841612	2
9	132950001	0.684362	0.841612	2
9	133000001	0.698564	0.841612	2
9	133050001	0.325708	0.841612	2
9	133100001	0	0.841612	2
9	133150001	0	0.841612	2
9	133200001	0.435928	0.841612	2
9	133250001	0.8328	0.841612	2
9	133300001	0.70647	0.841612	2
9	133350001	0.98416	0.841612	2
9	133400001	0.87244	0.841612	2
9	133450001	0.915635	0.841612	2
9	133500001	0.634773	0.841612	2
9	133550001	1.1142	0.841612	2
9	133600001	1.16612	0.841612	2
9	133650001	1.00015	0.841612	2
9	133700001	1.03251	0.841612	2
9	133750001	0.421497	0.841612	2
9	133800001	0.576819	0.841612	2
9	133850001	0.721388	0.841612	2
9	133900001	0.40244	0.841612	2
9	133950001	0.556921	0.841612	2
9	134000001	0.68011	0.841612	2
9	134050001	1.29033	0.841612	2
9	134100001	0.691841	0.841612	2
9	134150001	0.388481	0.841612	2
9	134200001	0.747007	0.841612	2
9	134250001	0.762287	0.841612	2
9	134300001	0.977373	0.841612	2
9	134350001	0.697636	0.841612	2
9	134400001	0.965682	0.841612	2
9	134450001	0.841612	0.841612	2
9	134500001	0.795234	0.841612	2
9	134550001	1.11257	0.841612	2
9	134600001	0.907977	0.841612	2
9	134650001	0.851182	0.841612	2
9	134700001	0.664977	0.841612	2
9	134750001	1.02472	1.05943	2
9	134800001	1.0547	1.05943	2
9	134850001	1.04766	1.05943	2
9	134900001	1.40378	1.05943	2
9	134950001	1.46401	1.05943	2
9	135000001	0.830365	1.05943	2
9	135050001	0.904024	1.05943	2
9	135100001	0.605805	1.05943	2
9	135150001	1.16659	1.05943	2
9	135200001	1.01427	1.05943	2
9	135250001	1.54964	1.05943	2
9	135300001	1.45394	1.05943	2
9	135350001	1.11514	1.05943	2
9	135400001	1.88887	1.05943	2
9	135450001	0.941992	1.05943	2
9	135500001	1.42612	1.05943	2
9	135550001	1.2118	1.05943	2
9	135600001	0.899908	1.05943	2
9	135650001	1.44299	1.05943	2
9	135700001	1.50903	1.05943	2
9	135750001	1.06415	1.05943	2
9	135800001	1.73399	1.05943	2
9	135850001	0.903297	1.05943	2
9	135900001	0.931795	1.05943	2
9	135950001	0.631424	1.05943	2
9	136000001	-1	1.05943	2
9	136050001	-1	1.05943	2
9	136100001	-1	1.05943	2
9	136150001	-1	1.05943	2
9	136200001	-1	1.05943	2
9	136250001	0.62022	1.05943	2
9	136300001	0.470076	1.05943	2
9	136350001	0.947818	1.05943	2
9	136400001	2.02233	1.05943	2
9	136450001	1.65049	1.05943	2
9	136500001	0.792951	0.595223	1
9	136550001	0.697523	0.595223	1
9	136600001	0.516702	0.595223	1
9	136650001	0.460817	0.595223	1
9	136700001	0.673298	0.595223	1
9	136750001	0.863565	0.595223	1
9	136800001	0.39175	0.595223	1
9	136850001	0.850712	0.595223	1
9	136900001	0.646914	0.595223	1
9	136950001	0.812386	0.595223	1
9	137000001	0.48093	0.595223	1
9	137050001	0.224752	0.595223	1
9	137100001	0.593821	0.595223	1
9	137150001	0.543123	0.595223	1
9	137200001	0.394252	0.595223	1
9	137250001	0.102002	0.595223	1
9	137300001	0.319623	0.595223	1
9	137350001	0.595223	0.595223	1
9	137400001	1.19897	0.595223	1
9	137450001	0.936982	0.595223	1
9	137500001	0.876384	0.595223	1
9	137550001	0.671219	0.595223	1
9	137600001	0.456859	0.595223	1
9	137650001	0.492751	0.595223	1
9	137700001	1.0753	0.595223	1
9	137750001	3.05727	3.05727	6
9	137800001	1.18909	0.754108	2
9	137850001	0.754108	0.754108	2
9	137900001	0.642984	0.754108	2
9	137950001	0.92627	0.754108	2
9	138000001	0.884776	0.754108	2
9	138050001	0.714511	0.754108	2
9	138100001	1.39114	0.754108	2
9	138150001	0.696094	0.754108	2
9	138200001	1.19598	0.754108	2
9	138250001	0.650254	0.754108	2
9	138300001	-1	0.754108	2
9	138350001	0	0.754108	2
9	138400001	0.838724	0.754108	2
9	138450001	0.654827	0.754108	2
9	138500001	3.63201	3.63201	7
9	138550001	0.721643	0.949091	2
9	138600001	0.90236	0.949091	2
9	138650001	0.60279	0.949091	2
9	138700001	1.78883	0.949091	2
9	138750001	0.995822	0.949091	2
9	138800001	0.878325	0.949091	2
9	138850001	0.782843	0.949091	2
9	138900001	0.406826	0.949091	2
9	138950001	1.89395	0.949091	2
9	139000001	2.60853	0.949091	2
9	139050001	1.14738	0.949091	2
9	139100001	0.559931	0.949091	2
9	139150001	1.7304	0.949091	2
9	139200001	1.02471	0.949091	2
9	139250001	0.339501	0.363592	1
9	139300001	0.913869	0.363592	1
9	139350001	0.412151	0.363592	1
9	139400001	0.227736	0.363592	1
9	139450001	0.639592	0.363592	1
9	139500001	0.5822	0.363592	1
9	139550001	0.315153	0.363592	1
9	139600001	0.399847	0.363592	1
9	139650001	0.869548	0.363592	1
9	139700001	0.219355	0.363592	1
9	139750001	0.701957	0.363592	1
9	139800001	0.360911	0.363592	1
9	139850001	0.363592	0.363592	1
9	139900001	0.0591579	0.363592	1
9	139950001	0.502516	0.363592	1
9	140000001	0.315957	0.363592	1
9	140050001	0.187915	0.363592	1
9	140100001	0.206207	0.363592	1
9	140150001	0.34875	0.363592	1
9	140200001	0.613324	0.363592	1
9	140250001	0.421397	0.363592	1
9	140300001	-1	-1	1
9	140350001	-1	-1	1
9	140400001	-1	-1	1
9	140450001	-1	-1	1
9	140500001	-1	-1	1
9	140550001	-1	-1	1
9	140600001	-1	-1	1
9	140650001	-1	-1	1
9	140700001	-1	-1	1
9	140750001	-1	-1	1
9	140800001	-1	-1	1
9	140850001	-1	-1	1
9	140900001	-1	-1	1
9	140950001	-1	-1	1
9	141000001	-1	-1	1
9	141050001	-1	-1	1
9	141100001	-1	-1	1
9	141150001	-1	-1	1
9	141200001	-1	-1	1
